Particle,x,y,z,Vx,Vy,Vz
39210,0.00027400000000000005,-0.002049,-0.067301,0.0,0.0,0.0
41006,-0.009267,-0.0028599999999999997,-0.068013,0.0,0.0,0.0
36785,0.002306,-0.010151,-0.066369,0.0,0.0,0.0
40526,-0.00297,-0.0034879999999999998,-0.064896,0.0,0.0,0.0
33562,-0.000221,0.005025,-0.067035,0.0,0.0,0.0
41124,-0.008281,0.0032930000000000004,-0.06517700000000001,0.0,0.0,0.0
36008,0.004671000000000001,0.003384,-0.072083,0.0,0.0,0.0
41446,-0.015889,-0.009885,-0.073104,0.0,0.0,0.0
41926,0.004508,-0.00181,-0.064584,0.0,0.0,0.0
41348,-0.010414999999999999,0.0004,-0.06431300000000001,0.0,0.0,0.0
41928,-0.005473,-0.005857,-0.062127,0.0,0.0,0.0
32995,-0.009231,0.00594,-0.073756,0.0,0.0,0.0
39713,0.008506,0.004471,-0.070899,0.0,0.0,0.0
41139,0.005831,0.008329000000000001,-0.069481,0.0,0.0,0.0
41938,0.00132,-0.01145,-0.06284300000000001,0.0,0.0,0.0
41674,-0.000639,-0.010603,-0.06495699999999999,0.0,0.0,0.0
42028,-0.013779999999999999,-0.005764,-0.067488,0.0,0.0,0.0
41744,0.0050880000000000005,0.004397,-0.060685,0.0,0.0,0.0
39522,-0.002153,0.008376,-0.062278,0.0,0.0,0.0
41051,-0.010771000000000001,-0.008741,-0.075907,0.0,0.0,0.0
40201,0.0054269999999999995,0.002742,-0.075906,0.0,0.0,0.0
39221,0.01431,-0.003833,-0.066748,0.0,0.0,0.0
42036,-0.003637,-0.008976000000000001,-0.06033,0.0,0.0,0.0
34527,0.006158,-0.011587,-0.070173,0.0,0.0,0.0
41400,-0.006612,-0.008211,-0.064376,0.0,0.0,0.0
41998,0.008208,0.011590999999999999,-0.061468,0.0,0.0,0.0
41630,0.014535,0.008777,-0.07443999999999999,0.0,0.0,0.0
41912,-0.001424,-0.003634,-0.065,0.0,0.0,0.0
41625,0.011455,0.008432,-0.06278199999999999,0.0,0.0,0.0
41111,0.0022040000000000002,0.012409,-0.061572,0.0,0.0,0.0
41017,-0.006295,0.005354,-0.060998,0.0,0.0,0.0
36253,-0.006499,-0.011791000000000001,-0.069623,0.0,0.0,0.0
42013,-0.006993,-0.010499000000000001,-0.059578000000000006,0.0,0.0,0.0
42005,-0.008291,-0.012785,-0.06601699999999999,0.0,0.0,0.0
41980,-0.004568,-0.010971,-0.06736199999999999,0.0,0.0,0.0
16139,0.001571,0.012357,-0.065991,0.0,0.0,0.0
41984,-0.002837,0.007486,-0.061764,0.0,0.0,0.0
42077,0.000894,0.010047,-0.069778,0.0,0.0,0.0
39968,0.012824,-0.001526,-0.06350399999999999,0.0,0.0,0.0
41342,-0.004097000000000001,-0.01008,-0.071947,0.0,0.0,0.0
41432,-0.014331,-0.007150999999999999,-0.07528499999999999,0.0,0.0,0.0
41334,-0.004952,-0.002047,-0.06964000000000001,0.0,0.0,0.0
41036,0.012232,0.01106,-0.0621,0.0,0.0,0.0
38058,0.0061909999999999995,0.007384,-0.07470600000000001,0.0,0.0,0.0
41384,0.001782,0.004032,-0.07765999999999999,0.0,0.0,0.0
41346,-0.002478,-0.005288999999999999,-0.066531,0.0,0.0,0.0
42129,0.015498,-0.003654,-0.062483,0.0,0.0,0.0
41589,0.016919,-0.002213,-0.064773,0.0,0.0,0.0
41941,0.015602,0.008191,-0.065999,0.0,0.0,0.0
42033,-0.01284,-0.000777,-0.071535,0.0,0.0,0.0
38331,0.014063,-0.006791,-0.066322,0.0,0.0,0.0
41178,0.001236,0.005319,-0.075423,0.0,0.0,0.0
34940,-0.009301,0.0013830000000000001,-0.073997,0.0,0.0,0.0
41891,0.005847000000000001,-0.001564,-0.071503,0.0,0.0,0.0
41356,0.010493,0.007803,-0.071415,0.0,0.0,0.0
41697,0.008122,0.001911,-0.075185,0.0,0.0,0.0
42131,-0.002337,0.004528,-0.06756100000000001,0.0,0.0,0.0
42166,-0.003964,0.005333999999999999,-0.062339,0.0,0.0,0.0
35901,0.009163000000000001,0.001081,-0.073774,0.0,0.0,0.0
36482,0.012306,-4.7e-05,-0.067949,0.0,0.0,0.0
30409,0.012876,-0.005407,-0.071586,0.0,0.0,0.0
39926,-0.000147,0.005187000000000001,-0.065782,0.0,0.0,0.0
41746,0.005628,0.006215,-0.058033,0.0,0.0,0.0
40153,-0.013219,-0.009042999999999999,-0.067884,0.0,0.0,0.0
40137,-0.008683,-0.005314,-0.068047,0.0,0.0,0.0
41011,-0.009417,-0.003569,-0.06729500000000001,0.0,0.0,0.0
33852,0.010537000000000001,-0.000558,-0.07362199999999999,0.0,0.0,0.0
35929,0.018661,-0.005269,-0.06983700000000001,0.0,0.0,0.0
42012,-0.008349,-0.00164,-0.059878999999999995,0.0,0.0,0.0
39197,0.007911,-0.010115,-0.07590300000000001,0.0,0.0,0.0
41583,-8.999999999999999e-05,-0.009970000000000001,-0.07592600000000001,0.0,0.0,0.0
42068,-0.010891999999999999,0.0044859999999999995,-0.063136,0.0,0.0,0.0
42080,-0.0065190000000000005,0.0006680000000000001,-0.062068,0.0,0.0,0.0
42112,0.007829,-0.0024500000000000004,-0.078974,0.0,0.0,0.0
38861,0.003314,0.002339,-0.074896,0.0,0.0,0.0
39008,-0.013888,0.013233,-0.064805,0.0,0.0,0.0
41663,0.0071849999999999995,-0.010045,-0.066508,0.0,0.0,0.0
41710,0.014556,-0.0017800000000000001,-0.074724,0.0,0.0,0.0
41646,0.001435,0.008712,-0.056428,0.0,0.0,0.0
37603,0.002698,0.012955,-0.071998,0.0,0.0,0.0
39660,0.013113,-0.00032,-0.06440900000000001,0.0,0.0,0.0
41002,-0.004307,-0.003588,-0.071221,2.0000000000002655e-06,5.199999999999996e-05,-0.00033299999999999996
39837,0.005429000000000001,0.01025,-0.064723,5.5999999999999626e-05,0.00015300000000000036,1.8000000000004124e-05
40245,0.002198,0.000514,-0.06915,0.00016100000000000012,2.4999999999999957e-05,-0.00027199999999999447
40475,-0.003326,0.008230000000000001,-0.06794700000000001,-1.9999999999998318e-06,0.00017,4.000000000001225e-05
32309,0.007364,-0.007156,-0.069161,0.00021199999999999952,0.00015499999999999976,-0.0002480000000000121
41952,-0.010896000000000001,-0.0023889999999999996,-0.06605899999999999,0.00012000000000000205,0.0002989999999999998,-0.00043999999999999595
39829,-0.00331,-0.002949,-0.07387600000000001,-2.0000000000000052e-05,0.00020699999999999972,1.6000000000016e-05
41401,0.007809,0.00022600000000000002,-0.060813,5.699999999999976e-05,0.00014799999999999997,-5.2999999999997494e-05
42283,0.011422,0.006208,-0.07179,3.200000000000078e-05,-1.7999999999999787e-05,-9.199999999999486e-05
41924,-0.010527,0.007528,-0.068748,0.000194999999999999,0.0004880000000000006,8.999999999995123e-06
42256,0.002333,-0.009414,-0.06944499999999999,0.00027400000000000037,7.400000000000115e-05,-2.5000000000011124e-05
42023,-0.014496,0.0063739999999999995,-0.07698300000000001,-0.0002009999999999998,0.00016400000000000095,-4.099999999998549e-05
40744,0.0074800000000000005,0.003634,-0.061606,0.0001269999999999995,0.00021300000000000008,-1.000000000001e-06
40886,0.003945,-0.001917,-0.071175,0.0002660000000000006,0.000201,-0.00015500000000000236
41380,-0.002621,0.012867000000000002,-0.06792000000000001,-4.0000000000000105e-05,0.00016099999999999795,3.900000000001125e-05
41070,-0.012776999999999998,-0.005969,-0.06777,3.099999999999804e-05,2.8000000000000247e-05,-0.00025899999999999535
41025,-0.012835000000000001,0.0027010000000000003,-0.069782,1.1999999999999858e-05,0.0003749999999999999,-0.00026299999999999935
42227,0.0028,-0.004543999999999999,-0.075836,9.599999999999973e-05,0.00011199999999999925,0.0001350000000000101
42030,-0.007373,0.003662,-0.07546699999999999,5.799999999999989e-05,0.0001250000000000001,-0.00014300000000000423
42271,-0.00901,-0.011907,-0.074469,1.6999999999999654e-05,0.00011899999999999931,-0.0002420000000000061
41992,-0.005174000000000001,0.0054210000000000005,-0.06531,-7.499999999999868e-05,0.00018599999999999953,3.700000000000925e-05
33245,0.010728999999999999,0.0024980000000000002,-0.072995,9.400000000000207e-05,5.499999999999993e-05,-8.900000000000574e-05
42182,-0.012697,-0.011538999999999999,-0.067839,1.899999999999992e-05,2.6999999999999247e-05,-0.00021699999999999497
41870,0.00492,-0.010766,-0.070786,0.00010600000000000019,3.299999999999831e-05,-0.00026600000000000235
42415,-0.002104,-0.008805,-0.06763899999999999,4.300000000000007e-05,0.00016000000000000042,-3.0000000000030003e-06
41942,0.010648,0.00464,-0.062329,0.00010899999999999972,0.00020300000000000006,-4.499999999999643e-05
42411,-0.006762,-0.005516,-0.07,6.499999999999995e-05,0.00014200000000000063,-5.9999999999990616e-05
42199,-7.5e-05,-0.009297000000000001,-0.064638,0.000239,5.7000000000001494e-05,-1.7000000000003124e-05
40870,0.005142000000000001,-0.002213,-0.068631,0.0002449999999999987,0.00023499999999999997,-0.00013299999999999423
36181,-0.001667,0.012781,-0.064791,-3.4999999999999875e-05,0.00018299999999999914,5.2999999999997494e-05
40789,0.009457,-0.01148,-0.063969,0.00016500000000000022,3.500000000000031e-05,-0.00027900000000000147
42263,-0.015390000000000001,0.003139,-0.07659099999999999,-0.00019799999999999852,0.00011000000000000029,-0.00020700000000001273
41324,-0.001213,-0.00046100000000000004,-0.069552,4.2000000000000154e-05,0.00020900000000000004,-0.00033600000000000296
40708,-0.006784,-0.007487,-0.068461,2.0000000000000052e-05,0.00017700000000000007,-0.00014400000000000523
41731,-0.0062699999999999995,-0.01287,-0.06804900000000001,0.00024499999999999956,-4.999999999999796e-06,-6.999999999998674e-05
41907,-0.003209,0.010509000000000001,-0.06117,-0.00020300000000000006,0.00012999999999999817,0.00028500000000000747
41708,-0.008276,0.007044,-0.062337000000000004,-8.900000000000054e-05,0.00021700000000000018,-0.00013399999999999523
41636,-0.006883,0.00713,-0.060587,-6.700000000000022e-05,0.00013100000000000004,4.799999999999943e-05
41925,0.010134,0.000772,-0.061539,1.4999999999997654e-05,0.00020700000000000004,-2.3999999999996247e-05
39251,0.004836,0.008098000000000001,-0.07753499999999999,9.699999999999986e-05,0.00012799999999999964,-0.0001350000000000101
42107,0.015279,0.007972,-0.061700000000000005,7.300000000000188e-05,0.000390999999999999,-0.00010299999999999199
40420,-0.015766,0.009348,-0.073427,-0.00013300000000000117,8.599999999999927e-05,-9.899999999998799e-05
41394,-0.012091,-0.0029300000000000003,-0.07186100000000001,0.0003539999999999984,0.00016600000000000035,-9.899999999998799e-05
41945,0.013738,0.0057480000000000005,-0.061829,-1.4999999999999389e-05,0.000194999999999999,-6.499999999999562e-05
42422,-0.013303,-0.009223,-0.068455,0.00014800000000000056,0.0002500000000000002,-0.00021300000000000485
42405,-0.004149,0.012558999999999999,-0.06479900000000001,3.500000000000031e-05,3.500000000000031e-05,0.00014700000000000824
41944,0.00393,0.003251,-0.060212,0.00025499999999999915,0.00015399999999999962,-0.00013900000000000023
41631,0.009005,-0.0041470000000000005,-0.07599299999999999,0.00017299999999999954,8.5e-05,-0.00018000000000001348
41588,-0.003954,0.008532,-0.067405,-1.0999999999999725e-05,0.00017,0.0001300000000000051
38319,0.015899,0.009381,-0.074237,0.00010899999999999799,0.00010500000000000093,-0.0003539999999999932
41365,0.012904,0.007423,-0.07082,0.00010800000000000046,-0.00020399999999999932,-0.00039200000000000346
42010,-0.002039,0.011381,-0.078182,-1.0000000000000026e-05,0.00020999999999999838,-3.600000000000825e-05
35693,0.011632,-0.002545,-0.069919,4.999999999999796e-06,0.00015099999999999966,3.0000000000002247e-05
42223,-0.004382,-0.0038740000000000003,-0.064636,0.0002939999999999991,0.00011400000000000039,-0.0004090000000000066
42235,-0.013135999999999998,0.005051,-0.068649,9.99999999999994e-05,0.00046699999999999953,-0.0002420000000000061
42236,0.013245,0.011964,-0.06356,0.000168999999999999,0.00024000000000000063,-0.00015199999999999936
42237,-0.004690000000000001,0.009382999999999999,-0.063319,-0.00016099999999999969,0.00015400000000000136,0.0001759999999999956
41813,-0.016120000000000002,0.002214,-0.072215,3.500000000000031e-05,0.00032200000000000024,-6.799999999999862e-05
38297,-0.006019999999999999,-0.0026509999999999997,-0.07539,0.00013799999999999923,0.00029799999999999965,-0.00015600000000000336
25418,0.0018620000000000002,0.013381,-0.063735,9.099999999999994e-05,0.00015399999999999962,0.00032400000000000484
41921,0.003089,0.002633,-0.06791,0.00022000000000000014,0.000294,4.200000000000037e-05
42065,-0.008424,-0.0019850000000000002,-0.064619,0.00011099999999999825,0.00019500000000000008,-0.00040300000000001446
42310,0.016499,0.009497,-0.072957,0.0001270000000000021,0.00013300000000000117,3.9999999999901226e-06
40534,-0.0010229999999999998,0.002383,-0.072145,8.199999999999982e-05,0.00038099999999999983,1.2000000000012001e-05
40955,0.004598,-0.00211,-0.07171999999999999,0.0001860000000000004,0.00021199999999999995,-3.800000000001025e-05
42362,-0.0020659999999999997,0.009405,-0.076762,3.0999999999999344e-05,0.0001460000000000003,-0.00019800000000000373
40181,-0.013018,0.011164,-0.068162,-0.00011799999999999831,0.0003749999999999986,0.00024399999999999422
42143,-0.011071999999999999,0.010048999999999999,-0.071748,5.199999999999823e-05,0.00019900000000000126,3.800000000001025e-05
40461,-0.004006,-0.008301,-0.069375,5.999999999999929e-06,-1.9000000000001654e-05,-6.599999999999662e-05
41143,0.014202,-0.011205,-0.070783,0.00024799999999999996,0.00016599999999999948,0.00020000000000000573
41455,0.011714,0.005692,-0.073738,0.00015000000000000083,8.80000000000004e-05,-0.0002630000000000132
41323,-0.011609999999999999,-0.00242,-0.07054,0.00017699999999999834,9.699999999999986e-05,-7.599999999999274e-05
41633,0.006715,-0.007113,-0.06923900000000001,0.00028600000000000066,9.400000000000033e-05,-0.00019099999999999673
41913,0.01471,0.002978,-0.072852,-0.00010000000000000113,-2.3000000000000017e-05,-3.399999999999237e-05
41940,-0.003089,-0.007782,-0.069924,2.599999999999998e-05,2.8999999999999512e-05,-0.00017200000000000548
39206,0.004777,-0.00873,-0.065775,0.00016800000000000061,5.7999999999999025e-05,-0.00011099999999999999
41832,0.00889,-0.003081,-0.062934,2.9999999999998778e-05,0.00016500000000000022,-0.0001759999999999956
36498,0.015463,0.010506999999999999,-0.06890500000000001,0.0001410000000000005,8.6000000000001e-05,-0.00013799999999999923
41658,-0.003763,-0.005513,-0.068459,0.0002239999999999998,0.0,-0.00044099999999999695
42597,0.0007009999999999999,-0.007886,-0.068676,0.00022100000000000017,1.700000000000139e-05,-0.00015700000000000436
42718,0.008987,0.009048,-0.06317199999999999,3.8999999999999105e-05,0.00016599999999999948,-2.5000000000011124e-05
39951,-0.010251,0.000953,-0.07551300000000001,8.299999999999974e-05,0.00019800000000000015,-9.299999999998199e-05
41954,0.013382999999999999,-0.0009,-0.06641200000000001,0.00013800000000000097,0.00028399999999999996,-0.00017599999999998173
42739,0.003928,-0.002285,-0.064661,0.00041799999999999997,0.00014400000000000003,-0.00044800000000000395
41953,0.001916,-0.005558,-0.067537,0.0001969999999999999,5.999999999999929e-06,-0.00044900000000000495
41696,0.016001,0.0010429999999999999,-0.068419,-6.0000000000001025e-05,7.50000000000002e-05,-0.00012199999999999711
38414,-0.012695,-0.001581,-0.07422799999999999,4.4000000000000636e-05,0.0002639999999999999,2.599999999998437e-05
41007,-0.001053,-0.010667,-0.060872,0.00026599999999999985,-0.00012599999999999938,-0.0003579999999999972
41341,-0.010293,-0.002159,-0.076798,-5.400000000000023e-05,0.00032399999999999985,-0.00013899999999998636
41968,-0.001219,0.006838,-0.06942400000000001,0.00010000000000000005,0.0003119999999999998,-7.199999999997486e-05
42202,-0.004481,-0.007450999999999999,-0.065922,0.0001799999999999996,7.299999999999928e-05,-0.000130000000000019
42590,0.004739,0.009293,-0.064229,7.999999999999327e-06,0.00012200000000000058,7.299999999998974e-05
41427,0.014197,0.0013260000000000001,-0.06434999999999999,0.00010700000000000119,0.00025199999999999984,-1.1999999999998123e-05
42496,-0.002027,-0.00282,-0.06701,0.0001150000000000003,0.00019499999999999986,-0.0004230000000000067
42769,0.000762,0.010946,-0.062397,5.000000000000013e-06,0.00019500000000000073,0.0002570000000000003
40231,-0.013843,-0.012224,-0.068783,0.00011199999999999925,7.900000000000094e-05,-0.00014000000000000123
41966,0.007731,0.012695,-0.06583199999999999,-2.0000000000000052e-05,0.0001460000000000003,6.699999999998374e-05
42556,-0.007826,0.008189,-0.060106,4.999999999999796e-06,8.99999999999998e-05,3.699999999999537e-05
42494,-0.004127,0.011666000000000001,-0.059565,8.99999999999946e-06,0.0001250000000000001,0.0003259999999999999
42601,-3.9e-05,0.006586000000000001,-0.060158,-4.4e-05,0.0001899999999999992,-0.0001939999999999928
42504,-0.000489,0.002726,-0.07740999999999999,4.7999999999999974e-05,0.00013500000000000014,2.2999999999995246e-05
42687,-0.00269,0.006112,-0.05986,3.300000000000004e-05,0.00010399999999999993,-0.00014100000000000223
39625,0.014037,-0.00433,-0.07356900000000001,0.0002449999999999987,0.00013399999999999957,-7.200000000000262e-05
41186,-0.012148999999999998,0.0031230000000000003,-0.066088,-6.800000000000209e-05,0.00017,-0.00031899999999999984
41376,0.016253,0.013018,-0.067068,8.299999999999974e-05,0.00018799999999999893,-8.999999999995123e-06
37698,0.009051,0.009444000000000001,-0.06448699999999999,1.600000000000039e-05,0.00010399999999999819,-6.0000000000060005e-06
39545,0.009321999999999999,-0.012192,-0.072539,0.00012200000000000231,3.999999999998796e-06,-0.00023699999999998722
42518,-0.004006,0.002234,-0.07098,0.00019499999999999986,0.00023600000000000053,-0.00019600000000000173
41523,-0.002563,0.0010689999999999999,-0.071059,0.0001540000000000005,0.00014800000000000013,-8.800000000000474e-05
42623,-0.011223,-0.009966,-0.060711,0.00029900000000000065,0.00020300000000000006,-0.00031399999999999484
42160,-2.8e-05,0.0037730000000000003,-0.06695000000000001,7.999999999999999e-05,0.0002199999999999997,-2.999999999998837e-05
42307,-0.01307,-0.007067,-0.072264,0.00010700000000000119,0.00016699999999999961,-0.0001350000000000101
42676,0.011233,0.008506,-0.06686199999999999,0.00014500000000000103,0.00010800000000000046,-0.00017500000000000848
40762,-0.008829,0.011458,-0.065321,-3.8000000000001574e-05,0.00034,5.6000000000000494e-05
42318,0.004839,-0.004333999999999999,-0.066591,0.0003759999999999996,2.799999999999938e-05,-0.00034100000000000796
40495,-0.004909,0.006511,-0.070607,0.0001310000000000009,0.00019200000000000033,-3.400000000000625e-05
42221,0.012994,-0.000889,-0.071995,3.999999999998796e-06,9.500000000000003e-05,1.000000000001e-06
42498,0.017186,0.008227,-0.06950100000000001,0.0002699999999999994,0.0001410000000000005,-5.999999999992123e-06
41037,0.008494999999999999,0.011722,-0.065625,-6.199999999999956e-05,8.299999999999974e-05,-8.099999999999774e-05
42507,-0.010503,-0.010423,-0.073867,0.00018800000000000067,0.00020199999999999906,-0.00016499999999999848
41372,0.008284000000000001,0.005871,-0.062468,7.599999999999794e-05,0.0002029999999999992,-7.299999999999668e-05
42244,0.011683,0.000713,-0.066449,7.699999999999894e-05,0.0002090000000000001,-5.800000000001637e-05
34035,0.010444,-0.007732,-0.070968,6.800000000000035e-05,3.500000000000031e-05,-0.00018599999999999173
38691,-0.003021,0.00128,-0.068515,0.00012299999999999985,0.00022499999999999972,-4.8999999999979615e-05
42640,-0.009469,-0.009138,-0.06416200000000001,0.00032800000000000017,0.0001799999999999996,-0.00032399999999999096
41463,-0.010362999999999999,-0.011334,-0.069718,0.0001799999999999996,4.1000000000001105e-05,-0.00013699999999999823
42747,0.0072050000000000005,0.005279,-0.062006,5.5999999999999626e-05,0.0001719999999999994,9.999999999940612e-07
42761,0.010305,0.003235,-0.077439,0.00020199999999999906,0.0002669999999999999,-0.0003130000000000077
26013,-0.009721,0.003306,-0.074453,7.000000000000062e-05,0.00017,-0.0001769999999999966
41550,-0.012224,0.011852,-0.061442000000000004,4.800000000000117e-05,0.00011000000000000072,0.00019500000000000073
41760,-0.006029,-0.005056,-0.06865600000000001,0.0001929999999999996,3.699999999999971e-05,-0.00025699999999999334
38054,-0.012773999999999999,0.009242,-0.070508,-0.00011900000000000105,0.0003569999999999997,6.60000000000105e-05
37683,-0.006834,0.005188,-0.07001099999999999,0.00010799999999999959,0.0004499999999999999,-7.600000000000662e-05
41082,0.002572,-0.004945000000000001,-0.06677,0.00027999999999999987,0.00011200000000000012,-0.0004960000000000103
38280,0.007952,0.007971,-0.067233,7.799999999999821e-05,0.0002129999999999979,-9.000000000009e-06
42214,0.002975,-0.005282,-0.07655100000000001,6.899999999999962e-05,3.0000000000000512e-05,-2.199999999998037e-05
40125,-0.007384,-0.007186,-0.069279,3.9999999999996635e-06,0.00015899999999999942,-3.2000000000018125e-05
42561,0.0046630000000000005,-0.007351,-0.073159,0.00024999999999999935,0.00019899999999999952,-3.999999999999837e-05
42332,0.012954,0.011701000000000001,-0.074924,0.00011699999999999905,-3.700000000000231e-05,-0.00011300000000000199
42633,-0.00497,0.002612,-0.060105,8.99999999999998e-05,0.00012199999999999971,-0.0003490000000000021
41338,0.008136,0.007755,-0.074185,0.00016600000000000122,0.0001559999999999999,-0.000123000000000012
42515,0.010177,-0.000307,-0.063277,5.400000000000023e-05,0.00013699999999999997,-0.00010400000000000686
38571,0.0065049999999999995,-0.005171,-0.074672,0.00014000000000000037,0.00020199999999999992,-0.00036999999999999533
41357,0.014478,-0.0005520000000000001,-0.063064,7.600000000000141e-05,0.0002500000000000001,2.0999999999993246e-05
42198,0.0013469999999999999,-0.002634,-0.06747700000000001,0.000353,0.0002180000000000003,-0.0004719999999999863
41784,0.012176,0.004345,-0.061947,0.00010000000000000113,0.0002890000000000002,-5.6000000000000494e-05
41385,-0.012077,-0.007714,-0.068012,8.299999999999974e-05,0.00010600000000000106,-0.0003389999999999921
41038,0.014596,0.0075650000000000005,-0.067513,0.00018800000000000067,5.099999999999896e-05,-0.00014899999999999636
42203,-0.000157,-0.003184,-0.07001399999999999,0.000349,0.00017500000000000024,-0.00029000000000001247
42580,0.004196,-0.008663,-0.058855,0.00020300000000000006,-0.00011800000000000005,-0.00045200000000000795
42253,-0.002227,0.006266,-0.064223,-8.300000000000017e-05,0.00014899999999999983,-3.100000000000325e-05
41022,-0.006916,0.001722,-0.06497499999999999,-8.000000000000021e-05,6.199999999999999e-05,-0.0001880000000000076
42581,0.010347,-0.011165,-0.070368,-8.799999999999954e-05,0.00010199999999999966,-0.00010399999999999299
37500,0.017702000000000002,-0.003971,-0.06717400000000001,0.00016399999999999748,7.699999999999938e-05,-1.7999999999976368e-05
42201,0.0022480000000000004,0.012849000000000001,-0.068206,-0.00021500000000000035,0.00010299999999999893,0.00014400000000000523
37741,0.005136999999999999,0.001416,-0.06611,0.0001440000000000009,-6.199999999999977e-05,-0.0002289999999999931
41188,-0.003045,-0.011413,-0.065724,0.00010000000000000026,-6.199999999999956e-05,-0.00020999999999998797
35939,0.00651,0.004166,-0.07387099999999999,0.00014199999999999977,0.0002459999999999997,-0.0002510000000000012
41248,0.008326,-0.013167,-0.062241,-1.4999999999999389e-05,-7.599999999999968e-05,-0.00016899999999999554
41908,-0.00816,0.012482,-0.065815,-4.2999999999999636e-05,0.0002849999999999988,8.299999999999974e-05
42714,0.012979,0.010467,-0.06448000000000001,0.00020500000000000032,7.700000000000068e-05,0.0
42011,0.009398,0.002118,-0.076017,0.00016800000000000148,0.0003610000000000002,-0.0003929999999999906
42239,-0.008287000000000001,0.001434,-0.065525,3.500000000000031e-05,0.00011099999999999999,-0.00032000000000000084
42710,0.013413999999999999,0.011344,-0.06993200000000001,0.0001760000000000008,-7.899999999999921e-05,-0.0002219999999999861
41606,-0.014664,0.011297,-0.072239,-1.5000000000001124e-05,9.799999999999913e-05,-5.0000000000050004e-06
34231,0.008446,-0.001391,-0.07271899999999999,0.0001349999999999997,0.00019000000000000006,-0.00032200000000000284
42535,-0.004450999999999999,4.4e-05,-0.070619,0.0002449999999999987,0.00027800000000000004,-0.00027399999999999647
25194,-0.000533,0.012708,-0.068048,6.500000000000001e-05,0.00018099999999999887,-2.2999999999995246e-05
41680,0.004001,-0.003543,-0.06885899999999999,0.000255,0.00013800000000000054,-0.0002420000000000061
31974,0.010605999999999999,0.008138999999999999,-0.069603,0.00015199999999999936,7.100000000000162e-05,-5.7000000000001494e-05
39928,-0.008233,0.003786,-0.06753100000000001,8.000000000001062e-06,0.0002819999999999997,-8.299999999999974e-05
42651,-0.0031829999999999996,-0.00259,-0.075699,0.00010299999999999936,0.00011899999999999975,-0.00011300000000000199
39456,-0.006752,-0.0048,-0.067494,0.00031400000000000004,0.0002269999999999989,-0.00011200000000000099
41353,0.015063,0.006659,-0.06975400000000001,0.00020599999999999959,4.900000000000043e-05,-0.00014499999999999236
42003,0.006793,0.000217,-0.075852,8.799999999999954e-05,0.00017700000000000005,-0.00014999999999999736
39474,-0.001063,-0.011398,-0.069161,0.0002049999999999999,0.0001570000000000009,-1.7000000000003124e-05
42669,-0.009241,0.00019800000000000002,-0.076659,4.099999999999937e-05,0.000286,-0.0001699999999999896
41651,0.014577999999999999,0.011498,-0.064634,0.0002540000000000025,0.00017800000000000107,-2.2999999999995246e-05
40785,0.0035169999999999997,-0.006463,-0.069334,0.0002500000000000002,7.000000000000062e-05,-0.0003029999999999977
42701,-0.016156,-0.010561,-0.069948,0.00013000000000000164,9.299999999999933e-05,-0.00021900000000001085
34250,-0.0037749999999999997,0.009574999999999998,-0.061287999999999995,-0.0001240000000000004,0.0002030000000000018,5.1999999999996493e-05
42611,-0.008135,0.010277,-0.061170999999999996,-5.7999999999999025e-05,0.00012400000000000085,-1.1000000000004062e-05
41937,-0.002367,-0.003812,-0.075393,9.600000000000017e-05,0.0002149999999999999,-0.00014199999999998936
40464,-0.010944,0.01307,-0.062450000000000006,8.400000000000074e-05,-2.0000000000002655e-06,0.00028600000000000153
42760,-0.000925,-0.012522,-0.06281,5.3000000000000096e-05,4.700000000000017e-05,6.30000000000075e-05
42736,0.010336999999999999,0.008655,-0.072108,0.00014900000000000156,-7.099999999999988e-05,-0.0002869999999999956
41313,0.006517,0.009369,-0.065056,3.5999999999999574e-05,6.199999999999782e-05,-3.699999999999537e-05
36320,0.002653,0.007529,-0.060832000000000004,5.3000000000000096e-05,0.0002199999999999997,1.9000000000005124e-05
37391,0.002,-0.01086,-0.069068,0.00014800000000000013,4.800000000000117e-05,-9.100000000000774e-05
42366,0.002736,-0.011819000000000001,-0.07163,0.0001569999999999996,3.200000000000078e-05,-6.499999999999562e-05
42345,0.011123,0.005411,-0.07326300000000001,0.00021100000000000112,9.599999999999973e-05,-0.0002219999999999861
41558,-0.013412,0.000148,-0.07220099999999999,0.00014500000000000103,0.000217,-3.400000000000625e-05
42128,-0.002487,0.005698000000000001,-0.062715,-2.400000000000015e-05,0.000181999999999999,-2.3999999999996247e-05
40481,-0.007689,0.007442,-0.064057,-1.5000000000000256e-05,0.00016800000000000061,3.899999999999737e-05
38852,0.006171,0.010407,-0.070088,-5.099999999999983e-05,9.60000000000006e-05,2.2999999999995246e-05
40998,-0.008124000000000001,-0.004978,-0.071321,-4.9999999999980616e-06,7.299999999999928e-05,-0.00011900000000000799
41707,0.007599,0.009618999999999999,-0.065079,3.200000000000078e-05,9.400000000000033e-05,3.500000000000725e-05
41922,0.005623,-0.012513,-0.067804,0.0001799999999999996,3.999999999999837e-05,-0.00011899999999999411
38870,-0.004158,0.007579,-0.062153,-6.299999999999969e-05,0.00024200000000000003,8.500000000000174e-05
41426,0.010951,-0.0065910000000000005,-0.073468,0.00011800000000000005,-4.49999999999999e-05,-0.0002279999999999921
42414,-0.015907,0.003091,-0.0714,4.200000000000037e-05,0.00030100000000000005,-0.0001719999999999916
42673,-0.005711,0.010069000000000002,-0.062374,-5.399999999999936e-05,0.00030099999999999745,2.6999999999999247e-05
40386,-0.00597,0.005163999999999999,-0.064307,5.999999999999062e-06,0.0001490000000000007,-0.00010299999999999199
41910,-0.008786,0.007001,-0.06488200000000001,-1.5999999999998654e-05,0.0001479999999999997,-3.699999999998149e-05
42531,0.013191000000000001,0.0024449999999999997,-0.064579,5.899999999999829e-05,0.0002790000000000006,7.300000000000362e-05
40257,0.012409,-0.00833,-0.07048399999999999,3.799999999999984e-05,0.00012200000000000058,-0.00023400000000001198
40574,-0.01234,-0.004035,-0.07487300000000001,6.0000000000001025e-05,0.00016600000000000035,-0.0001719999999999916
39854,-0.011250999999999999,0.004686,-0.07183400000000001,0.00017199999999999854,0.00015200000000000023,-0.0001689999999999886
42482,-0.0046500000000000005,0.008934,-0.07392,2.5000000000000716e-05,0.00015900000000000115,-4.000000000004e-06
42360,-0.008263999999999999,-0.012451,-0.070402,0.00014299999999999903,2.0000000000002655e-06,-0.00016399999999999748
42215,-0.0010069999999999999,-0.006667,-0.062783,0.00021099999999999982,0.00022400000000000024,-0.00026699999999998947
42311,0.003077,0.0019399999999999999,-0.065289,0.00014500000000000016,0.00011399999999999995,-0.0002390000000000031
42216,-0.014678,-0.000999,-0.07293300000000001,0.00015800000000000015,0.00028800000000000017,-0.00019199999999998385
41841,-0.013733,-0.005728,-0.06976399999999999,6.000000000000796e-06,9.49999999999996e-05,-0.0003680000000000072
42268,-0.010809,-0.007369,-0.061401000000000004,0.00015299999999999862,0.0003129999999999999,-0.0003189999999999929
40539,0.00045400000000000003,-0.004738,-0.06517700000000001,0.00023999999999999992,0.00025100000000000035,-0.00036499999999999033
42715,-0.002169,0.008369,-0.062691,-4.300000000000007e-05,0.0002149999999999999,0.00025899999999999535
42241,0.009430999999999998,0.012648999999999999,-0.06865,1.0000000000003062e-05,-0.00017,-5.2999999999997494e-05
42522,0.014695,0.011139,-0.07489799999999999,0.00022400000000000024,5.6000000000000494e-05,-5.100000000000937e-05
35938,0.0062439999999999996,0.00294,-0.07391500000000001,0.00010200000000000053,0.0002000000000000001,-0.00019499999999998685
42618,-0.008279,-0.002097,-0.074421,4.200000000000037e-05,0.0002409999999999999,-0.00019900000000000473
42450,0.003806,-0.012539,-0.074105,0.00016100000000000012,0.0001749999999999998,-3.899999999999737e-05
31131,0.01019,0.00642,-0.070573,0.00014000000000000123,0.00011099999999999912,-0.00011700000000000599
41049,-0.012085,-0.00624,-0.07314,0.00015100000000000183,1.4000000000000123e-05,-9.499999999999786e-05
41452,-0.0054269999999999995,-0.011953,-0.067856,0.00015999999999999955,0.0001499999999999991,-8.000000000001062e-05
37360,0.006888,0.003757,-0.062514,0.00019899999999999952,0.0001749999999999998,4.000000000004e-06
39877,0.0005679999999999999,0.009315,-0.062027,-6.499999999999995e-05,0.00012799999999999964,2.3000000000002185e-05
42529,0.013678000000000001,-0.008525,-0.06904,0.00011799999999999831,6.899999999999962e-05,-0.00023999999999999022
40737,0.006211,0.0014750000000000002,-0.072284,0.00011200000000000012,0.00016099999999999969,-0.00021000000000000185
36510,-0.012655,0.008393000000000001,-0.07385800000000001,-1.899999999999992e-05,7.799999999999821e-05,-0.0001250000000000001
41754,0.014394,-0.012234,-0.063083,0.00017299999999999954,0.00014899999999999983,-9.599999999999886e-05
40087,0.0024159999999999997,0.008437,-0.076923,5.600000000000006e-05,0.00017400000000000054,-8.199999999998486e-05
41336,-0.00554,0.007512,-0.070471,0.00016199999999999982,0.00023200000000000044,5.0000000000050004e-06
42329,0.003402,0.0027679999999999996,-0.060475,0.000343,0.0002920000000000006,-0.0001989999999999978
42196,-0.0023650000000000003,0.00535,-0.069736,0.00013100000000000047,0.00031400000000000004,9.300000000000974e-05
37157,-0.009319000000000001,-0.007533000000000001,-0.06978,9.500000000000133e-05,0.00014600000000000116,-0.0001850000000000046
39546,-0.000877,-0.000416,-0.07348099999999999,0.00017199999999999995,0.000243,-0.00021999999999999797
41962,0.006619,0.008189,-0.07353799999999999,9.599999999999973e-05,0.0001739999999999988,-0.00015000000000001124
41775,-0.004253,-0.007494,-0.076541,9.299999999999933e-05,0.00022900000000000004,-0.00021999999999999797
40711,-0.005660999999999999,0.007088,-0.065713,7.199999999999915e-05,0.0002920000000000006,2.1000000000007124e-05
37364,-0.0027240000000000003,0.005203,-0.063716,-3.199999999999948e-05,0.0001429999999999999,-5.6000000000000494e-05
37980,0.0005669999999999999,0.007977,-0.063808,-3.8999999999999864e-05,0.00014400000000000003,-2.1999999999994246e-05
42213,0.003839,-0.009007999999999999,-0.067204,0.00037600000000000003,7.000000000000062e-06,-0.00014500000000000624
41762,-0.004889,-0.0040750000000000005,-0.069074,0.00016400000000000008,0.00010800000000000046,-0.00026500000000000135
36005,0.00821,-0.009908,-0.071143,0.00013099999999999917,5.199999999999996e-05,-0.0002370000000000011
40585,0.009109,-0.0005899999999999999,-0.073068,0.0001299999999999999,0.00019599999999999989,-0.0004660000000000081
42541,-0.0036019999999999997,-0.00047,-0.077294,0.0001399999999999995,0.00013899999999999996,-4.399999999998849e-05
41939,-0.008603999999999999,-0.009907000000000001,-0.06616899999999999,0.0002289999999999983,-2.499999999999898e-05,-0.00018300000000001648
40760,0.0010840000000000001,-0.011538999999999999,-0.074614,0.00024299999999999994,0.00014400000000000003,0.00010499999999999399
42497,0.003754,-0.001445,-0.068093,0.0002959999999999998,0.00032400000000000007,-0.00026400000000000035
42247,0.0009360000000000001,-9.2e-05,-0.066433,0.0002189999999999999,0.000266,-6.699999999999762e-05
32320,0.010163,0.006788000000000001,-0.067464,3.200000000000078e-05,0.00010599999999999932,-0.00014300000000000423
41107,0.008168,0.002255,-0.062342,0.0001849999999999994,0.0001590000000000003,-6.399999999999462e-05
41715,-0.002659,-0.012922000000000001,-0.06532299999999999,8.399999999999987e-05,3.600000000000131e-05,-8.500000000001562e-05
39207,-0.0018540000000000002,-0.011351000000000002,-0.072753,0.00013700000000000019,6.500000000000256e-05,-3.899999999999737e-05
41741,-0.009529999999999999,-0.001968,-0.067623,0.0001799999999999996,0.00026900000000000014,-0.0003579999999999972
42599,-0.008366,0.007464,-0.075287,4.700000000000017e-05,0.00011999999999999945,-3.099999999998937e-05
42562,-0.001221,0.008631,-0.06961,1.9000000000000137e-05,0.0002270000000000015,-4.300000000000137e-05
38346,0.001633,0.006437,-0.077186,1.800000000000022e-05,0.00017399999999999968,-5.9000000000003494e-05
42587,-0.006065,-0.007732,-0.072795,9.800000000000086e-05,0.00016299999999999995,-0.00015700000000000436
40709,0.00753,-0.00749,-0.07217900000000001,0.00012899999999999977,9.200000000000007e-05,-0.00037099999999999633
42433,0.001059,0.004703000000000001,-0.076143,4.500000000000012e-05,0.0002299999999999993,-0.00014799999999999536
38324,-0.002084,0.009616,-0.064123,-7.000000000000018e-05,0.00018500000000000114,6.40000000000085e-05
41542,0.017003,0.006463,-0.07269,0.0001349999999999997,4.099999999999937e-05,-0.00011800000000000699
22096,-0.01021,0.011515000000000001,-0.070128,4.5000000000001636e-05,0.0002669999999999999,8.799999999999086e-05
41763,0.012787000000000001,-0.00515,-0.06980599999999999,1.3999999999998389e-05,6.800000000000035e-05,-0.00020900000000000085
41819,-0.013649,0.007398,-0.06632500000000001,0.00016099999999999969,0.00013599999999999984,-1.3999999999986246e-05
38683,-0.008922000000000001,-0.006484,-0.070836,5.000000000000143e-05,9.10000000000008e-05,-3.700000000000925e-05
41067,0.010979,0.011199,-0.07175,9.200000000000007e-05,-0.00012100000000000131,-7.500000000000562e-05
42519,-0.013363,0.006006999999999999,-0.076424,-7.599999999999968e-05,0.0001299999999999999,0.00010200000000000486
40449,-0.0015689999999999999,0.013484,-0.07019700000000001,1.8000000000000004e-05,0.0002509999999999995,-9.299999999999586e-05
36255,-0.007862000000000001,-0.0039030000000000002,-0.06887,0.0002420000000000009,0.00014300000000000033,-0.00015199999999999936
42546,-0.009517,-0.003693,-0.06725700000000001,0.0002249999999999995,0.00036200000000000034,-0.0002759999999999846
41909,-0.004418999999999999,0.000412,-0.0673,0.00010699999999999946,0.00023799999999999998,-0.00016800000000000148
36245,-0.011469,0.008124000000000001,-0.075902,4.700000000000017e-05,0.00011199999999999925,-9.399999999999686e-05
42491,-0.012111,-0.0070599999999999994,-0.069343,7.900000000000094e-05,0.00017399999999999968,-0.0002339999999999981
41109,-0.000535,6.8e-05,-0.06913899999999999,7.099999999999999e-05,0.00028399999999999996,-0.0002580000000000082
36250,0.00991,0.010018,-0.074475,0.00012999999999999817,7.000000000000062e-06,-0.0004259999999999958
40162,0.008674,-0.0006889999999999999,-0.070435,0.00021300000000000138,0.00013799999999999988,-0.00020300000000000873
42242,0.011856,0.000804,-0.07095,5.999999999999062e-06,0.00018399999999999992,-6.0000000000004494e-05
42486,0.005633,0.008414999999999999,-0.06650700000000001,4.100000000000024e-05,0.00021500000000000165,0.000127000000000016
42142,0.011538,-0.010535000000000001,-0.061537,0.00018400000000000014,9.400000000000033e-05,-0.0002009999999999998
29657,0.00161,0.007626,-0.069767,-4.199999999999994e-05,0.0001860000000000004,6.0999999999991616e-05
41358,0.009109,0.00115,-0.068682,0.0002939999999999991,0.00023900000000000006,-5.8999999999989616e-05
32657,-0.003142,0.009811,-0.06873699999999999,-2.8999999999999946e-05,0.00019500000000000073,5.9999999999990616e-05
42555,-0.0072640000000000005,-0.008901,-0.064406,0.0001010000000000004,0.0001999999999999988,-0.0003589999999999982
41405,-0.009327,-0.0086,-0.068028,0.00016299999999999995,0.00013599999999999897,-0.0003480000000000011
41490,-0.015388,-0.006057000000000001,-0.075018,2.000000000000092e-05,2.5000000000000716e-05,-0.00010299999999999199
42661,-0.011151999999999999,0.011229,-0.06502,-6.399999999999982e-05,0.00028000000000000073,-5.6000000000000494e-05
41148,0.013984,0.008596999999999999,-0.065221,0.00014800000000000056,0.00021200000000000038,-0.00014499999999999236
41623,0.010983,-0.000687,-0.064542,0.00013500000000000144,0.00020000000000000004,-0.00011600000000000499
41959,-0.008861,0.0009320000000000001,-0.06527899999999999,9.000000000000327e-06,0.00017200000000000006,-0.00032200000000000284
42549,-0.00833,-0.012502000000000001,-0.07324299999999999,9.699999999999986e-05,0.00021200000000000212,-0.0001930000000000126
39195,0.001581,0.011452,-0.065139,-1.2999999999999774e-05,0.00017900000000000034,0.00016100000000000836
40376,-0.000626,-0.01116,-0.068333,0.00018400000000000003,0.00010199999999999966,1.0999999999997123e-05
41995,-0.001711,-0.000996,-0.072914,0.000338,0.00026499999999999994,-0.00026799999999999047
41041,-0.011751,0.0045650000000000005,-0.07793699999999999,0.00012799999999999964,0.000255,-0.00017900000000001248
35897,0.017914000000000003,-0.003473,-0.07056799999999999,0.00013799999999999576,7.399999999999985e-05,-0.00011100000000001387
42309,0.000444,0.011248,-0.058758000000000005,4.3999999999999985e-05,0.00013799999999999923,1.0000000000010001e-05
42007,-0.002593,0.0070869999999999995,-0.064304,-3.100000000000021e-05,0.00023800000000000036,5.7000000000001494e-05
42327,-0.005646,0.011455,-0.061442000000000004,-8.000000000000194e-06,0.000307,0.0001779999999999976
42697,-0.01174,-0.002532,-0.07782299999999999,-4.89999999999987e-05,3.899999999999997e-05,-0.00014000000000000123
42291,-0.004198,-0.009481,-0.064101,0.0002040000000000002,0.00014799999999999883,-7.799999999999474e-05
42502,-0.005183,-0.001856,-0.061573,0.00016099999999999969,0.00019800000000000004,-0.00039200000000000346
38440,0.007871000000000001,-0.0037679999999999996,-0.06478300000000001,0.00018099999999999887,0.00020600000000000002,-0.00010099999999998999
42058,-0.011093,0.008313000000000001,-0.072739,-2.3999999999999716e-05,0.00027099999999999867,1.000000000001e-06
40999,-0.001934,-0.009878999999999999,-0.06555899999999999,8.199999999999982e-05,9.599999999999886e-05,-3.799999999999637e-05
42055,0.007367,0.008641,-0.062236,-2.1000000000000185e-05,0.0001799999999999996,-8.900000000000574e-05
41914,0.004114,-0.002585,-0.07051,0.0002919999999999997,0.00021199999999999995,-8.999999999999286e-05
41564,0.004626,0.012442,-0.067763,-0.00013599999999999984,0.00010899999999999972,6.80000000000125e-05
42034,0.016349,-0.007877,-0.07417499999999999,0.00018700000000000314,1.899999999999992e-05,-0.00010700000000000986
42367,0.000862,0.006108,-0.061506,0.00016600000000000002,3.600000000000044e-05,-6.700000000000456e-05
42485,-0.0035619999999999996,0.000629,-0.07244,0.0002669999999999999,0.00018000000000000004,-0.0003359999999999891
41695,-0.002072,-0.005174000000000001,-0.072697,0.00016700000000000005,0.00024600000000000056,-2.0000000000006124e-05
42090,0.012198,0.005947,-0.06656100000000001,0.00012099999999999958,0.00027200000000000054,-0.00012599999999998723
41617,0.003093,-0.003574,-0.06749,0.00026400000000000035,3.700000000000014e-05,-0.00032699999999999396
41776,-0.009229,0.008228999999999998,-0.061857,-7.300000000000015e-05,0.00021700000000000191,-4.099999999999937e-05
27255,-0.010353,0.00872,-0.067463,6.300000000000056e-05,0.000255,0.0001250000000000001
34753,-0.015986,0.006801,-0.07295,-9.699999999999986e-05,0.00010999999999999985,7.399999999999074e-05
41146,-0.014414999999999999,-0.0012070000000000002,-0.068331,6.699999999999762e-05,0.00016500000000000022,-0.0002950000000000036
42543,-0.012216,-0.000652,-0.062442,0.00017099999999999928,0.00014800000000000002,-0.0002380000000000021
40052,0.009051,0.007006999999999999,-0.06696200000000001,1.5000000000001124e-05,0.0002450000000000004,-6.299999999999362e-05
40724,-0.013817,0.011283,-0.068271,-5.199999999999996e-05,0.00023699999999999936,3.999999999999837e-05
39224,0.009394999999999999,0.011158,-0.06371500000000001,-8.3999999999999e-05,0.00012000000000000031,-2.999999999998837e-05
39534,-0.004104,-0.005365,-0.07105299999999999,0.00014500000000000016,3.799999999999984e-05,-0.00022800000000001985
42526,0.012827999999999999,0.01217,-0.065886,3.7000000000000574e-05,-0.00016700000000000048,-6.899999999999962e-05
36426,0.0053230000000000005,-0.011186,-0.06806699999999999,0.00012899999999999977,9.49999999999996e-05,-0.00013699999999999823
41688,-0.013465,0.011342000000000001,-0.071706,-2.100000000000192e-05,0.00016499999999999848,4.300000000001525e-05
42716,-0.013384,-0.011555,-0.077235,-0.00017700000000000007,0.00021099999999999938,0.0002960000000000046
42316,-0.014091,-0.007628,-0.074726,0.00014400000000000003,0.0001510000000000001,-0.0001810000000000006
40860,0.016065000000000003,-0.005263,-0.065452,0.0001409999999999953,0.0001460000000000003,-1.6000000000002124e-05
42212,0.015939000000000002,0.00409,-0.068955,0.00022099999999999898,3.199999999999991e-05,-0.00016499999999999848
29467,0.011026999999999999,0.003803,-0.074095,0.00013800000000000097,0.00013100000000000004,-0.00025799999999999434
42225,-0.005658000000000001,0.009348,-0.07216299999999999,4.900000000000043e-05,0.00019099999999999846,-3.0000000000030003e-06
41915,-0.002748,-0.009729,-0.06539700000000001,8.5e-05,0.00011099999999999999,-0.00013599999999999723
33296,0.000973,-0.001838,-0.069771,0.00013900000000000013,0.00018000000000000004,-0.00019700000000000273
36512,0.010509000000000001,-0.001727,-0.071013,9.499999999999786e-05,0.00010499999999999984,-0.00023899999999998922
38869,0.004194,0.011675000000000001,-0.072255,-0.0001510000000000001,5.299999999999923e-05,-9.900000000000186e-05
40490,-0.0016359999999999999,-0.007377,-0.069149,0.0001339999999999998,-7.100000000000075e-05,-0.0002859999999999946
40308,0.009141999999999999,-0.002654,-0.069495,0.00032399999999999964,0.00016100000000000012,-0.0003599999999999992
33298,-0.00861,0.010813000000000001,-0.067417,-6.100000000000029e-05,0.0002509999999999995,0.00013299999999999423
42593,-0.000402,-0.009693,-0.065539,0.000149,-2.700000000000098e-05,-0.0001380000000000131
41009,-0.003591,-0.003864,-0.066098,0.00022199999999999998,4.000000000000097e-06,-0.0002990000000000076
40178,-0.007203,0.000699,-0.063689,-1.4999999999999389e-05,0.00014000000000000004,-0.00037900000000000433
34139,0.0067599999999999995,-0.004542,-0.06843099999999999,0.00036500000000000074,0.0002249999999999995,-0.00016500000000001236
41930,-0.007306,-0.009659000000000001,-0.061732999999999996,0.0002230000000000001,4.700000000000017e-05,-0.00035900000000000515
42530,-0.005416000000000001,0.0067,-0.07117100000000001,0.00019900000000000126,0.00033399999999999923,-9.499999999999786e-05
39204,-0.007719,-0.006397,-0.06916599999999999,0.0001250000000000001,0.00020499999999999945,-9.800000000000086e-05
29876,-0.006059,0.002337,-0.076172,0.0001280000000000005,0.00013100000000000004,-0.0001729999999999926
41014,0.007163,-0.003604,-0.06526900000000001,0.00026599999999999974,0.00012699999999999994,-0.0002209999999999851
41325,-0.003141,-0.008097,-0.069238,-2.499999999999985e-05,-4.700000000000017e-05,-0.00015200000000001324
39232,0.000379,0.00862,-0.066899,6.199999999999999e-05,0.0001410000000000005,0.00010399999999999299
39517,0.006084,8.1e-05,-0.07613299999999999,6.600000000000009e-05,0.00020099999999999995,-0.00020200000000000773
40704,0.006804,0.00861,-0.077364,0.0001349999999999997,0.00010299999999999893,-0.0002440000000000081
34746,0.010112999999999999,0.001917,-0.06874,4.70000000000019e-05,0.000348,-4.900000000000737e-05
42488,-0.007939,0.003907,-0.064498,-1.3000000000000858e-05,3.600000000000044e-05,-0.00020899999999998697
42551,-0.016129,-0.004353,-0.07422100000000001,0.00019900000000000126,0.00016000000000000042,-0.00021200000000000385
38949,-0.013736,-0.005882,-0.073012,0.00016699999999999875,8.200000000000048e-05,-9.600000000001274e-05
42489,0.011457,-0.000713,-0.068145,1.899999999999992e-05,0.000143,9.999999999871223e-07
39875,-0.0076820000000000005,0.005686,-0.07641500000000001,4.0000000000000105e-05,0.00011499999999999965,-8.599999999998886e-05
41951,0.01399,-0.00738,-0.069607,-9.000000000000327e-06,0.00012000000000000031,-5.200000000001037e-05
41366,-0.007808,0.005947,-0.069779,0.0001559999999999999,0.00046999999999999993,-0.00017700000000001048
37192,9.2e-05,-0.009595000000000001,-0.071774,0.000183,7.000000000000062e-05,-0.0001789999999999986
42387,-0.012933,0.010711,-0.065047,-8.3999999999999e-05,0.00019399999999999973,2.2999999999995246e-05
41045,-0.010074,-0.005256,-0.067285,0.00010500000000000093,6.899999999999962e-05,-0.00010999999999999899
42699,-0.0015660000000000001,0.002199,-0.062097,0.0001920000000000001,0.000147,-0.0001449999999999993
41728,0.014979,-0.010277,-0.069934,0.00023699999999999936,4.39999999999989e-05,-9.499999999999786e-05
41177,0.012424,0.008968,-0.070312,0.00025400000000000075,-3.200000000000078e-05,-0.00021300000000000485
42508,-0.006345,0.009481,-0.075741,6.600000000000009e-05,0.00016700000000000048,-2.6999999999999247e-05
40126,0.001443,0.005503,-0.07355400000000001,0.0001079999999999998,0.00021900000000000044,-7.499999999999174e-05
42532,0.013087999999999999,0.0063230000000000005,-0.064454,7.000000000000062e-05,0.00027399999999999994,-7.900000000000962e-05
41079,0.001425,0.0108,-0.07177700000000001,-1.500000000000004e-05,0.0002549999999999983,5.0000000000050004e-06
39275,-0.005423,2e-06,-0.066228,1.599999999999952e-05,0.000239,-0.0004810000000000092
40621,0.002218,-0.012558999999999999,-0.065363,0.00010300000000000023,5.3999999999998494e-05,3.1000000000017125e-05
41932,-0.014449,-0.008069000000000002,-0.072798,3.400000000000104e-05,0.00010500000000000093,-0.00014699999999999436
33543,-0.007278,0.009563,-0.064319,-4.500000000000077e-05,0.0002760000000000002,3.599999999999437e-05
41947,-0.012969,-0.003307,-0.067414,0.00014800000000000056,0.00014000000000000037,-0.0002950000000000036
42471,-0.0053479999999999995,0.002212,-0.067751,0.0001319999999999993,0.0003480000000000002,-0.00013299999999999423
37397,0.012136,-0.000402,-0.073125,0.00011900000000000105,0.00011600000000000005,-6.60000000000105e-05
42355,-0.005396,0.004955,-0.063963,1.700000000000052e-05,0.00016500000000000022,-7.100000000000162e-05
39674,-0.012052,0.006033,-0.07160599999999999,7.799999999999994e-05,0.0002760000000000002,-0.00010700000000000986
28570,-0.006032,0.012286,-0.068026,5.5999999999999626e-05,8.699999999999854e-05,0.00011500000000000399
39899,-0.004362,0.006033,-0.072405,0.0001749999999999998,0.00023699999999999936,-8.600000000000274e-05
39191,0.0012150000000000002,0.010426,-0.074651,2.6999999999999897e-05,0.00018899999999999993,-1.9000000000005124e-05
40199,-0.000483,-0.005508,-0.06885200000000001,0.00019700000000000002,5.9000000000000025e-05,-0.00011899999999999411
41020,0.003797,0.008945999999999999,-0.064795,-3.300000000000004e-05,0.00019000000000000093,-8.999999999999286e-05
42579,0.004161,-0.006625,-0.062929,0.00012900000000000064,1.9999999999999185e-05,-0.00038499999999999646
42266,0.013996,-0.007891,-0.068165,0.00019800000000000026,1.700000000000139e-05,-0.0002239999999999881
36506,0.016712,0.004218,-0.068928,0.0001899999999999992,0.00013100000000000004,-7.699999999999374e-05
42679,-0.015922000000000002,-0.001357,-0.07141700000000001,4.400000000000237e-05,0.0002149999999999999,-0.0003610000000000002
40716,-0.008519,0.002971,-0.066621,-8.3999999999999e-05,0.00018100000000000017,-0.00010000000000000286
40839,-0.005275,-0.009162,-0.065453,0.00023700000000000023,4.900000000000043e-05,-0.00016199999999999548
41552,-0.010693,0.006424,-0.074697,3.399999999999931e-05,0.0002580000000000004,-6.499999999999562e-05
39859,-0.00948,0.000716,-0.07212600000000001,-3.699999999999884e-05,0.00021600000000000015,-0.00011299999999998811
38573,-0.011646,0.001831,-0.070002,0.0001460000000000003,0.0004159999999999999,-0.00023100000000000898
41906,0.007681,0.004306,-0.074459,0.00020300000000000006,0.00028000000000000073,-0.00027700000000001335
39212,-0.0076159999999999995,0.008317,-0.068966,5.099999999999896e-05,0.0002620000000000001,-1.1999999999998123e-05
38854,-0.004553,0.0062889999999999995,-0.063803,-2.5000000000000716e-05,0.00024900000000000096,4.699999999999149e-05
41220,0.005690000000000001,0.010273,-0.064124,-1.4000000000000123e-05,0.00014000000000000123,-3.699999999999537e-05
41010,-0.010253,-0.00028799999999999995,-0.073922,1.3999999999998389e-05,0.00018999999999999996,-0.0002510000000000012
41918,0.004652,0.009391,-0.0733,-3.199999999999991e-05,0.00010999999999999899,-8.500000000000174e-05
42487,0.005628,0.008960000000000001,-0.066497,7.200000000000002e-05,0.00023299999999999883,9.099999999999386e-05
36266,0.01233,-0.0033079999999999997,-0.06520699999999999,8.099999999999948e-05,0.00021399999999999978,-2.5000000000011124e-05
38281,-0.011875,0.0062050000000000004,-0.066219,4.0000000000000105e-05,0.00019399999999999973,1.4000000000000123e-05
40996,-0.004462,-0.010294000000000001,-0.071505,5.199999999999996e-05,0.0001349999999999997,-0.00018799999999999373
41528,-0.011477000000000001,-0.006955,-0.074527,0.00022900000000000177,0.00027899999999999973,-5.100000000000937e-05
41355,0.008587999999999998,-0.002535,-0.070532,0.00023100000000000204,8.899999999999967e-05,-0.0002909999999999996
39196,0.006129,0.0077,-0.06382,-3.300000000000004e-05,0.000168999999999999,-1.6000000000002124e-05
32050,0.005371000000000001,-0.011337,-0.069716,9.799999999999913e-05,0.00012799999999999964,-0.00010899999999999799
40183,-0.014272,0.005745,-0.074182,-4.2999999999999636e-05,0.00012600000000000024,-0.00015500000000000236
41029,-0.014799,0.009534,-0.07174599999999999,-8.000000000001062e-06,0.0002509999999999995,-5.100000000000937e-05
37740,0.0046890000000000005,-0.008027,-0.06641200000000001,0.00023599999999999923,0.00010899999999999972,-0.0001639999999999836
42510,0.015117,0.010933,-0.06984399999999999,0.00011099999999999999,2.400000000000145e-05,-8.400000000001462e-05
41057,0.015544,-0.000742,-0.069331,-6.100000000000029e-05,5.599999999999995e-05,-4.099999999999937e-05
38885,0.002472,-0.00263,-0.066955,0.0002149999999999999,8.000000000000021e-05,-0.0003449999999999981
42257,-0.003076,0.009885999999999999,-0.06713899999999999,0.00010300000000000023,0.00021500000000000165,8.199999999998486e-05
41081,0.007847999999999999,0.011566,-0.070002,-9.6999999999999e-05,-0.00021700000000000018,-9.599999999999886e-05
42600,0.017091000000000002,0.005894999999999999,-0.065678,-1.1000000000004062e-05,0.000171000000000001,-5.099999999999549e-05
39523,-0.01151,0.005078999999999999,-0.063669,5.699999999999976e-05,7.000000000000062e-05,-0.00016700000000000048
42509,-0.003451,-0.0055650000000000005,-0.062325000000000005,0.00016100000000000012,0.00023300000000000057,-0.00024099999999999122
30446,-0.008402,0.011044,-0.070309,-2.0000000000002655e-06,0.00010799999999999872,9.900000000000186e-05
42573,0.002218,-0.007176,-0.076004,8.99999999999998e-05,8.5e-05,-3.0000000000002247e-05
36494,0.009678,-0.007345,-0.07081799999999999,7.499999999999868e-05,1.899999999999992e-05,-0.00039500000000000646
38872,-0.0007840000000000001,-0.007313,-0.06817100000000001,0.00014400000000000003,-9.500000000000047e-05,-9.399999999999686e-05
41905,0.0010220000000000001,0.011087999999999999,-0.069274,1.9999999999998318e-06,0.00021000000000000185,1.0000000000010001e-05
42228,0.00159,-0.002633,-0.059561,0.00014599999999999986,0.00021799999999999988,-0.0004989999999999994
40437,-0.01072,-0.009269,-0.069427,7.100000000000162e-05,-4.000000000000531e-06,-0.00018899999999999473
38582,0.010639,0.000283,-0.065402,0.00010600000000000019,0.000207,-4.400000000000237e-05
42364,0.011682,-0.011829000000000001,-0.065018,0.00017300000000000128,-0.00013599999999999897,-0.00020999999999998797
42014,0.013031000000000001,0.001677,-0.072615,2.599999999999998e-05,0.00023099999999999987,-2.6000000000012125e-05
41003,0.006454,0.01235,-0.06918,-0.0001319999999999993,-8.000000000000021e-05,1.5000000000001124e-05
38874,0.001936,-0.00899,-0.06993200000000001,0.000201,7.900000000000094e-05,-0.00015299999999998648
40727,-0.008237999999999999,-0.001657,-0.06712699999999999,0.0002289999999999983,0.00020199999999999992,-0.00046000000000001595
37975,-0.003261,0.011356999999999999,-0.06670999999999999,4.49999999999999e-05,0.00011400000000000125,0.00011599999999999111
35102,-0.006743000000000001,-0.006109,-0.06891800000000001,0.00015700000000000002,0.00016099999999999969,-0.00015999999999999348
41042,-0.011496000000000001,0.008362999999999999,-0.07089100000000001,-8.199999999999874e-05,0.00021000000000000185,0.00015300000000001424
42207,0.001036,0.002115,-0.065775,7.600000000000011e-05,6.600000000000009e-05,-0.0002370000000000011
41766,0.002627,-0.0028020000000000002,-0.063804,0.00033100000000000013,0.00015100000000000053,-0.0004819999999999963
40234,-0.009091,-0.0063289999999999996,-0.067403,6.500000000000082e-05,0.0001429999999999999,-0.0001719999999999916
41402,-0.01252,0.005162,-0.06433799999999999,4.900000000000043e-05,2.599999999999998e-05,-7.900000000000962e-05
42495,-0.013406000000000001,0.010048,-0.07276099999999999,4.800000000000117e-05,0.00012400000000000085,3.299999999999137e-05
37423,0.003312,0.0036810000000000002,-0.069913,0.00021700000000000018,0.00027599999999999934,-0.00014000000000000123
36723,0.015375,0.003399,-0.06710200000000001,7.000000000000062e-06,0.0002049999999999999,-5.5999999999986616e-05
41363,0.015554,0.0022029999999999997,-0.065795,5.400000000000023e-05,0.0001540000000000005,-0.0001749999999999946
39663,0.014656,-0.012119999999999999,-0.06997,0.00014599999999999856,9.199999999999833e-05,-0.00010799999999999699
42517,0.015751,-0.013058,-0.069215,9.299999999999933e-05,3.799999999999984e-05,-4.200000000000037e-05
36549,0.003225,0.006178,-0.062696,7.399999999999985e-05,0.00025600000000000015,0.0001799999999999996
29830,0.001678,0.011964,-0.068937,1.5999999999999955e-05,0.00011299999999999852,8.700000000000374e-05
42505,-0.002099,0.00753,-0.07345499999999999,8.100000000000034e-05,0.0003010000000000009,-3.799999999999637e-05
41092,-0.010738,0.001957,-0.064383,-9.000000000000327e-06,0.00013299999999999987,-0.00039500000000000646
41933,-0.00985,-0.006872,-0.06584699999999999,8.099999999999948e-05,5.5999999999999626e-05,-0.0003770000000000162
37470,0.00447,0.005198,-0.066656,6.099999999999942e-05,0.00020799999999999898,5.000000000000837e-05
35610,-0.00637,-0.000216,-0.07349800000000001,2.999999999999531e-06,0.000273,-0.00014499999999999236
42634,0.010513999999999999,-0.011430999999999998,-0.067883,7.100000000000162e-05,0.00010999999999999899,-0.0003470000000000001
39404,0.005157,0.007069,-0.066247,5.1999999999999096e-05,0.00018899999999999993,-8.199999999999874e-05
17102,0.000363,0.009712,-0.067953,1.0000000000000026e-05,0.0001899999999999992,5.1999999999996493e-05
41706,-0.006628,-0.006073,-0.067225,0.00029100000000000046,0.00016900000000000075,-0.00021300000000000485
34728,0.0007650000000000001,0.010176000000000001,-0.067753,-1.0000000000000026e-05,0.000167999999999998,4.799999999999249e-05
42234,1.7e-05,0.011041,-0.068517,-2.9e-05,0.0001349999999999997,4.800000000000637e-05
35113,0.011457,0.004457,-0.06769199999999999,9.099999999999907e-05,0.00021400000000000065,-0.00010000000000001674
41649,0.0009360000000000001,-0.009334,-0.068738,0.0001209999999999999,7.199999999999915e-05,-0.00017300000000000648
40720,-0.004059999999999999,-0.0066500000000000005,-0.069247,0.0002579999999999991,2.4000000000000583e-05,-0.00026900000000000535
39835,0.002816,0.002666,-0.06768099999999999,0.00022099999999999984,0.00025600000000000015,1.7999999999990246e-05
42041,0.006296,0.002634,-0.06149,9.399999999999947e-05,0.00016400000000000008,-4.999999999991123e-06
40997,-0.004998,0.008643000000000001,-0.072422,7.499999999999955e-05,0.00016299999999999822,-1.4000000000000123e-05
41416,0.011933,-0.012454,-0.062235,-6.699999999999935e-05,0.00016400000000000095,-8.299999999999974e-05
42218,-0.01265,0.007128,-0.069165,3.199999999999904e-05,0.0003560000000000004,-6.699999999999762e-05
39337,0.016448,0.003326,-0.06875,7.199999999999915e-05,8.5e-05,-1.2999999999999123e-05
42020,-0.015439,-0.00766,-0.073339,4.0000000000000105e-05,0.00024000000000000063,-8.599999999998886e-05
37358,0.010413,0.0060030000000000005,-0.06847400000000001,3.399999999999931e-05,0.0001499999999999991,-5.4999999999985616e-05
40008,0.000163,-0.006966999999999999,-0.06993899999999999,0.00015500000000000003,5.7999999999999025e-05,-0.00012000000000000899
36082,0.003942,8.9e-05,-0.067024,0.00017399999999999968,6.400000000000001e-05,-0.00037900000000000433
22358,0.009891,0.003978000000000001,-0.070337,0.00014099999999999877,0.0003159999999999986,-0.00013599999999999723
41665,0.011639,-0.007948,-0.066865,5.7999999999999025e-05,9.800000000000086e-05,-6.20000000000065e-05
27266,0.0018839999999999998,0.008787000000000001,-0.07250799999999999,-2.7999999999999813e-05,0.00016899999999999728,-4.800000000000637e-05
41703,-0.005364,-0.00095,-0.06955700000000001,0.00020199999999999992,0.00028,-0.0003819999999999796
39521,0.004775000000000001,0.003245,-0.065604,0.00010899999999999972,9.099999999999994e-05,-0.0001239999999999991
28193,-0.000175,0.008006000000000001,-0.071188,3.200000000000002e-05,0.00021099999999999938,3.499999999999337e-05
37366,0.01013,0.005782,-0.06405,9.400000000000033e-05,0.0002360000000000001,-5.500000000001337e-05
42552,0.004817999999999999,0.009937,-0.07132599999999999,-1.599999999999952e-05,0.00015300000000000036,-4.400000000001625e-05
41977,0.00073,0.0022480000000000004,-0.065498,6.000000000000005e-05,7.099999999999945e-05,-0.0001870000000000066
42285,-0.009948,-0.008289,-0.066635,5.300000000000096e-05,5.10000000000007e-05,-0.0004050000000000026
39954,0.001692,-0.001306,-0.06595999999999999,0.00017700000000000007,0.00014499999999999995,-0.0003590000000000121
40735,-0.013019,-0.000361,-0.07300799999999999,-1.5000000000001124e-05,0.00022,-9.100000000000774e-05
39510,0.004627,0.004212,-0.070357,0.00017799999999999934,0.00023700000000000023,-0.0001280000000000031
39923,1e-06,0.006019,-0.06968600000000001,0.000102,0.00020899999999999998,-8.699999999998986e-05
29483,0.007141,0.0074589999999999995,-0.069273,6.100000000000029e-05,0.00020000000000000052,-0.00014400000000000523
42137,-0.014249000000000001,0.0011790000000000001,-0.066881,7.900000000000094e-05,0.00021699999999999975,-0.0002909999999999996
41935,-0.012901999999999999,-0.0026190000000000002,-0.066763,0.00017599999999999734,0.00010800000000000002,-0.0003090000000000037
41005,0.000633,-0.004091,-0.070062,0.00020199999999999992,0.00016899999999999988,-0.00020599999999999785
32999,0.001661,0.010015000000000001,-0.067327,-2.3000000000000017e-05,0.00015599999999999815,3.999999999999837e-05
38631,0.006083,-0.008261,-0.069853,0.0002180000000000003,5.7999999999999025e-05,-0.00026700000000000335
41032,0.0035139999999999998,0.006508,-0.06810899999999999,7.000000000000062e-06,0.00011200000000000012,-0.00010600000000000886
37988,0.009094,0.007652,-0.066194,9.70000000000016e-05,0.00017399999999999968,-6.0999999999991616e-05
39077,0.008521,-0.0032879999999999997,-0.065761,1.799999999999892e-05,0.0002289999999999996,-3.999999999999837e-05
42483,0.004594,0.007202,-0.06792400000000001,2.0000000000002655e-06,6.200000000000042e-05,-9.699999999998599e-05
39605,-0.001867,0.001123,-0.06542,2.9999999999997477e-06,5.699999999999976e-05,-0.00011599999999999111
36518,0.014489,-0.003642,-0.06825400000000001,0.00020799999999999985,2.0000000000000052e-05,-5.999999999992123e-06
41320,0.008045,0.00594,-0.06714400000000001,-0.00010199999999999966,0.00020300000000000006,-5.9999999999990616e-05
39962,0.009249,0.005713,-0.067358,-4.60000000000009e-05,0.0002729999999999998,-6.60000000000105e-05
37982,0.009179999999999999,-8.8e-05,-0.067094,0.00012599999999999938,0.00019999999999999998,-0.00015199999999999936
42298,-0.00026900000000000003,-0.003611,-0.064586,0.00022100000000000003,0.00018899999999999993,-0.0004740000000000022
41546,0.013231999999999999,-0.010138,-0.069145,0.00011500000000000052,0.00011599999999999978,-4.000000000004e-06
36191,-0.0008179999999999999,0.007690000000000001,-0.066096,-2.3000000000000017e-05,0.0002689999999999984,3.300000000000525e-05
34145,0.014474,0.000996,-0.069111,5.599999999999876e-05,5.800000000000011e-05,-7.799999999998086e-05
42205,-0.010572,-0.001267,-0.062624,0.0001360000000000007,0.000281,-0.0003559999999999952
41393,-0.0011799999999999998,0.002356,-0.069961,0.0001929999999999998,0.00030199999999999975,-0.00017400000000000748
35128,0.013531000000000001,0.0030369999999999998,-0.06718,7.199999999999915e-05,0.00023300000000000013,-7.999999999999674e-05
41343,-0.00092,-0.003336,-0.066131,0.0001960000000000001,0.0001780000000000002,-0.0005370000000000097
41735,0.015718,-0.004812,-0.06643600000000001,0.00015100000000000183,0.00016100000000000055,-1.2999999999985246e-05
37734,0.011840999999999999,-0.0033929999999999997,-0.06713,0.00017500000000000154,0.000291,-0.00016300000000001036
37969,-0.003241,0.0034519999999999998,-0.06757099999999999,1.0000000000000026e-05,0.0001690000000000003,-6.0000000000060005e-06
35618,-0.007083,0.003878,-0.06559000000000001,4.100000000000024e-05,0.00015200000000000066,-0.00011799999999999311
39005,-0.01226,0.000837,-0.07259499999999999,5.9000000000000025e-05,0.00029,-0.00016200000000000936
42524,-0.012355,0.0055179999999999995,-0.068037,0.00013699999999999997,0.000255,1.1999999999998123e-05
42499,-0.004188,-0.009712,-0.06804900000000001,0.00011099999999999999,0.0001299999999999999,-0.00012599999999998723
42330,-0.011521,-0.008685,-0.06647499999999999,2.0000000000002655e-06,4.900000000000043e-05,-0.0004590000000000011
15880,-0.0008110000000000001,0.006218,-0.070912,2.0000000000000052e-05,0.00017400000000000054,-7.700000000000762e-05
40196,-0.007481,0.006526,-0.06394,-3.800000000000071e-05,0.00014800000000000056,-8.600000000000274e-05
41620,0.0005679999999999999,0.0022730000000000003,-0.063373,0.00017100000000000004,0.0002919999999999997,-0.00014899999999999636
34833,0.012172,-0.001879,-0.065378,6.199999999999956e-05,0.00019300000000000003,-6.399999999998074e-05
38585,0.007613000000000001,-0.010106,-0.06745699999999999,0.0002479999999999991,-2.3999999999999716e-05,-0.0001390000000000141
34209,0.004443,0.007958999999999999,-0.06926399999999999,5.9000000000000025e-05,0.00020000000000000226,-7.500000000000562e-05
40132,-0.002211,0.002762,-0.066528,7.499999999999955e-05,0.00027999999999999987,-1.5999999999988246e-05
41004,0.0018549999999999999,0.001526,-0.067944,0.00011900000000000018,0.000281,-0.0003539999999999932
33280,0.010339000000000001,0.001373,-0.067956,5.4999999999999494e-05,0.0002719999999999999,-3.099999999998937e-05
