Particle,x,y,z,Vx,Vy,Vz
3813,0.003935,0.011424,-0.073187,0.0,0.0,0.0
908,0.005383,0.004993,-0.06919,0.0,0.0,0.0
6451,0.011134,-0.004393,-0.069111,0.0,0.0,0.0
4197,-0.006042,-0.00098,-0.063522,0.0,0.0,0.0
6083,-0.007831000000000001,0.001712,-0.075304,0.0,0.0,0.0
6065,-0.002787,0.012901999999999999,-0.065797,0.0,0.0,0.0
6414,-0.000152,-0.012048999999999999,-0.077004,0.0,0.0,0.0
6116,-0.005551,0.0021869999999999997,-0.062414000000000004,0.0,0.0,0.0
5192,-0.006585,-0.007352,-0.068107,0.0,0.0,0.0
73,0.005664,0.012307,-0.073408,0.0,0.0,0.0
3108,0.004018,0.0035150000000000003,-0.069835,0.0,0.0,0.0
1613,0.004183,0.006265,-0.072549,0.0,0.0,0.0
6443,-0.012988,0.011339,-0.067816,0.0,0.0,0.0
3165,0.007543,0.008925,-0.066521,0.0,0.0,0.0
6623,0.004945000000000001,0.000714,-0.068017,0.0,0.0,0.0
3797,-0.015417,0.004378,-0.072003,0.0,0.0,0.0
6315,0.013007,-0.007751,-0.064524,0.0,0.0,0.0
3758,0.0043159999999999995,0.000962,-0.070743,0.0,0.0,0.0
6195,0.014343999999999999,0.003408,-0.061142,0.0,0.0,0.0
6479,-0.000114,0.00232,-0.067563,0.0,0.0,0.0
5879,-0.014134,-0.011128,-0.067411,0.0,0.0,0.0
6512,-0.004417,-0.003368,-0.060808,0.0,0.0,0.0
36,-0.004458999999999999,0.012727,-0.06994299999999999,0.0,0.0,0.0
5696,-0.009663999999999999,-0.002721,-0.06848699999999999,0.0,0.0,0.0
6039,0.005758,-0.009971,-0.074625,0.0,0.0,0.0
5165,-0.011268,-0.010853999999999999,-0.069951,0.0,0.0,0.0
6499,0.006307,-0.010235,-0.074027,0.0,0.0,0.0
6428,0.002029,-0.010279,-0.067166,0.0,0.0,0.0
6502,-0.007804,-0.001375,-0.065156,0.0,0.0,0.0
4411,-0.0059640000000000006,0.003074,-0.064214,0.0,0.0,0.0
6422,0.0073869999999999995,-0.0006129999999999999,-0.061842,0.0,0.0,0.0
184,-0.007428,0.0094,-0.066703,0.0,0.0,0.0
6508,-0.00466,-0.009929,-0.060967,0.0,0.0,0.0
102,-0.009345000000000001,0.011457,-0.062155,0.0,0.0,0.0
5892,0.018251999999999997,-0.005823,-0.067633,0.0,0.0,0.0
4190,0.01529,-0.0062629999999999995,-0.06754600000000001,0.0,0.0,0.0
6070,0.0108,-0.0070350000000000005,-0.069339,0.0,0.0,0.0
6145,-0.008046,-0.0024649999999999997,-0.062741,0.0,0.0,0.0
6107,-0.009819000000000001,0.002133,-0.076481,0.0,0.0,0.0
3117,0.005256,0.012407999999999999,-0.073104,0.0,0.0,0.0
4127,-0.009208000000000001,0.005095,-0.069905,0.0,0.0,0.0
5754,0.010926,0.011250999999999999,-0.077257,0.0,0.0,0.0
400,0.004953,0.002624,-0.065866,0.0,0.0,0.0
4061,-0.005188,-0.0029100000000000003,-0.072291,0.0,0.0,0.0
150,0.013164,0.012237999999999999,-0.068943,0.0,0.0,0.0
6415,0.009132,-0.0073230000000000005,-0.061932,0.0,0.0,0.0
4576,-0.012797000000000001,-0.010648,-0.072598,0.0,0.0,0.0
6288,0.003503,0.0038610000000000003,-0.064232,0.0,0.0,0.0
6099,0.007556,-0.007455,-0.06370300000000001,0.0,0.0,0.0
858,-0.002767,-0.006923,-0.072785,0.0,0.0,0.0
3118,-0.00309,-0.010525,-0.06946200000000001,0.0,0.0,0.0
6541,-0.010353,-0.0033900000000000002,-0.06079,0.0,0.0,0.0
2169,0.0025009999999999998,0.010128999999999999,-0.071755,0.0,0.0,0.0
5790,0.014048999999999999,0.006338,-0.07181799999999999,0.0,0.0,0.0
5157,0.003837,-0.01095,-0.062466,0.0,0.0,0.0
226,-0.000919,0.003576,-0.067486,0.0,0.0,0.0
6117,0.008128999999999999,0.002541,-0.06021,0.0,0.0,0.0
6106,0.01126,-0.00771,-0.06631699999999999,0.0,0.0,0.0
3507,0.008036,-0.010702999999999999,-0.064511,0.0,0.0,0.0
617,-0.002529,0.007432,-0.073857,0.0,0.0,0.0
248,-0.016329,0.004691,-0.069063,0.0,0.0,0.0
6744,-0.011932,0.005397,-0.073595,-9.000000000000327e-06,-2.499999999999985e-05,5.999999999992123e-06
6090,0.001253,-0.008153,-0.071916,-9.100000000000015e-05,-7.000000000000062e-06,2.2999999999995246e-05
6419,0.01251,-0.004836,-0.071639,2.1000000000000185e-05,6.600000000000009e-05,5.999999999992123e-06
4412,0.009461,0.007664,-0.06412699999999999,-9.999999999992654e-07,0.00010800000000000046,-8.000000000021878e-06
1845,-0.005224,0.003041,-0.06598000000000001,-5.699999999999976e-05,0.00022100000000000028,-0.0001729999999999926
2252,-0.008463,-0.010196,-0.068038,0.00014800000000000056,0.00013900000000000023,0.00016499999999999848
171,0.001618,0.008187,-0.075376,0.00013799999999999988,-3.900000000000084e-05,-0.00010199999999999099
6047,-0.00911,0.001522,-0.072497,5.800000000000076e-05,3.899999999999997e-05,-5.2999999999997494e-05
6645,-0.008018,-0.000388,-0.062441,5.000000000000143e-05,0.000285,-7.599999999999968e-05
6774,0.009692000000000001,0.008962,-0.06494,-4.900000000000043e-05,9.60000000000006e-05,-0.0001260000000000011
302,0.006318,-0.003291,-0.068125,9.900000000000013e-05,0.0001250000000000001,-9.399999999998299e-05
3260,0.00495,0.0033020000000000002,-0.074178,-7.300000000000102e-05,5.600000000000006e-05,-0.00022300000000000098
6903,0.0038610000000000003,-0.010371,-0.06443,0.00037299999999999963,9.299999999999933e-05,4.200000000000037e-05
6194,-0.009867,0.009321,-0.07575799999999999,-0.0001289999999999989,-3.299999999999831e-05,-6.60000000000105e-05
6448,-0.013321,0.01209,-0.067849,-7.600000000000141e-05,-2.300000000000045e-05,2.9000000000015125e-05
6934,-0.005089000000000001,0.012603999999999999,-0.063107,5.6000000000000494e-05,0.0003280000000000019,-0.0001880000000000076
6531,0.012172,-0.006443,-0.073272,7.599999999999794e-05,-4.700000000000017e-05,-0.00010199999999999099
6875,0.014478,0.001363,-0.063488,2.9999999999998778e-05,3.8999999999999755e-05,-0.00012099999999999611
5570,0.013534000000000001,-0.003222,-0.073734,-1.4000000000001858e-05,4.6000000000000034e-05,5.2999999999997494e-05
6790,-0.013692,0.000553,-0.07657299999999999,3.7000000000000574e-05,-6.400000000000004e-05,-2.9000000000015125e-05
6417,-0.006643,-0.0028079999999999997,-0.069634,4.5999999999999167e-05,9.89999999999997e-05,2.3999999999996247e-05
5325,0.0022789999999999998,-0.005646,-0.07045699999999999,0.00011300000000000025,3.099999999999978e-05,-0.0002430000000000071
6409,-0.006804,0.004113,-0.065088,0.00012600000000000024,0.0002779999999999996,0.00014399999999999136
3765,-0.005779,-0.006882,-0.07131399999999999,-4.900000000000043e-05,0.00013500000000000057,8.999999999981245e-06
4436,0.010163,0.004515,-0.073018,-0.00011500000000000052,5.199999999999996e-05,-0.00013299999999999423
4392,-0.0054080000000000005,0.003998,-0.064429,4.49999999999999e-05,0.00042300000000000063,4.699999999999149e-05
456,-0.0065910000000000005,0.013169,-0.06400499999999999,4.200000000000037e-05,0.00024000000000000063,8.799999999999086e-05
5579,0.012525,0.001905,-0.061993,-5.7999999999999025e-05,0.0002279999999999999,6.0999999999998555e-05
4966,-0.014584,-0.006253999999999999,-0.074672,-0.00020400000000000106,0.0001479999999999997,0.0001310000000000061
6440,-0.010387,-0.005352,-0.064393,0.0001299999999999999,0.00014999999999999996,-3.599999999999437e-05
6092,-0.009869999999999999,-0.001222,-0.062019,-8.6000000000001e-05,0.00034099999999999994,-5.4999999999999494e-05
6538,0.011551,-0.0070599999999999994,-0.070677,2.599999999999998e-05,-6.800000000000035e-05,-8.699999999998986e-05
6917,-0.005647,-0.008682,-0.07722499999999999,0.0001330000000000003,-6.699999999999935e-05,1.5000000000001124e-05
6156,0.0031509999999999997,-0.0033889999999999997,-0.063496,0.0003200000000000004,0.0002629999999999998,0.00013599999999999723
5799,-0.000202,-0.00034899999999999997,-0.057409,3.7000000000000005e-05,0.000205,-0.00010999999999999899
6520,-0.000391,0.001418,-0.059059,-1.799999999999995e-05,0.00017500000000000003,-7.000000000000062e-06
6257,-0.001365,0.006907,-0.061842,7.499999999999976e-05,0.00022599999999999964,-8.099999999999774e-05
6079,-0.006854,-0.006859,-0.06676900000000001,-4.0000000000000105e-05,0.00022400000000000024,4.200000000000037e-05
6486,-0.002367,0.003434,-0.059502,4.9e-05,0.00020399999999999975,-7.000000000000062e-05
6946,-0.007489,0.010863,-0.075116,-2.8999999999999512e-05,-8.199999999999874e-05,-3.799999999999637e-05
6869,-0.010613,0.012673,-0.062681,6.399999999999982e-05,4.200000000000037e-05,0.0002510000000000012
3786,0.013604,0.002054,-0.071515,-1.8999999999998185e-05,0.00013900000000000023,-0.00016100000000000836
6411,0.014757999999999999,-0.009606,-0.06976099999999999,-1.8999999999998185e-05,7.600000000000141e-05,-0.00023100000000000898
6894,0.011524,-0.0008110000000000001,-0.062666,0.00011199999999999925,0.00024300000000000016,7.499999999999174e-05
6773,-0.00047299999999999995,0.013119,-0.06486199999999999,0.00014199999999999993,0.000253999999999999,-0.000133000000000022
5554,0.009922,-0.010686,-0.072088,-5.20000000000017e-05,0.00014199999999999803,-0.00010799999999999699
6906,0.000221,-0.012833,-0.06844,0.00025299999999999997,0.00010899999999999972,-0.00014300000000000423
6798,0.009379,0.000115,-0.077008,5.999999999999929e-05,-8.400000000000001e-05,1.4000000000000123e-05
3518,-0.004849,0.010395,-0.06832099999999999,2.0999999999999318e-05,0.000253999999999999,-0.00017600000000000948
4348,-0.015691,0.003383,-0.072033,-0.00012999999999999817,-0.00019200000000000033,0.00011899999999999411
7027,-0.0071070000000000005,-0.008761,-0.06937399999999999,3.4000000000000176e-05,0.00011399999999999952,7.799999999998086e-05
554,0.004889999999999999,-0.001193,-0.074242,-1.9999999999999185e-05,-0.00010300000000000001,-0.0002209999999999851
6799,0.000744,0.0045179999999999994,-0.064015,-3.499999999999998e-05,0.00011000000000000072,0.0
917,0.00916,0.003141,-0.073631,-9.99999999999994e-05,4.000000000000097e-06,-2.2000000000008124e-05
6252,0.004699,0.0009130000000000001,-0.056423,-3.9999999999996635e-06,0.00031399999999999993,-0.0001759999999999956
2454,-0.012322,-0.002898,-0.071083,-0.00014099999999999877,4.8999999999999565e-05,-6.30000000000075e-05
869,-0.0040030000000000005,0.0054080000000000005,-0.070623,-7.799999999999994e-05,0.00014599999999999943,-0.00013199999999999323
4821,-0.000373,-0.011391,-0.06522,0.000274,0.00021700000000000018,-0.00023000000000000798
4734,-0.004345,-0.007813,-0.071728,2.4000000000000583e-05,0.00010400000000000079,-2.8000000000000247e-05
6510,-0.004622,-0.004248999999999999,-0.068395,4.700000000000017e-05,0.0002529999999999989,2.3999999999996247e-05
5288,0.005568,0.002255,-0.07618000000000001,-0.0001540000000000005,-8.699999999999984e-05,-0.00031899999999998596
4541,0.006378,0.002427,-0.062584,1.7999999999999787e-05,0.00017,9.699999999999986e-05
6771,0.006438,0.009336,-0.061731,-7.300000000000015e-05,0.00015699999999999915,0.0002529999999999963
6776,0.011516,-0.0030470000000000002,-0.069115,-7.300000000000015e-05,8.600000000000057e-05,0.00014600000000000724
5388,0.005572,0.0044020000000000005,-0.06155,-6.700000000000022e-05,0.00015999999999999955,-7.599999999999968e-05
6584,-0.004617,-0.004201,-0.05853,-4.30000000000005e-05,0.00015199999999999936,-8.200000000000568e-05
74,0.004325,0.000358,-0.066298,-7.499999999999955e-05,9.000000000000002e-05,-3.600000000000825e-05
6470,-0.009994999999999999,0.008208,-0.076071,-9.900000000000013e-05,-8.99999999999998e-05,-3.799999999999637e-05
6826,-0.009732,-0.005026,-0.058055999999999996,-5.300000000000096e-05,0.0003389999999999999,9.599999999999886e-05
5883,0.018371,-0.008013999999999999,-0.07001399999999999,5.000000000001531e-06,3.099999999999804e-05,-3.400000000000625e-05
439,-0.015541000000000001,-0.009714,-0.07018,-7.099999999999988e-05,0.0,2.6000000000012125e-05
6391,-0.000955,0.008246999999999999,-0.07127,-1.9999999999999944e-05,-3.5999999999999574e-05,-0.00014599999999999336
6905,-0.002859,-0.010473000000000001,-0.062824,0.0003250000000000002,0.00020600000000000132,-0.0002479999999999982
6465,-0.008867000000000002,0.008504,-0.076661,-9.499999999999786e-05,-3.5999999999999574e-05,4.099999999999937e-05
5233,0.005763,-0.001931,-0.06443800000000001,0.0001280000000000005,0.00013000000000000012,-3.499999999999337e-05
6381,0.012946999999999998,0.012053000000000001,-0.070021,-0.00025199999999999875,7.099999999999988e-05,-4.400000000000237e-05
6535,-0.012121,-0.008945999999999999,-0.07242799999999999,-2.3999999999999716e-05,0.00023599999999999836,6.899999999999962e-05
812,0.008455,0.007668,-0.074185,-0.0002020000000000008,-7.099999999999988e-05,-5.7000000000001494e-05
4100,0.006757,-0.004636,-0.069001,8.399999999999987e-05,0.0001280000000000005,-8.299999999999974e-05
6325,0.014154,0.007526,-0.064624,-5.400000000000023e-05,4.900000000000043e-05,-5.4999999999999494e-05
399,0.0079,0.013302,-0.069191,-0.0001230000000000007,0.00011199999999999925,-0.00014600000000000724
3220,7.3e-05,-0.006593,-0.071461,-6.8e-05,1.4000000000000123e-05,-2.000000000002e-06
3826,0.005056,-0.004886,-0.067184,7.900000000000008e-05,0.00013200000000000017,-3.400000000000625e-05
7067,-0.004817,-0.008195000000000001,-0.07359399999999999,-3.0000000000000512e-05,2.000000000000092e-05,-3.2000000000018125e-05
130,0.01022,0.006777,-0.065483,-7.100000000000162e-05,0.0002379999999999995,-8.999999999999286e-05
7160,-0.007537,-0.009460000000000001,-0.059734,0.00013500000000000057,0.00023600000000000183,5.200000000000343e-05
111,-0.012114000000000002,0.000498,-0.06783,-2.099999999999845e-05,-7.399999999999996e-05,-0.00014199999999998936
6494,0.007168,-0.007054,-0.069173,5.500000000000036e-05,-3.099999999999978e-05,-2.1000000000007124e-05
5817,0.010499000000000001,-0.0066040000000000005,-0.068949,6.599999999999835e-05,4.60000000000009e-05,1.5000000000001124e-05
4818,0.004026,-0.003871,-0.061999000000000005,2.8000000000000247e-05,0.0002549999999999996,3.300000000000525e-05
3801,0.009859999999999999,0.00041,-0.073067,-0.00018099999999999887,-4.7000000000000004e-05,-6.70000000000115e-05
3120,0.008323,-0.004369,-0.066829,8.299999999999974e-05,9.599999999999973e-05,-3.100000000000325e-05
4726,-0.011034,0.007083,-0.070987,-6.700000000000109e-05,7.000000000000062e-06,-3.0000000000030003e-06
6542,-0.01216,-0.008605999999999999,-0.06519499999999999,0.0001899999999999992,8.599999999999927e-05,0.00027299999999999547
7090,0.007456000000000001,-0.010881,-0.06902599999999999,-8.000000000000194e-06,2.700000000000098e-05,-4.099999999999937e-05
6891,-0.00304,-0.00316,-0.06654600000000001,0.0001550000000000002,0.0002890000000000002,-0.00010499999999999399
5224,0.010329000000000001,-0.009545999999999999,-0.066363,3.8999999999999105e-05,0.00018499999999999767,3.700000000000925e-05
6856,-0.005979,-0.011706,-0.061712,0.00013100000000000004,0.0002959999999999994,-5.1999999999996493e-05
6944,0.000406,0.005816,-0.062637,-6.799999999999997e-05,0.00021199999999999952,-3.200000000000425e-05
6583,0.010477,-0.006809,-0.063036,4.200000000000037e-05,0.0002999999999999999,-4.200000000001425e-05
7116,-0.011637999999999999,-0.004293999999999999,-0.07428900000000001,-6.100000000000029e-05,-2.3000000000001318e-05,-4.399999999998849e-05
7126,0.007796,-0.00615,-0.07325100000000001,-7.000000000000062e-06,-5.199999999999996e-05,-7.599999999999274e-05
6444,0.001789,-0.003598,-0.075446,1.9999999999998318e-06,-7.99999999999976e-06,-0.00019299999999999873
4502,0.010837,0.004067,-0.06683700000000001,-0.00010800000000000046,0.00022099999999999984,-0.00010099999999998999
6412,0.001325,-0.009203,-0.072343,1.500000000000004e-05,-1.600000000000039e-05,-5.7999999999988616e-05
7082,-0.009217000000000001,0.006596,-0.074724,-9.799999999999913e-05,6.099999999999942e-05,7.699999999999374e-05
44,-0.011300000000000001,-0.008386,-0.06798399999999999,4.4000000000000636e-05,9.199999999999833e-05,0.0002819999999999906
6402,-0.007963,-0.009720000000000001,-0.067966,9.49999999999996e-05,0.00032100000000000184,0.00016099999999999448
4391,-0.002372,0.007517,-0.061133,-1.299999999999999e-05,0.0002599999999999998,-1.5000000000001124e-05
519,-0.003432,0.010603999999999999,-0.0702,7.700000000000025e-05,5.8000000000002494e-05,-4.200000000000037e-05
6847,0.004772,-0.005912,-0.060675,6.299999999999969e-05,0.0003469999999999992,-1.9999999999999185e-05
6506,-0.002034,0.010047,-0.061255000000000004,-0.00012000000000000031,0.0002889999999999993,0.00010100000000000386
2290,0.009358,0.009273,-0.067856,-0.000171000000000001,-1.899999999999992e-05,-0.00013099999999999223
537,-0.010256,0.008898999999999999,-0.063702,5.7999999999999025e-05,-1.9999999999985307e-06,0.00012199999999999711
1245,0.004063,0.007248999999999999,-0.07757,-2.7000000000000114e-05,-1.0999999999998858e-05,-5.8000000000002494e-05
7167,0.017365,-0.002736,-0.065402,3.600000000000131e-05,0.0001860000000000004,-6.30000000000075e-05
6476,0.016464,0.000894,-0.07356399999999999,2.0000000000002655e-05,0.00015499999999999997,-0.00015800000000000536
7220,-0.000996,0.002811,-0.060732999999999995,-1.500000000000004e-05,0.00021199999999999995,4.999999999999449e-05
6128,-0.007144,-0.007392999999999999,-0.070514,6.500000000000082e-05,0.00011200000000000012,0.00012999999999999123
4082,-0.012647,0.008815,-0.06986400000000001,-2.5000000000000716e-05,-5.800000000000076e-05,2.5000000000011124e-05
7112,0.0055,0.00495,-0.058313000000000004,3.300000000000091e-05,0.00019899999999999952,2.6999999999999247e-05
843,0.010724000000000001,-0.007053,-0.068081,7.399999999999941e-05,0.00018500000000000027,3.199999999999037e-05
2802,-0.013876,0.005516,-0.07202,-0.00014699999999999956,-0.00011200000000000012,5.1999999999996493e-05
7138,-0.014785999999999999,-0.008567,-0.070319,-6.500000000000256e-05,-9.000000000000327e-06,7.999999999999674e-05
6900,-0.004366,-0.007988,-0.06508199999999999,0.0002230000000000001,0.00023999999999999976,4.7999999999978615e-05
7277,0.012084,-0.010785,-0.063571,0.00012300000000000158,0.00038000000000000013,3.999999999999837e-05
6581,0.010424,-0.011304,-0.065907,2.599999999999998e-05,0.00016399999999999922,2.2999999999995246e-05
6418,-0.005026,-0.0019,-0.061088,6.000000000000016e-05,0.00019300000000000003,-0.00018399999999999667
6091,-0.005746,-0.000303,-0.072088,-8.99999999999946e-06,3.499999999999998e-05,-5.3999999999998494e-05
7263,0.0014570000000000002,0.009278999999999999,-0.067319,6.199999999999977e-05,3.900000000000084e-05,0.00014899999999999636
6777,-0.001664,-0.007073,-0.062424999999999994,0.00016399999999999987,0.0003340000000000001,-5.600000000000743e-05
6962,0.010039999999999999,-0.013121,-0.070342,3.8000000000001574e-05,0.00011100000000000172,3.799999999999637e-05
7117,-0.01196,-0.011519999999999999,-0.074587,-2.9000000000001247e-05,0.00011800000000000005,0.00015399999999998748
7111,-0.001883,-0.006596,-0.06281,0.0002099999999999999,0.00037800000000000073,-0.00010899999999999799
7268,-0.000699,0.002178,-0.057936999999999995,4.199999999999994e-05,0.00021400000000000021,-0.00011200000000000099
6302,0.011839,-0.012785999999999999,-0.07082899999999999,1.2999999999999123e-05,3.699999999999884e-05,-6.30000000000075e-05
7134,-0.005998,0.005261,-0.077399,-0.0001250000000000001,4.700000000000017e-05,-6.50000000000095e-05
7069,0.009007,-0.005727,-0.071677,0.0,3.400000000000104e-05,1.7000000000003124e-05
4665,-0.008329000000000001,0.012764,-0.064183,-5.599999999999876e-05,0.00031500000000000104,6.1000000000005494e-05
2821,0.011961000000000001,-0.002932,-0.066759,7.199999999999915e-05,0.0002239999999999998,-4.300000000000137e-05
7142,0.005667,-0.009305999999999998,-0.062310000000000004,8.899999999999967e-05,0.0002449999999999987,-8.59999999999958e-05
437,-0.005575999999999999,-0.002676,-0.070915,0.00011099999999999912,0.000183,-3.9999999999901226e-06
7175,0.018142,-0.009051,-0.07231900000000001,-4.39999999999989e-05,7.599999999999968e-05,-0.00018499999999999073
6904,-0.002209,-0.002529,-0.057723,4.7999999999999866e-05,0.00028899999999999976,1.1999999999998123e-05
318,0.010018,0.0043360000000000004,-0.065966,-6.900000000000135e-05,0.0002029999999999992,-9.299999999999586e-05
6801,0.01026,0.008444,-0.071107,-0.00012100000000000131,6.800000000000035e-05,-0.00010799999999999699
6080,-0.012175,-0.001408,-0.075824,-5.800000000000076e-05,6.199999999999977e-05,-1.9000000000005124e-05
7246,0.017707999999999998,0.003206,-0.067592,-4.9999999999980616e-06,-4.49999999999999e-05,-0.0002889999999999976
6979,0.010568,-0.007829,-0.06017,0.00016600000000000122,0.0002239999999999985,6.899999999999962e-05
7346,-0.000915,0.011918,-0.060806,0.00013199999999999996,0.00021299999999999965,8.400000000000074e-05
3662,-0.016019,0.002033,-0.07061400000000001,-0.00014899999999999983,-9.100000000000015e-05,0.0
6256,0.005660999999999999,0.003056,-0.072586,-3.499999999999944e-05,1.899999999999992e-05,-0.00021699999999999497
5736,-0.009514,-0.001841,-0.062289000000000004,-9.400000000000033e-05,0.00014300000000000011,-6.399999999999462e-05
6287,0.011374,-0.0020800000000000003,-0.073323,0.00013900000000000023,9.500000000000003e-05,5.9000000000003494e-05
6999,0.012108,-0.009635,-0.06105,0.00019399999999999973,0.0002479999999999982,6.899999999999962e-05
6931,0.005816,0.012083,-0.06903100000000001,2.7000000000000114e-05,6.599999999999835e-05,-6.0999999999991616e-05
6709,-0.003927,-0.009657,-0.057065,6.900000000000005e-05,0.00034,0.00015300000000000036
6803,-0.006327,-0.011221,-0.073798,0.00013400000000000044,0.00019899999999999952,0.0002289999999999931
6791,0.010482,-0.009621000000000001,-0.072112,3.799999999999984e-05,0.0001310000000000009,-0.0001250000000000001
6579,-0.002468,-0.008232,-0.063029,0.00016400000000000052,0.00032399999999999964,-9.499999999999786e-05
6717,-0.010494,-0.003191,-0.06932899999999999,7.099999999999988e-05,0.00019999999999999966,4.899999999999349e-05
143,-0.000192,0.013044,-0.072298,0.000146,0.00014400000000000003,-0.00020699999999999885
6750,-0.00435,-0.007872,-0.072938,-3.799999999999984e-05,7.400000000000028e-05,3.700000000000925e-05
6413,-0.006593,-0.007026,-0.06855,0.00011500000000000052,0.00020800000000000072,2.8000000000000247e-05
6493,-0.002912,-0.01016,-0.06816599999999999,0.00011700000000000035,0.00025900000000000055,1.9999999999881224e-06
6521,-0.012446,0.010285,-0.065954,-1.8000000000000654e-05,-3.8000000000001574e-05,3.500000000000725e-05
5786,-0.007285,0.008702999999999999,-0.074177,4.100000000000024e-05,0.0,-0.00015199999999998548
1890,-0.001973,0.008650999999999999,-0.06879900000000001,-0.00012100000000000001,0.0001820000000000016,-0.00021599999999999397
7187,0.010102,-0.011715,-0.07194199999999999,-4.99999999999997e-05,0.00020400000000000106,-0.00010500000000000786
6781,-0.011823,-0.006666,-0.072188,-7.199999999999915e-05,7.600000000000055e-05,0.00027399999999999647
5523,0.002209,-0.0070350000000000005,-0.070267,2.599999999999998e-05,3.800000000000071e-05,-8.700000000000374e-05
5810,-0.006085,-0.011080999999999999,-0.064708,0.0003579999999999998,0.00017900000000000034,9.900000000000186e-05
5076,0.011851,-0.0055780000000000005,-0.069163,1.1999999999999858e-05,6.100000000000029e-05,-4.099999999998549e-05
6437,-0.004631000000000001,-0.0043360000000000004,-0.064625,0.00015600000000000076,0.00027399999999999994,-3.799999999999637e-05
3156,0.003384,-0.008973,-0.068716,4.0999999999999804e-05,5.400000000000023e-05,-5.000000000000837e-05
6889,0.016631,0.001338,-0.069013,-4.200000000000037e-05,0.00012700000000000016,-7.699999999999374e-05
5726,0.015937,0.000388,-0.070688,-0.00012200000000000058,0.00011899999999999997,-0.00015899999999999248
6996,-0.001641,0.000435,-0.068664,1.0000000000000026e-05,0.00026,-0.00013299999999999423
3435,0.0021219999999999998,0.011609999999999999,-0.06878400000000001,4.40000000000002e-05,0.0,-7.299999999998974e-05
4919,0.006274,-0.003978000000000001,-0.061459,7.099999999999988e-05,0.0003050000000000006,2.3999999999996247e-05
5049,-0.010323,-0.007437,-0.06919,8.500000000000174e-05,9.400000000000033e-05,0.0003630000000000022
5454,-0.003362,-0.010347,-0.061869,0.0002899999999999999,0.00018000000000000134,-0.0001409999999999953
6084,0.01183,-0.001981,-0.073372,0.00010699999999999946,7.90000000000003e-05,3.200000000000425e-05
5859,-0.00959,-0.011651,-0.067831,-2.300000000000045e-05,0.00027899999999999973,0.0001890000000000086
7192,-0.005103,-0.012735,-0.067399,0.00022199999999999998,0.0002370000000000011,-6.0000000000060005e-06
212,-0.008981,0.008436,-0.072449,2.099999999999845e-05,3.299999999999831e-05,-0.00015300000000000036
7127,0.00645,-0.003334,-0.076332,0.00012399999999999998,-5.3999999999999795e-05,-0.00014599999999999336
7204,0.00304,0.010757999999999998,-0.059195,-0.00012100000000000001,0.0003340000000000027,6.399999999999462e-05
912,0.014263999999999999,-0.001716,-0.064278,0.00012800000000000138,0.00016100000000000012,1.2999999999999123e-05
6748,-0.011559,0.000642,-0.075598,-6.600000000000009e-05,-1.0000000000000243e-06,-1.9000000000005124e-05
5395,-0.001426,0.012431,-0.06513,0.00013999999999999993,0.00028800000000000006,-0.00010699999999999599
6462,0.001381,0.007324,-0.07130800000000001,-7.700000000000003e-05,-4.0000000000000105e-05,-9.099999999999386e-05
6884,0.000795,-0.005574,-0.06362,0.0002099999999999998,0.000307,-0.00026400000000000035
6525,-0.0063230000000000005,0.008316,-0.077004,-1.3999999999999256e-05,3.8999999999999105e-05,-2.1999999999994246e-05
4607,-0.00679,0.00265,-0.06402,4.100000000000024e-05,0.00028800000000000006,-0.0001390000000000141
7089,-0.0044989999999999995,-0.003003,-0.07367,-1.299999999999999e-05,8.200000000000004e-05,-1.4000000000000123e-05
7364,0.000834,-0.0025099999999999996,-0.076612,-5.000000000000013e-06,-4.000000000000097e-06,-0.00015500000000000236
6807,-0.01041,-0.002897,-0.075279,-8.699999999999854e-05,-1.0000000000000026e-05,-7.200000000000262e-05
7107,0.004986,-0.001916,-0.07485699999999999,6.200000000000042e-05,-3.300000000000004e-05,-0.0001280000000000031
5779,-0.00959,-0.010853,-0.07153799999999999,0.00013599999999999897,0.00010099999999999866,-3.900000000001125e-05
5276,-0.011598,-0.009791000000000001,-0.071286,5.900000000000176e-05,0.0001520000000000011,7.900000000000962e-05
5315,0.014811,0.001426,-0.067778,-0.00018800000000000067,0.0,-7.499999999999174e-05
5982,-0.004517,0.007115,-0.06914000000000001,0.0,0.00016400000000000008,-0.00015799999999999148
6240,0.015144999999999999,-0.0046559999999999995,-0.074142,2.000000000002e-06,5.799999999999989e-05,-6.799999999999862e-05
6796,0.016915,-0.01068,-0.06902,4.599999999999743e-05,0.00016299999999999995,-1.9000000000005124e-05
6593,0.006467,0.002267,-0.071284,-0.0001429999999999999,-2.400000000000015e-05,-0.00013499999999999623
4406,-0.010341,-0.007534,-0.070274,1.9999999999985307e-06,0.00022400000000000024,0.00020799999999999985
7193,0.006596,-0.013134,-0.065878,0.00016299999999999995,5.9000000000000025e-05,-7.399999999999074e-05
6910,-0.011914,0.010225,-0.065139,9.000000000000327e-06,-8.900000000000054e-05,-1.1999999999998123e-05
6427,-0.00886,-0.002301,-0.074491,-0.0001010000000000004,-3.300000000000004e-05,-7.100000000000162e-05
3767,-0.006697,-0.001617,-0.073549,-7.200000000000002e-05,6.799999999999992e-05,-8.500000000000174e-05
51,-0.00679,0.005777999999999999,-0.072012,6.600000000000009e-05,7.100000000000075e-05,-7.399999999999074e-05
160,0.009901,0.006936,-0.070587,-0.00016000000000000042,8.5e-05,-6.20000000000065e-05
71,0.0031360000000000003,0.001658,-0.072149,-0.00011900000000000062,-3.000000000000008e-05,-0.00020299999999999485
53,0.003748,0.00821,-0.07206100000000001,1.0999999999999725e-05,-5.199999999999996e-05,-0.00013399999999998136
57,0.00022600000000000002,0.004674,-0.06874,-7.300000000000001e-05,8.99999999999998e-05,-0.00010999999999999899
6051,-0.012098000000000001,-0.001964,-0.072124,-0.00011799999999999831,-1.899999999999992e-05,-0.00010200000000000486
6134,0.014804,0.0035240000000000002,-0.07218000000000001,-0.00012199999999999885,0.0001229999999999994,-4.999999999991123e-06
1855,-0.002023,0.006189,-0.069602,-8.999999999999894e-06,0.0001799999999999996,-0.00020600000000001173
48,-0.000653,0.006144,-0.069259,-0.00014000000000000004,6.200000000000042e-05,-0.00020499999999999685
3115,-0.000655,0.00951,-0.07033199999999999,-3.6999999999999924e-05,-2.2999999999998716e-05,-0.00011900000000000799
6058,0.001792,-0.003661,-0.07077,8.5e-05,0.00010400000000000036,-7.799999999999474e-05
2800,0.003261,0.0053029999999999996,-0.067883,-0.00013100000000000004,0.0001330000000000003,-6.499999999999562e-05
7070,-0.007091,-0.010786,-0.07257,0.00010899999999999972,0.00028399999999999953,0.0002459999999999962
6129,-0.00377,-0.000488,-0.06785899999999999,9.200000000000007e-05,0.000285,-1.8000000000004124e-05
5494,-0.0021920000000000004,-0.004167,-0.069213,9.500000000000047e-05,0.0002509999999999995,-2.3999999999996247e-05
151,-0.001939,0.009231,-0.072325,2.8999999999999946e-05,4.700000000000017e-05,-0.0002479999999999982
3114,-0.004113,0.002357,-0.070138,-4.700000000000017e-05,0.00015099999999999966,-0.00020299999999999485
5053,0.002653,0.0028450000000000003,-0.068369,1.399999999999969e-05,0.00010399999999999949,-7.800000000000862e-05
6400,0.005889999999999999,0.011775,-0.069134,-1.4999999999999389e-05,2.2999999999998716e-05,-6.899999999999962e-05
1211,0.000297,0.001381,-0.067929,2.500000000000001e-05,0.00015799999999999994,-9.199999999999486e-05
1594,-0.0010789999999999999,0.00095,-0.068881,1.0999999999999725e-05,0.00017999999999999993,-0.00015700000000000436
106,-0.001993,0.009996,-0.068805,-2.2000000000000318e-05,3.7000000000000574e-05,-0.00015400000000000136
4723,0.005407,0.001388,-0.067399,-6.000000000000796e-06,4.500000000000012e-05,-8.400000000000074e-05
6612,-0.000494,-0.011222,-0.071995,0.00013299999999999998,0.00014299999999999903,-3.799999999999637e-05
5832,-0.008331,-0.004677,-0.069986,-5.9000000000000025e-05,8.099999999999948e-05,5.7000000000001494e-05
6311,0.010915,0.007818,-0.07146599999999999,-0.00019699999999999926,1.4000000000000123e-05,-6.40000000000085e-05
123,0.004535999999999999,-0.007481,-0.070112,2.8000000000001114e-05,8.899999999999967e-05,-0.00011300000000000199
6048,-0.001267,-0.007784,-0.073732,-7.400000000000006e-05,3.300000000000004e-05,4.700000000000537e-05
77,-0.003858,0.009667,-0.071073,-4.199999999999994e-05,0.00014199999999999977,-0.0001320000000000071
2229,0.007556,0.000389,-0.067141,8.799999999999954e-05,9.699999999999997e-05,-7.999999999999674e-05
7072,0.006363000000000001,-0.006753,-0.067839,8.199999999999961e-05,0.00012600000000000024,-5.7000000000001494e-05
4724,-0.009937,0.004071,-0.068583,-4.000000000000531e-06,-8.600000000000014e-05,-0.00012399999999998523
807,0.001721,0.006183,-0.071705,-5.800000000000011e-05,-1.6999999999999654e-05,-9.199999999999486e-05
7157,0.0058579999999999995,0.008945,-0.06693500000000001,-0.00017299999999999954,6.800000000000035e-05,-8.299999999998586e-05
5697,0.003227,-0.008702999999999999,-0.072688,-3.899999999999954e-05,8.699999999999854e-05,4.200000000000037e-05
5504,0.005432,0.010295,-0.071473,-0.00020300000000000006,9.000000000000327e-06,-0.00021100000000000285
5364,0.000878,0.002938,-0.067215,5.7000000000000084e-05,0.00011699999999999992,-0.00010100000000000386
4475,0.001003,-0.007378999999999999,-0.071273,-6.400000000000004e-05,3.9999999999996635e-06,8.000000000008e-06
180,-0.0028740000000000003,0.01167,-0.066153,0.00011200000000000012,0.00015000000000000083,-0.00011900000000000799
3190,-0.006614,0.009006,-0.07078100000000001,-2.9999999999999645e-05,0.00011399999999999952,9.000000000009e-06
3449,-0.011136,0.002771,-0.062723,-2.8999999999999512e-05,0.00018999999999999963,-3.300000000000525e-05
2550,0.00833,0.01074,-0.06755,2.399999999999798e-05,5.6000000000000494e-05,-0.00010300000000000586
3109,0.000326,-0.001616,-0.06568600000000001,8.000000000000032e-06,0.0002590000000000001,-0.00011799999999999311
4063,0.010591,0.002454,-0.070325,-9.199999999999833e-05,8.5e-05,-0.00012099999999999611
1298,-0.009537,0.001994,-0.065201,1.1999999999999858e-05,0.00027999999999999987,-0.0001900000000000096
2871,0.004181,0.008124000000000001,-0.066605,-0.00019899999999999952,8.799999999999954e-05,-0.00014100000000000223
92,0.001557,0.001199,-0.06766899999999999,1.1999999999999858e-05,0.00010399999999999993,-0.00015099999999999836
1857,-0.001289,0.008603,-0.069949,-0.00010399999999999993,1.8000000000000654e-05,-0.00014000000000000123
3504,-0.010555,-0.0040620000000000005,-0.068453,2.1000000000000185e-05,0.0002030000000000005,0.00010399999999999299
6053,0.005522999999999999,0.011438,-0.066463,7.400000000000115e-05,9.699999999999986e-05,-2.0000000000006124e-05
6745,-0.009441000000000001,-0.008990999999999999,-0.072395,5.000000000000143e-05,0.00017499999999999807,0.0003620000000000012
6407,-0.002563,5.5e-05,-0.067183,3.7000000000000574e-05,0.00024900000000000004,-0.00011399999999998911
2815,-0.007473,-0.00552,-0.070663,3.9999999999996635e-06,0.00010399999999999906,2.3000000000009124e-05
1225,0.017345,0.0018919999999999998,-0.069839,-3.9999999999970615e-06,6.20000000000002e-05,-0.00012199999999999711
5806,-0.007280999999999999,-0.011260999999999998,-0.06823,0.0001919999999999986,0.00010099999999999866,0.00016800000000000148
6526,-0.009528,-0.007373,-0.071865,-9.999999999992654e-07,1.2000000000000725e-05,0.0001830000000000026
229,-0.00833,0.003458,-0.066137,7.000000000000062e-05,0.00019799999999999983,-0.00010399999999999299
6064,0.001038,0.005306,-0.070297,-0.00011700000000000002,3.500000000000031e-05,-0.00011700000000000599
6118,-0.002731,-0.002948,-0.071363,-7.200000000000002e-05,0.00018599999999999997,-9.699999999999986e-05
5827,-0.012012,-0.009699999999999999,-0.069896,2.0000000000002655e-06,0.00014799999999999883,9.800000000000086e-05
3272,0.000976,-0.001637,-0.065485,3.0999999999999886e-05,0.0002720000000000001,-7.000000000000062e-05
6046,0.001271,-0.007252,-0.067673,0.00017299999999999998,0.0002469999999999998,-1.8000000000004124e-05
7075,-0.012028,-0.005215,-0.068505,8.200000000000048e-05,0.00024200000000000003,0.00015999999999999348
1531,-0.013558,0.0053479999999999995,-0.069771,-0.0001010000000000004,-9.799999999999913e-05,0.0001350000000000101
7217,0.006754,0.01226,-0.066955,6.200000000000042e-05,5.6000000000000494e-05,-0.00022700000000000498
1559,-0.003859,0.004439,-0.06792100000000001,8.999999999999894e-06,0.0002500000000000002,-3.199999999999037e-05
7079,-0.000992,0.005691,-0.061433,-5.000000000000013e-06,0.0001879999999999998,-5.5999999999993555e-05
2463,-0.007883,0.003695,-0.063576,6.199999999999956e-05,0.0002540000000000003,-4.099999999999937e-05
6326,0.001259,-0.012281,-0.075923,5.3000000000000096e-05,9.10000000000008e-05,-4.500000000000337e-05
124,0.012429,-0.005866,-0.06970799999999999,-6.000000000000796e-06,9.49999999999996e-05,-1.6000000000016e-05
281,-0.010146,0.002826,-0.070155,-0.00010199999999999966,-0.00012499999999999968,-0.0001810000000000006
4812,0.004305,0.000984,-0.065417,1.8000000000000654e-05,0.00017199999999999984,-0.00013399999999999523
836,-0.011236000000000001,-0.000992,-0.07042,1.5000000000001124e-05,-5.999999999999929e-06,-0.00010100000000000386
97,0.013615,-0.00022,-0.068637,-3.400000000000104e-05,0.000125,-0.00012199999999999711
5706,-0.005553,0.000359,-0.065656,3.5999999999999574e-05,0.000301,-1.5000000000001124e-05
6759,-0.010376,-0.009972,-0.068523,4.699999999999843e-05,0.0001920000000000012,0.0002440000000000081
5368,-0.011208000000000001,0.005426,-0.062327,8.000000000001062e-06,0.0001979999999999994,-4.799999999999943e-05
5391,0.014268000000000001,-0.007754,-0.07187,4.999999999999796e-05,0.00015199999999999936,-0.0001310000000000061
6147,-0.00701,0.011789999999999998,-0.071691,-9.400000000000033e-05,6.800000000000209e-05,-0.00012999999999999123
6839,0.002775,0.004782,-0.062354999999999994,-3.899999999999997e-05,0.0002440000000000003,-6.600000000000356e-05
6831,0.002255,-0.011188,-0.062433,0.00012100000000000001,0.00015800000000000015,-2.000000000002e-06
6509,0.004852,-0.008351,-0.063634,9.099999999999907e-05,0.00014000000000000123,7.399999999999074e-05
1572,-0.000864,0.009677,-0.06657099999999999,-9.100000000000004e-05,0.0001289999999999989,-7.200000000000262e-05
2452,0.008831,-0.009422,-0.069242,6.0999999999998555e-05,9.49999999999996e-05,-7.700000000000762e-05
6144,-0.004439,-0.006013,-0.06604900000000001,0.00019399999999999973,0.000294,-1.5999999999988246e-05
66,0.007023,-0.001977,-0.07281,5.500000000000036e-05,-9.400000000000033e-05,-0.0001870000000000066
837,-0.005894,0.003712,-0.072845,-1.899999999999992e-05,-1.4000000000000123e-05,-0.00014200000000000323
5366,0.00513,0.0041459999999999995,-0.07131699999999999,-0.00011800000000000005,-9.999999999999593e-06,-0.0001310000000000061
3447,0.009278,0.0005759999999999999,-0.065454,-1.1999999999999858e-05,0.00013900000000000002,2.4999999999997247e-05
4151,-0.011549,0.004125,-0.070381,-8.5e-05,-2.0000000000000052e-05,-0.0001260000000000011
6176,0.001704,0.0014910000000000001,-0.059732999999999994,4.699999999999995e-05,0.00021799999999999988,-0.0001320000000000071
6851,0.00531,-0.011434,-0.06850400000000001,1.3000000000000858e-05,-4.799999999999943e-05,-8.799999999999086e-05
6549,0.011618,-0.004221,-0.064244,8.900000000000054e-05,0.00019000000000000006,-4.099999999999937e-05
19,0.002924,-0.005312,-0.07483,-2.7000000000000114e-05,1.1999999999999858e-05,-6.90000000000135e-05
1217,0.012374000000000001,0.0006490000000000001,-0.069955,-3.100000000000151e-05,6.899999999999994e-05,-0.00016399999999999748
5078,0.0054470000000000005,-0.005656,-0.07095399999999999,-4.4000000000000636e-05,2.599999999999998e-05,-5.500000000001337e-05
2949,0.009460000000000001,4.8e-05,-0.06919499999999999,-0.00013000000000000164,0.000157,-8.099999999999774e-05
6518,-0.003541,-0.010951,-0.061459,0.00013699999999999997,0.00027199999999999967,-4.699999999999843e-05
829,0.005901,-0.004144999999999999,-0.07221,8.600000000000014e-05,-3.800000000000071e-05,-0.0001290000000000041
6519,-0.012971,-0.008979,-0.067891,-0.00010399999999999993,0.00015199999999999936,0.00014899999999999636
6273,0.010182,-0.005762,-0.06779900000000001,8.5e-05,0.00021299999999999965,-1.0999999999997123e-05
6613,0.005202,-0.0025440000000000003,-0.07133400000000001,4.6000000000000034e-05,3.000000000000398e-06,-0.00018299999999998873
3145,0.012846,0.010057,-0.067803,-8.000000000000021e-05,0.0001460000000000003,-9.599999999999886e-05
4759,-0.003214,0.010487999999999999,-0.062005000000000005,0.00013699999999999997,0.0002249999999999995,-0.00018399999999999667
4735,-0.013496000000000001,-0.004961999999999999,-0.075484,-0.00017299999999999954,3.099999999999978e-05,3.0000000000002247e-05
7095,0.0005420000000000001,0.004991,-0.060473,-7.000000000000062e-06,0.00022800000000000077,2.4999999999997247e-05
6435,0.002056,-0.001585,-0.06203,0.00016199999999999982,0.00032400000000000007,8.700000000000374e-05
7076,0.00443,-0.006985,-0.06412699999999999,0.00018500000000000027,0.00014099999999999963,8.199999999998486e-05
4088,0.001823,-0.005046999999999999,-0.06354800000000001,0.00011000000000000007,0.00030299999999999945,-6.399999999999462e-05
3777,0.004813,0.005804,-0.063268,-6.600000000000009e-05,0.00010999999999999985,-2.6999999999999247e-05
4090,0.007719999999999999,0.007174000000000001,-0.066709,-7.699999999999981e-05,9.399999999999947e-05,-0.00011399999999998911
5698,-0.004113,0.001108,-0.061003999999999996,-9.899999999999926e-05,0.00020899999999999998,-8.900000000000574e-05
4469,-0.006782,-0.008981999999999999,-0.067971,4.99999999999997e-05,0.000193999999999998,3.700000000000925e-05
287,-0.011771,0.003421,-0.068363,-4.700000000000017e-05,-0.00010299999999999979,-7.100000000000162e-05
5330,0.007142000000000001,0.0026739999999999997,-0.071695,-0.00010300000000000066,-2.9999999999999645e-06,-0.0001900000000000096
3127,-0.005307,-0.004042,-0.06926,0.0001910000000000002,0.0001759999999999995,-8.900000000000574e-05
4413,0.008852,0.002405,-0.0648,7.399999999999941e-05,0.00020799999999999985,-0.0001350000000000101
6536,0.017082,-0.000866,-0.066427,-8.999999999998592e-06,0.00011300000000000004,-0.0002580000000000082
7114,0.002548,0.000319,-0.075972,4.0000000000000105e-05,-2.7000000000000006e-05,-0.00022099999999999898
6746,0.009938,-0.0006039999999999999,-0.06893600000000001,8.999999999998592e-06,0.00012299999999999995,-9.099999999999386e-05
982,-0.005261999999999999,-0.006712,-0.070774,-2.1000000000001053e-05,0.0001780000000000002,8.900000000000574e-05
6075,0.01053,-0.008862,-0.067839,6.600000000000009e-05,0.00016099999999999969,-2.5000000000011124e-05
3138,0.006227,-0.005059,-0.066241,0.00010800000000000046,0.00013900000000000023,-0.00010599999999999499
817,0.001778,0.000627,-0.06695699999999999,4.800000000000008e-05,0.00011300000000000004,-0.0001380000000000131
3475,0.009585000000000002,-0.000733,-0.071353,-8.7000000000002e-05,3.6000000000000116e-05,-0.00010999999999999899
7152,0.006681,0.009063,-0.069647,-0.0002729999999999998,-9.999999999999593e-06,-0.00015300000000000036
4738,-0.011042999999999999,0.009684,-0.070977,-1.1000000000000593e-05,-7.299999999999841e-05,-3.999999999999837e-05
393,-0.005919,0.010455,-0.072312,-8.400000000000074e-05,0.0002479999999999982,-0.00014100000000000223
7100,0.0029980000000000002,0.007855000000000001,-0.063094,-5.500000000000036e-05,0.0002349999999999991,3.599999999999437e-05
6445,0.013798999999999999,0.008126,-0.06895799999999999,-0.00016099999999999969,-4.900000000000043e-05,-0.00017200000000000548
7103,0.00994,0.011353,-0.06626,6.500000000000082e-05,-1.9999999999985307e-06,4.000000000004e-06
7068,0.014459,0.007976,-0.073799,-0.00022299999999999924,0.0002689999999999984,-8.999999999999286e-05
1956,-0.010513999999999999,-0.001738,-0.067718,-0.00011200000000000099,0.000147,2.6999999999999247e-05
4775,-0.005942,0.007937999999999999,-0.065431,-9.999999999999593e-06,0.00023900000000000136,-8.700000000000374e-05
6401,-0.001746,-0.001932,-0.068748,8.599999999999992e-05,0.00020699999999999972,-0.00010400000000000686
1250,0.011800000000000001,0.011822,-0.06733499999999999,-0.00017,4.60000000000009e-05,-8.600000000001662e-05
5876,-0.007843,0.001732,-0.067088,7.099999999999902e-05,6.499999999999995e-05,-6.20000000000065e-05
1864,0.01453,0.001577,-0.071967,-9.299999999999933e-05,5.499999999999993e-05,-0.0001229999999999981
2570,0.005594,-0.007873999999999999,-0.06443800000000001,0.00016899999999999988,0.00021499999999999905,7.200000000000262e-05
353,0.010486,0.005527,-0.07314799999999999,-0.0001310000000000009,4.700000000000017e-05,-0.00010500000000000786
5738,0.012727,0.006405999999999999,-0.066033,-5.400000000000023e-05,9.60000000000006e-05,-0.00014600000000000724
4403,0.006574,-0.012628,-0.066801,0.00014400000000000003,5.300000000000096e-05,1.0999999999997123e-05
5720,-0.008992000000000002,-0.0016979999999999999,-0.065113,1.700000000000139e-05,0.00015399999999999984,2.4000000000010124e-05
89,0.006660999999999999,-0.00044500000000000003,-0.066721,3.0000000000000512e-05,0.000107,-5.1999999999996493e-05
4404,-0.010039999999999999,0.00036199999999999996,-0.067375,-2.3000000000002185e-05,0.00012400000000000003,2.0000000000006124e-05
849,-0.002617,0.007881,-0.07134,-8.200000000000004e-05,0.00016699999999999875,-0.0001739999999999936
5048,0.014384000000000001,0.0041459999999999995,-0.068819,-1.3000000000000858e-05,5.000000000000664e-06,-0.00016199999999999548
6585,-0.0038889999999999997,-0.00049,-0.071059,2.8999999999999946e-05,8.499999999999995e-05,-6.40000000000085e-05
88,0.011908,0.007036,-0.068533,-0.00016500000000000022,9.500000000000047e-05,-0.00015199999999999936
4747,0.00401,-0.0011519999999999998,-0.063005,6.399999999999982e-05,0.00022999999999999974,3.0000000000002247e-05
5809,0.009876,0.012808,-0.066451,9.900000000000013e-05,3.200000000000078e-05,-4.799999999999249e-05
2605,0.014804,-0.011710000000000002,-0.06903000000000001,4.999999999999796e-06,0.00011000000000000246,6.60000000000105e-05
6452,0.008667,-0.0123,-0.070007,0.00011700000000000078,0.00015100000000000183,6.40000000000085e-05
4764,0.015435,0.012044000000000001,-0.07004,-0.00021400000000000065,0.0001250000000000001,2.3000000000009124e-05
30,0.001089,0.001691,-0.072722,-0.00015099999999999998,-3.99999999999988e-06,-0.0001830000000000026
5058,0.015407,0.00785,-0.065875,-7.700000000000068e-05,9.000000000000154e-05,-0.0003379999999999911
6763,0.00555,-0.012121,-0.06649,0.00010000000000000026,1.899999999999992e-05,-4.200000000000037e-05
7244,-0.0041589999999999995,0.002649,-0.058989,-0.00010800000000000046,0.00024300000000000016,-0.00013799999999999923
5714,0.012979,-0.0022589999999999997,-0.068831,1.000000000001e-06,3.699999999999971e-05,-9.000000000000674e-05
3555,-0.001471,0.002974,-0.064854,-3.599999999999979e-05,0.00017199999999999984,-0.0001749999999999946
6598,-0.01551,0.007849,-0.075018,2.6999999999999247e-05,-6.499999999999995e-05,-1.9000000000005124e-05
6760,0.009129,-0.009632,-0.068646,5.199999999999996e-05,0.00013900000000000023,-9.800000000000086e-05
5451,0.007641,-0.002614,-0.068353,4.900000000000043e-05,0.000147,-0.00014100000000000223
5456,-0.013839,0.008719,-0.071284,8.800000000000127e-05,-3.399999999999931e-05,3.100000000000325e-05
6551,0.013182000000000001,0.004098,-0.06302300000000001,1.3999999999998389e-05,0.0,-0.00012399999999998523
7237,0.009672,0.00025,-0.064039,8.599999999999927e-05,0.000167,4.400000000000237e-05
6432,0.010556,0.011183,-0.068467,-0.00014199999999999977,2.9999999999998778e-05,-0.0001350000000000101
5068,-0.0054589999999999994,-0.012186,-0.07143000000000001,4.5999999999999167e-05,0.00012400000000000085,0.00017800000000001148
6766,-0.0033399999999999997,-0.0015589999999999998,-0.073044,-9.600000000000017e-05,2.899999999999973e-05,-0.00016399999999999748
6472,-0.008426,-0.004171,-0.073754,-4.200000000000037e-05,0.00010600000000000019,8.400000000000074e-05
315,-0.013637,-0.0007019999999999999,-0.069137,-7.099999999999988e-05,-6.500000000000006e-05,-6.299999999999362e-05
6787,0.012333,-0.007033,-0.071747,4.5999999999999167e-05,1.0999999999999725e-05,-8.499999999998786e-05
6405,-0.007109,-0.006097,-0.066668,3.099999999999978e-05,0.000281,-6.0000000000060005e-06
3439,0.003364,-0.004306,-0.067101,0.00019700000000000013,0.00022199999999999998,-5.6000000000000494e-05
7077,-0.010708,-0.00729,-0.07001,1.3000000000000858e-05,0.00019199999999999946,0.00027900000000000147
5055,0.012708,-0.000515,-0.073965,-8.700000000000027e-05,2.20000000000001e-05,4.200000000000037e-05
4428,0.008727,0.003765,-0.073474,-0.0001010000000000004,2.8999999999999946e-05,-0.0001820000000000016
6426,0.0009040000000000001,0.003114,-0.06974599999999999,-6.900000000000016e-05,8.399999999999987e-05,-0.00011700000000000599
6055,0.00679,-0.005542,-0.069152,1.999999999999398e-06,9.999999999999593e-06,-3.699999999998149e-05
7099,0.01133,0.007896,-0.06648,6.899999999999962e-05,0.00011399999999999952,-0.0001239999999999991
7098,0.008913,-0.002064,-0.07338299999999999,0.0001559999999999999,-5.900000000000046e-05,-0.0001380000000000131
600,-0.006529,0.011298,-0.072461,-9.8e-05,0.0001329999999999977,-0.0001890000000000086
7118,0.016572,-0.009469,-0.068482,5.999999999999062e-06,8.400000000000074e-05,-0.00011300000000000199
6101,0.007273,-0.011349,-0.07016599999999999,3.4000000000000176e-05,-0.0001470000000000013,0.00012099999999999611
5226,0.012447,0.006426,-0.064996,-9.999999999999593e-06,-2.300000000000045e-05,-0.00011599999999999111
6403,-0.009729,0.001035,-0.062310000000000004,2.999999999999531e-06,0.00030100000000000027,-0.00010499999999999399
7137,0.015959,-0.001497,-0.07159099999999999,-4.200000000000037e-05,0.00012300000000000006,-2.1000000000007124e-05
7303,-0.015513,0.0045839999999999995,-0.07421599999999999,0.0001250000000000001,-5.399999999999936e-05,8.799999999999086e-05
7143,4e-05,0.010305,-0.06681699999999999,1.7999999999999997e-05,0.00010800000000000046,-0.00011800000000002087
2789,0.007719999999999999,0.006117,-0.07602800000000001,-4.5999999999999167e-05,-8.99999999999998e-05,-0.00015699999999999048
2191,0.00313,-0.006638,-0.067137,0.00019300000000000003,0.0001929999999999996,-0.00013299999999999423
7123,0.011148,-0.001606,-0.06392300000000001,0.00010999999999999899,0.0001429999999999999,4.300000000000137e-05
4123,-0.011143,0.012093999999999999,-0.067465,8.000000000001062e-06,-8.79999999999978e-05,0.00011400000000000299
5433,-0.0040869999999999995,-0.004730000000000001,-0.071373,4.19999999999995e-05,8.700000000000114e-05,0.0001260000000000011
4143,0.003142,0.00887,-0.072117,-7.99999999999976e-06,-4.900000000000043e-05,-0.00017900000000001248
70,0.002403,0.011904,-0.068876,1.5999999999999955e-05,-9.000000000000327e-06,-9.999999999998899e-05
219,-0.012650999999999999,0.006549,-0.06872400000000001,-7.300000000000188e-05,-8.200000000000048e-05,3.100000000000325e-05
7154,-0.006535999999999999,-0.01271,-0.070538,-7.300000000000102e-05,0.00012400000000000085,0.0001280000000000031
259,0.000415,-0.01168,-0.06862399999999999,0.000138,0.00010199999999999966,-7.800000000000862e-05
7163,0.000592,0.008098000000000001,-0.063353,-0.000118,0.0002449999999999987,-0.00015999999999999348
6203,0.003862,0.003949,-0.066025,1.2000000000000292e-05,0.00018599999999999953,1.1999999999998123e-05
4,-0.003397,0.0057610000000000005,-0.070927,-0.00013400000000000044,0.0001369999999999991,-9.899999999998799e-05
5699,-0.006365,-0.000261,-0.070399,1.0000000000001327e-06,0.000127,3.799999999999637e-05
6497,-0.010095,0.005443,-0.06683700000000001,-7.400000000000115e-05,5.9000000000000025e-05,-8.099999999999774e-05
5762,0.00233,-0.002799,-0.069893,0.0001799999999999996,0.00020600000000000002,-8.799999999999086e-05
7148,0.0019270000000000001,0.012117000000000001,-0.064645,0.0001200000000000001,0.00019199999999999773,-2.000000000015878e-06
6163,-0.003621,-0.001546,-0.059945,9.200000000000007e-05,0.0002230000000000001,-0.00010500000000000093
7084,-0.009250999999999999,0.007896,-0.075366,-8.700000000000027e-05,-2.2000000000001185e-05,1.7000000000003124e-05
405,-0.001343,0.001141,-0.06501,-4.0999999999999804e-05,0.00017999999999999982,-9.399999999999686e-05
422,0.004787,0.00583,-0.06773399999999999,-0.00016099999999999969,7.799999999999994e-05,3.999999999998449e-05
3456,0.012066,0.0006889999999999999,-0.074592,-8.100000000000121e-05,0.00015400000000000006,3.0000000000030003e-06
5070,-0.01354,-0.001252,-0.06747,-0.00011900000000000105,6.300000000000012e-05,-5.999999999992123e-06
6785,0.0021469999999999996,-0.001209,-0.076402,5.400000000000066e-05,-7.700000000000003e-05,-8.199999999999874e-05
993,0.014512,0.012358000000000001,-0.06998900000000001,-0.00021300000000000138,0.00017,-8.999999999995123e-06
112,0.009311999999999999,0.010740999999999999,-0.06689,0.00011899999999999931,1.3000000000000858e-05,-0.00011700000000000599
5814,0.014702999999999999,-0.007862000000000001,-0.065962,9.70000000000016e-05,0.0002790000000000006,-2.5999999999998247e-05
38,-0.0009360000000000001,0.010456,-0.06814100000000001,1.0000000000000026e-05,2.000000000000092e-05,-0.00012099999999999611
6595,0.011866,0.004951,-0.068273,-0.00018199999999999987,8.900000000000054e-05,9.999999999996123e-06
6481,-0.011205999999999999,-0.0036230000000000004,-0.07534600000000001,-6.700000000000109e-05,-5.299999999999966e-05,2.5000000000011124e-05
6456,0.002817,-0.011957,-0.069525,2.599999999999998e-05,6.399999999999982e-05,9.299999999999586e-05
7171,0.015128,-0.011420999999999999,-0.06587,9.49999999999996e-05,0.0001510000000000001,8.000000000008e-06
7074,-0.000404,0.004921999999999999,-0.063221,-1.699999999999998e-05,0.00015800000000000102,0.00010299999999999199
6818,-0.004096,-0.008033,-0.070992,-4.30000000000005e-05,0.00016799999999999975,-1.0999999999997123e-05
5899,-0.014301999999999999,-0.0021349999999999997,-0.072811,-0.00012000000000000205,-9.400000000000033e-05,-8.500000000000174e-05
7177,0.005641,-0.004721,-0.062675,6.799999999999948e-05,0.00023500000000000083,8.600000000000274e-05
466,-0.01067,0.002801,-0.06769499999999999,-5.999999999999062e-06,-9.000000000000024e-05,-0.00014000000000000123
6868,-0.003449,-0.008738,-0.062497,0.00021299999999999965,0.00029799999999999965,1.5999999999995185e-05
4394,-0.010919,0.004437,-0.067356,-7.799999999999994e-05,-2.300000000000045e-05,-9.299999999999586e-05
6164,0.016253,0.008348000000000001,-0.069045,-8.000000000000021e-05,5.3999999999998494e-05,-0.00013599999999999723
6886,0.008289999999999999,-0.012351,-0.064983,0.00014400000000000003,0.00019400000000000146,8.000000000008e-06
5732,0.014294000000000001,0.0008629999999999999,-0.07072400000000001,-2.5000000000000716e-05,0.00014000000000000004,-0.00016399999999999748
5733,-0.00319,0.011115,-0.076172,2.5000000000000282e-05,2.0000000000002655e-06,-9.499999999999786e-05
7092,-0.001616,-0.000798,-0.07332899999999999,-3.599999999999979e-05,-2.799999999999992e-05,-0.00011900000000000799
7185,-0.003499,-0.011263,-0.077856,0.0001299999999999999,2.8000000000000247e-05,0.00011499999999999011
5643,0.012601000000000001,-0.009465,-0.073462,9.099999999999907e-05,5.099999999999896e-05,-7.000000000000062e-05
3124,0.00484,0.001572,-0.07368899999999999,-4.99999999999997e-05,8.299999999999996e-05,-9.300000000000974e-05
6792,-0.006809999999999999,0.0009509999999999999,-0.065349,7.399999999999941e-05,0.00024400000000000018,-6.499999999999562e-05
6757,-0.009809,0.007926,-0.07287099999999999,-2.599999999999998e-05,3.199999999999904e-05,-7.600000000000662e-05
6399,-0.007256,-0.006059999999999999,-0.072373,-9.999999999992654e-07,0.00010499999999999919,0.0001380000000000131
5824,0.005595,0.011342000000000001,-0.063748,-1.1999999999999858e-05,0.0001899999999999992,-4.500000000000337e-05
7097,0.004096,0.0053289999999999995,-0.07124,-4.000000000000531e-06,-1.4999999999999389e-05,-9.400000000001074e-05
4728,-0.0073360000000000005,0.010263,-0.072411,-1.3999999999999256e-05,1.6999999999999654e-05,-4.800000000000637e-05
6321,0.003233,-0.003012,-0.064201,0.00013999999999999993,0.00015399999999999962,-5.3999999999998494e-05
7085,0.009028000000000001,-0.00035299999999999996,-0.062383,0.0001489999999999981,0.00019599999999999997,6.300000000000056e-05
4618,-0.013363,-0.0013640000000000002,-0.06973900000000001,-9.800000000000086e-05,-1.399999999999969e-05,-4.999999999991123e-06
6984,0.018023,-0.011374,-0.070675,7.100000000000162e-05,0.00011700000000000078,5.400000000001237e-05
6840,-0.004298,-0.00583,-0.074782,-1.000000000000046e-05,3.300000000000004e-05,-3.599999999999437e-05
4107,-0.009006,-0.003954,-0.069363,-7.999999999999327e-06,0.00020899999999999998,-4.099999999999937e-05
6124,-0.016344,0.001997,-0.074257,-4.900000000000043e-05,-0.00010100000000000018,1.9000000000005124e-05
472,0.010339000000000001,0.004045,-0.06739,-6.600000000000182e-05,0.00013599999999999984,-6.599999999999662e-05
5062,-0.004791999999999999,0.002166,-0.061850999999999996,-5.4000000000001096e-05,0.00022900000000000004,-1.0000000000003062e-05
7091,-0.006529,0.006208,-0.074917,-1.4999999999999389e-05,-4.4000000000000636e-05,7.000000000007001e-06
6783,-0.003701,-0.001847,-0.074,-9.600000000000017e-05,-6.100000000000007e-05,-0.0001340000000000091
1267,0.013398,0.0008060000000000001,-0.07324800000000001,-0.0001299999999999999,0.00011299999999999993,-7.399999999999074e-05
6699,0.005346,0.00228,-0.065666,7.599999999999968e-05,8.500000000000044e-05,1.2999999999999123e-05
6562,0.00749,0.009149,-0.070783,-0.00021600000000000005,9.900000000000013e-05,-5.6000000000000494e-05
6764,-0.000231,-0.007815,-0.067116,0.000239,0.0002550000000000009,-0.00015199999999999936
5981,-0.008367000000000001,0.000214,-0.066213,3.300000000000178e-05,0.00020199999999999998,0.0
6469,0.004566,-0.002294,-0.063191,0.0001230000000000007,0.0002589999999999997,0.00013099999999999223
2799,-0.0068070000000000006,-0.0077480000000000005,-0.067452,5.9000000000000025e-05,0.00034400000000000056,0.00021699999999999497
4389,-0.012612,0.012152,-0.07324,-8.900000000000054e-05,-1.600000000000039e-05,1.2000000000012001e-05
2475,-0.01267,0.010257,-0.074136,-0.00010299999999999893,-4.999999999999796e-06,7.499999999999174e-05
6406,0.003065,0.006575999999999999,-0.06560099999999999,-8.799999999999997e-05,0.00012900000000000064,-5.800000000001637e-05
6127,0.0035110000000000002,-0.011993,-0.07341299999999999,9.200000000000007e-05,0.00010800000000000046,0.00011199999999998711
2177,0.005315,0.009413,-0.074009,-1.2000000000000725e-05,-4.49999999999999e-05,-0.00026399999999998647
7238,0.017182,-0.002129,-0.074291,2.2999999999998716e-05,8.799999999999997e-05,-1.7000000000017e-05
5719,-0.0005899999999999999,-0.001987,-0.063636,0.00012399999999999987,0.0002930000000000001,6.599999999999662e-05
2533,-0.006104,0.002883,-0.066703,-6.200000000000042e-05,0.0002639999999999995,-0.0001229999999999981
3882,-0.01475,0.005377,-0.06977,-0.00019500000000000073,-8.80000000000004e-05,6.0000000000004494e-05
6671,-0.0032229999999999997,0.007019,-0.067558,4.7999999999999866e-05,0.000255,-6.299999999999362e-05
6283,-0.007866,-0.003175,-0.06867100000000001,2.599999999999998e-05,0.0001380000000000001,-7.999999999994123e-06
7124,0.01182,-0.008506,-0.066638,0.00010500000000000093,0.00017,-9.299999999999586e-05
7184,-0.015576000000000001,0.008716,-0.07841200000000001,-2.499999999999898e-05,-9.200000000000007e-05,-3.799999999999637e-05
165,0.015643,0.007913,-0.06993200000000001,-0.00018500000000000114,0.00010300000000000066,-0.0002449999999999952
6817,-0.015913,-0.0018759999999999998,-0.07786499999999999,0.0,0.00024200000000000003,-3.400000000000625e-05
6577,0.010541,0.01226,-0.07270399999999999,-0.00017900000000000034,0.00016200000000000069,3.299999999997749e-05
7081,-0.008317999999999999,-0.002496,-0.06488200000000001,-4.60000000000009e-05,0.00012399999999999998,-0.00014099999999998836
6882,0.006019,-0.006469,-0.062799,0.00020199999999999992,0.00013399999999999957,1.9999999999992246e-05
6769,-0.012271,-0.007624,-0.072042,-4.200000000000037e-05,0.0003229999999999995,0.00032699999999999396
6093,0.015108,0.0005610000000000001,-0.069069,3.200000000000078e-05,0.00018599999999999997,-0.0001250000000000001
7205,0.008739,-0.00743,-0.07263800000000001,-1.4000000000000123e-05,2.9999999999999645e-05,3.100000000000325e-05
7279,0.010825,0.013407,-0.064128,0.00011900000000000105,1.600000000000039e-05,5.000000000000837e-05
3874,-0.004188,-0.003734,-0.071062,0.0001360000000000007,0.00010500000000000006,7.999999999994123e-06
62,0.011696,0.004066,-0.07001099999999999,-0.00011300000000000025,6.499999999999995e-05,-0.00015400000000001524
5108,0.013408,0.0076500000000000005,-0.064876,-7.500000000000041e-05,0.00010199999999999966,-0.00021799999999999597
7101,0.014228,-0.005331000000000001,-0.065643,0.00019800000000000026,0.0002180000000000003,-0.00017699999999998273
5270,-0.010105000000000001,0.010626,-0.068753,-4.699999999999843e-05,-6.199999999999956e-05,1.2999999999999123e-05
7358,-0.011769,-0.00546,-0.071461,5.899999999999829e-05,0.0,-4.999999999991123e-06
1101,0.00437,0.011018,-0.07266800000000001,-5.999999999999929e-06,4.000000000000531e-06,-0.0001719999999999916
86,-0.0068,0.010554000000000001,-0.068069,-2.2000000000000318e-05,0.00018599999999999867,-6.499999999999562e-05
6096,0.01132,-0.004357000000000001,-0.07383100000000001,9.299999999999933e-05,-9.6999999999999e-05,9.700000000001374e-05
5359,-0.009534,0.004514000000000001,-0.071423,-4.89999999999987e-05,5.4999999999999494e-05,-6.799999999999862e-05
4397,0.005522999999999999,0.008945,-0.073235,-1.999999999999398e-06,-5.300000000000096e-05,-0.00015900000000000636
5703,0.002677,0.011627,-0.065469,2.3000000000000017e-05,0.00010600000000000019,1.8999999999991246e-05
6425,0.0019470000000000002,-0.002577,-0.076905,3.200000000000013e-05,7.99999999999976e-06,-7.400000000000462e-05
4422,0.012121,0.004619,-0.07074,-0.00014899999999999983,0.00014000000000000037,-0.00011800000000000699
1911,-0.005881,0.0009429999999999999,-0.072629,-3.4000000000000176e-05,-3.999999999999989e-05,-7.899999999999574e-05
6632,-0.008138999999999999,-0.010199,-0.07484199999999999,6.999999999999715e-05,0.0002409999999999999,0.0001229999999999981
6761,0.0070090000000000005,0.01319,-0.067522,0.00010599999999999932,0.00013799999999999923,-0.0002500000000000002
7324,-0.005647999999999999,0.006259000000000001,-0.062154,8.89999999999988e-05,0.00015999999999999868,0.00012000000000000205
6166,-0.015636,-0.003507,-0.072765,-0.00019299999999999873,0.00010200000000000053,8.099999999999774e-05
4154,0.007686,0.001572,-0.066012,-4.6000000000000034e-05,4.3999999999999985e-05,-8.400000000000074e-05
341,-0.014218999999999999,-0.005118999999999999,-0.07114,-0.00021100000000000112,-0.00011000000000000072,-6.20000000000065e-05
5046,-0.005242,-0.00377,-0.071881,1.899999999999992e-05,7.699999999999981e-05,-2.000000000002e-06
2154,-0.013009999999999999,0.00176,-0.06970900000000001,-4.4000000000000636e-05,0.0,-3.0000000000030003e-06
6073,-0.014307,0.006358,-0.068214,-0.00010500000000000093,-0.0001410000000000005,3.300000000000525e-05
402,-0.0034980000000000002,0.012103,-0.069928,0.00012700000000000038,0.00014900000000000156,-0.00012799999999998923
5100,-0.006005,-0.004916,-0.068813,2.799999999999938e-05,0.00012900000000000064,-0.00011200000000000099
6060,-0.006726,0.011859999999999999,-0.063428,5.6000000000000494e-05,0.00033600000000000123,-4.200000000000037e-05
7106,0.011071999999999999,0.000923,-0.063121,6.600000000000182e-05,0.000183,-3.500000000000725e-05
4863,0.011497,-0.01226,-0.07131,2.0000000000002655e-06,0.00015000000000000083,-7.999999999999674e-05
355,0.010484,0.0006720000000000001,-0.06515399999999999,2.199999999999945e-05,0.00019299999999999992,-7.900000000000962e-05
