Particle,x,y,z,Vx,Vy,Vz
58092,-0.010898,0.002535,-0.071837,0.0,0.0,0.0
56610,0.001012,0.0076,-0.066213,0.0,0.0,0.0
62329,-0.004418,-0.006489,-0.063916,0.0,0.0,0.0
58381,0.001986,-0.0063490000000000005,-0.07243300000000001,0.0,0.0,0.0
61177,0.003115,0.008754,-0.073902,0.0,0.0,0.0
62663,-0.010884,0.001511,-0.067345,0.0,0.0,0.0
58004,-0.008824,-0.0072629999999999995,-0.07130299999999999,0.0,0.0,0.0
61349,-0.008457000000000001,-0.010369999999999999,-0.066545,0.0,0.0,0.0
62622,0.011743,0.0008020000000000001,-0.067524,0.0,0.0,0.0
62242,0.0066040000000000005,-0.008009,-0.062879,0.0,0.0,0.0
62276,0.000755,0.009871000000000001,-0.06469499999999999,0.0,0.0,0.0
63382,-0.007437,0.0014759999999999999,-0.061386,0.0,0.0,0.0
63026,0.000185,-0.002859,-0.061848999999999994,0.0,0.0,0.0
54633,-0.013774,-0.004481,-0.071483,0.0,0.0,0.0
58836,0.006692,0.000704,-0.071965,0.0,0.0,0.0
63107,-0.013796,-0.008147999999999999,-0.076583,0.0,0.0,0.0
62633,-0.0042569999999999995,-0.004652,-0.072369,0.0,0.0,0.0
63734,-0.003561,0.006354,-0.07058400000000001,0.0,0.0,0.0
63563,0.004666,0.000367,-0.070122,0.0,0.0,0.0
63728,0.006871,-0.008236,-0.07726999999999999,0.0,0.0,0.0
63481,-0.005189,0.008404,-0.067415,0.0,0.0,0.0
60164,-0.0017800000000000001,-0.007485,-0.065908,0.0,0.0,0.0
62769,0.003799,-0.008557,-0.061957,0.0,0.0,0.0
55443,-0.005741,0.00878,-0.07495099999999999,0.0,0.0,0.0
63777,0.013198,-0.006357,-0.070154,0.0,0.0,0.0
63161,0.004725,-0.0017230000000000001,-0.059287,0.0,0.0,0.0
63913,0.011654999999999999,-0.003317,-0.06929,0.0,0.0,0.0
61905,-0.011719,0.011087,-0.06874899999999999,0.0,0.0,0.0
62584,0.011545999999999999,-0.012565,-0.072909,0.0,0.0,0.0
63408,-0.0016439999999999998,0.010617000000000001,-0.069633,0.0,0.0,0.0
62228,-0.010196,-0.002606,-0.07422799999999999,0.0,0.0,0.0
62628,-0.008927,-0.006312,-0.065012,0.0,0.0,0.0
63168,0.003624,0.004176999999999999,-0.062579,0.0,0.0,0.0
62667,0.017506,0.011045,-0.06943899999999999,0.0,0.0,0.0
63830,0.018131,-0.004423,-0.067292,0.0,0.0,0.0
62688,0.007651,5.8e-05,-0.064104,0.0,0.0,0.0
63580,-0.009342000000000001,-0.011408,-0.065717,0.0,0.0,0.0
59114,0.01017,-0.002796,-0.067055,0.0,0.0,0.0
62449,-0.01358,0.0087,-0.065069,0.0,0.0,0.0
62771,0.013304999999999999,-0.004789,-0.06739400000000001,0.0,0.0,0.0
59945,-0.000736,0.001522,-0.061615,0.0,0.0,0.0
63455,0.003847,0.003817,-0.061744,0.0,0.0,0.0
62787,0.011668,0.012692,-0.071529,0.0,0.0,0.0
63049,0.011705,0.008502000000000001,-0.064054,0.0,0.0,0.0
62713,-0.002075,1.7e-05,-0.06721200000000001,0.0,0.0,0.0
63877,0.017306000000000002,-0.006116,-0.067303,0.0,0.0,0.0
62461,-0.000871,0.0075,-0.076444,0.0,0.0,0.0
63075,-0.009167,0.007924,-0.065656,0.0,0.0,0.0
63646,0.008992000000000002,-0.011618999999999999,-0.061616,0.0,0.0,0.0
62669,-0.000121,-0.000444,-0.074931,0.0,0.0,0.0
64006,0.008087,0.007668,-0.06561700000000001,0.0,0.0,0.0
63469,-0.006125,-0.004863,-0.066693,0.0,0.0,0.0
63727,-0.007477999999999999,0.005626,-0.072269,0.0,0.0,0.0
63385,0.008808,-0.001671,-0.07208400000000001,0.0,0.0,0.0
62656,-0.012602,0.01018,-0.06917100000000001,0.0,0.0,0.0
63221,-0.010746,0.009807,-0.078236,0.0,0.0,0.0
62288,0.014334,0.011672,-0.06745,0.0,0.0,0.0
60937,-0.007652,0.012150000000000001,-0.07251200000000001,0.0,0.0,0.0
63787,0.013506,-0.008134,-0.07220499999999999,0.0,0.0,0.0
63350,-0.009335000000000001,0.010579,-0.068772,0.0,0.0,0.0
62569,-0.002225,0.010558999999999999,-0.075723,0.0,0.0,0.0
63022,0.004859,-0.010202,-0.060312,0.0,0.0,0.0
63852,0.010055,-0.0024700000000000004,-0.07220399999999999,0.0,0.0,0.0
60553,0.009068,-0.00173,-0.07095399999999999,0.0,0.0,0.0
63854,0.006425,-0.007738,-0.076146,0.0,0.0,0.0
63115,-0.010093,-0.006552,-0.060587,0.0,0.0,0.0
62993,-0.007522999999999999,-0.012218999999999999,-0.062906,0.0,0.0,0.0
63702,0.0031379999999999997,0.002283,-0.066135,0.0,0.0,0.0
60810,0.006101,-0.008752000000000001,-0.068751,0.0,0.0,0.0
61607,-0.0067800000000000004,-0.000903,-0.066932,0.0,0.0,0.0
61208,-0.004189,0.003828,-0.074372,0.0,0.0,0.0
60516,0.007410999999999999,-5.2e-05,-0.072987,0.0,0.0,0.0
61748,-0.008132,-0.0070350000000000005,-0.07115300000000001,0.0,0.0,0.0
62744,0.0010500000000000002,-0.007293,-0.066971,-4.100000000000024e-05,-2.7000000000000114e-05,-0.0004050000000000026
64069,0.0054269999999999995,0.008441,-0.07280299999999999,-0.00022399999999999937,-0.00037199999999999907,-0.0001290000000000041
58489,-0.005857,-0.007026,-0.06569799999999999,-0.00010499999999999919,-7.399999999999941e-05,-0.00019700000000000273
62647,-0.000734,-0.011908,-0.069595,0.000152,7.999999999999327e-06,-1.6000000000002124e-05
62709,0.013785,0.0047350000000000005,-0.065868,1.2999999999999123e-05,0.00017899999999999947,6.699999999999762e-05
63384,0.006979,-0.00751,-0.06436,-0.00024200000000000003,2.0000000000000052e-05,-1.8000000000004124e-05
63833,-0.002807,-0.002099,-0.062018000000000004,0.0,-0.00020899999999999955,-0.00021899999999999697
63799,0.002617,0.000257,-0.060351,3.500000000000031e-05,-8.000000000000032e-06,-0.00012799999999999617
63040,0.011059,-0.0062,-0.066805,-9.99999999999994e-05,2.3999999999999716e-05,-0.00014299999999999036
62631,-0.01025,0.002146,-0.06282800000000001,-0.00016399999999999922,5.3000000000000096e-05,-0.00021699999999999497
63363,-0.010546,0.009066000000000001,-0.064971,-6.800000000000035e-05,0.0002409999999999999,7.000000000007001e-06
61932,-0.005642,-0.002363,-0.063781,7.500000000000041e-05,8.799999999999997e-05,-0.0003379999999999911
63379,0.009782,-0.006216,-0.071848,4.799999999999943e-05,0.00012600000000000024,9.399999999999686e-05
64074,-0.001645,-0.01213,-0.064004,0.000276,0.00020900000000000085,0.0003530000000000061
59087,0.005723,-0.001896,-0.07489900000000001,0.00019300000000000046,-0.00018500000000000005,-0.0003029999999999977
59801,0.010858000000000001,0.004364,-0.075809,0.00020399999999999759,-3.899999999999997e-05,-0.0004620000000000041
61371,-0.00214,0.007673,-0.065541,3.4999999999999875e-05,0.00019700000000000013,0.00021800000000000985
64277,0.00211,-0.001092,-0.061126,-0.00016699999999999983,-7.999999999999978e-06,-0.00011200000000000099
64248,0.011858,-0.003242,-0.059357999999999994,0.00013200000000000017,0.00019899999999999996,-0.0002040000000000028
61034,0.005860000000000001,-0.012441,-0.06523000000000001,0.000168999999999999,7.800000000000168e-05,0.00016200000000000936
51851,-0.01154,0.00885,-0.06740399999999999,-2.9000000000001247e-05,0.00023099999999999857,9.399999999998299e-05
59809,-0.00102,-0.009929,-0.064274,-0.0001879999999999998,-0.00021299999999999965,-0.00034300000000000996
62706,-0.014728,-0.008426,-0.07315,0.00017299999999999954,0.00012799999999999964,-0.00012199999999999711
61931,-0.006265,-0.0023639999999999998,-0.076344,4.399999999999977e-05,0.0002239999999999998,9.899999999998799e-05
64134,-0.011237,-0.011416,-0.06777899999999999,0.00017900000000000034,1.8000000000000654e-05,-0.00021600000000000785
61618,-0.00795,0.013185,-0.06431999999999999,-0.00014899999999999983,0.0001799999999999996,-0.00010600000000000886
63482,-0.0013180000000000002,-0.001016,-0.060367,7.400000000000006e-05,-0.00024299999999999994,0.00011900000000000105
63401,-0.011,-0.008179,-0.063968,-9.20000000000018e-05,-6.699999999999935e-05,-0.00011200000000000099
62619,0.012242000000000001,0.008067,-0.064211,-0.0002360000000000001,0.0001410000000000005,0.0001310000000000061
64092,0.005828000000000001,-0.009554,-0.063443,0.00013299999999999944,0.00020799999999999985,0.00027599999999999847
64390,0.015170999999999999,0.006211,-0.066183,-0.0003989999999999983,0.0002919999999999997,0.00017100000000000448
63013,0.013916,0.011452,-0.062741,0.00015199999999999936,0.0002449999999999987,0.0004050000000000095
63726,-0.003427,-0.00855,-0.069422,0.0004289999999999997,7.000000000000062e-05,9.999999999871223e-07
63602,-0.013708999999999999,0.000608,-0.076504,0.00032399999999999964,0.00030099999999999994,-0.0005140000000000006
60578,0.006559000000000001,0.003074,-0.070098,-0.0001230000000000007,-3.799999999999984e-05,-0.00011700000000000599
63791,-0.0009320000000000001,-0.012723,-0.067292,0.0003640000000000002,-0.00012299999999999985,0.00013699999999999823
62277,-0.01423,-0.010522,-0.071107,0.00013699999999999997,8.700000000000027e-05,-0.0002930000000000016
63783,-0.012416,0.012995,-0.064244,-0.00016700000000000048,0.00011500000000000052,0.0004209999999999908
63418,-0.013712,-0.003373,-0.067162,6.199999999999956e-05,8.900000000000054e-05,-0.0003459999999999991
64333,0.0013779999999999999,0.003069,-0.070118,0.0002670000000000001,6.399999999999982e-05,-0.00011899999999999411
64392,-0.004507,0.006468,-0.065746,0.00028699999999999993,-1.9999999999999185e-05,0.00037399999999999933
63860,-0.004714,-0.000464,-0.063031,-6.699999999999935e-05,-8.200000000000004e-05,-0.0003399999999999931
63964,-0.003953,-0.008315,-0.06594499999999999,-1.7999999999999787e-05,4.999999999999796e-06,-8.500000000001562e-05
63741,-0.012740999999999999,0.002617,-0.06990099999999999,2.2999999999998716e-05,0.00027500000000000007,-3.0000000000002247e-05
63433,-0.000614,-0.007273,-0.063435,-2.0000000000000052e-05,-0.0001510000000000001,-0.0003080000000000027
63819,-0.003346,-0.006409,-0.063468,-4.49999999999999e-05,-0.00018099999999999974,-0.00021300000000000485
63380,-0.002659,-0.012346,-0.06867100000000001,0.0002630000000000002,-2.2000000000001185e-05,-7.999999999994123e-06
62768,0.004646,0.00151,-0.060535,-8.80000000000004e-05,0.00011099999999999999,-0.00018800000000000067
64124,0.015555,-0.012475,-0.067163,-1.2999999999999123e-05,6.700000000000109e-05,0.00020399999999999585
63441,0.0062380000000000005,0.010522,-0.068585,-8.000000000000021e-05,-0.0002520000000000005,0.00030699999999998784
64173,-0.012224,0.001077,-0.078039,0.00017700000000000007,0.0003600000000000001,-0.0001280000000000031
63540,0.0052309999999999995,0.007292,-0.064307,-0.00011899999999999931,-5.6000000000000494e-05,0.00012199999999999711
56216,0.008265,0.00185,-0.067244,0.00012099999999999958,5.999999999999929e-06,-0.00026600000000000235
64256,0.006450999999999999,0.001287,-0.060296999999999996,5.7000000000000627e-05,-0.00010199999999999988,-8.700000000000374e-05
64261,-0.013273,0.009884,-0.06799,0.00015199999999999936,0.0002349999999999991,3.699999999999537e-05
64310,0.004872,0.012914,-0.066088,-7.599999999999968e-05,-0.000307,-3.599999999999437e-05
64345,-0.010512,-0.001306,-0.08231999999999999,0.00010400000000000166,0.00016700000000000005,-0.0005050000000000193
62742,0.007607,0.008362,-0.059518999999999996,6.000000000000016e-05,-7.599999999999968e-05,0.00023100000000000204
63656,-0.007253,-0.000512,-0.072244,9.599999999999973e-05,0.00015000000000000001,7.999999999994123e-06
63782,0.01322,-0.01261,-0.06923,3.699999999999884e-05,0.0001349999999999997,0.00016199999999999548
63784,-0.011334,0.000146,-0.066488,6.000000000000796e-06,0.000233,-0.0001729999999999926
59563,-0.00843,-0.008323,-0.071514,6.0000000000001025e-05,0.00010899999999999972,-0.0002349999999999991
64079,0.001194,0.011703,-0.066182,-0.0002149999999999999,-0.0004799999999999995,-0.00015399999999998748
63356,0.0011220000000000002,0.010619,-0.068011,-0.0003260000000000001,-0.00021000000000000012,-3.599999999999437e-05
60998,0.008236,-0.0069770000000000006,-0.063746,-0.00021300000000000138,6.200000000000042e-05,6.20000000000065e-05
64475,0.00171,-0.007136999999999999,-0.067189,-4.9999999999999914e-05,-0.00012100000000000045,-0.00039500000000000646
61365,0.008739,-0.001065,-0.066478,2.6999999999999247e-05,3.399999999999996e-05,-0.00037900000000000433
63785,0.015648,-0.005085,-0.070681,-0.0002599999999999981,-0.0001239999999999991,6.0000000000004494e-05
63359,-0.004715,0.010081,-0.069319,-0.0001280000000000005,0.0003049999999999997,-8.799999999999086e-05
62366,-0.003998,0.0018549999999999999,-0.067896,0.0002369999999999998,0.00022900000000000004,-0.0001350000000000101
64075,-0.005256,0.005022,-0.061122,7.300000000000015e-05,0.00010799999999999959,8.600000000000274e-05
64149,-0.004428,-0.005333999999999999,-0.062638,1.6999999999999654e-05,-1.2000000000000725e-05,-0.00010100000000000386
58834,0.00532,-0.010485,-0.068911,0.0003229999999999995,2.8999999999999512e-05,-0.00013699999999999823
64398,-0.006928,0.001484,-0.074226,6.499999999999995e-05,0.0001789999999999999,6.799999999999862e-05
63565,-0.009098,0.008016,-0.07101099999999999,0.00020799999999999985,0.00010699999999999946,5.7999999999988616e-05
60155,0.002783,0.006045,-0.071879,-0.0002589999999999997,-5.799999999999989e-05,-0.00010499999999999399
64498,-0.000747,-0.009349,-0.07295900000000001,0.0002710000000000001,8.5e-05,-6.799999999998474e-05
64046,0.006821,-0.000313,-0.075185,0.00019899999999999952,-5.599999999999995e-05,-0.00032500000000000584
60908,0.009037000000000002,-0.002786,-0.072017,0.0001279999999999979,0.0001709999999999997,-0.00033600000000000296
61535,0.008738,0.004642,-0.068012,-7.099999999999988e-05,-9.30000000000002e-05,-6.899999999999962e-05
62775,0.009957,-0.008473000000000001,-0.074077,0.0001899999999999992,-1.0999999999998858e-05,-0.00014100000000000223
64463,0.006623,0.006586000000000001,-0.064306,-7.900000000000094e-05,8.499999999999914e-05,-1.000000000001e-06
61876,0.0011719999999999999,-0.012076,-0.06975100000000001,0.00019400000000000016,-1.3000000000000858e-05,3.700000000000925e-05
61179,0.001916,0.001607,-0.066425,0.00022800000000000012,-0.00016700000000000005,-9.800000000000086e-05
63879,-0.002898,-0.008206,-0.063799,-6.199999999999999e-05,-0.00031799999999999884,2.8000000000000247e-05
63826,0.014138999999999999,-0.007203,-0.06601399999999999,6.300000000000056e-05,-0.000183,-0.0003200000000000147
63516,-0.006392999999999999,0.006527,-0.060569000000000005,0.00021199999999999952,1.9000000000000787e-05,2.2000000000008124e-05
64171,0.009371,-0.009340999999999999,-0.06346,-3.300000000000178e-05,0.00017699999999999834,3.200000000000425e-05
64135,-0.004239,-0.011628,-0.061994999999999995,-2.000000000000092e-05,-0.0001310000000000009,0.00037500000000000033
58741,0.011773,0.010557,-0.071074,-0.00013200000000000017,7.399999999999941e-05,-0.00033500000000000196
64449,0.006097,-0.006514,-0.067613,7.599999999999968e-05,-8.100000000000034e-05,4.000000000017878e-06
63003,0.00475,0.001177,-0.060488,0.0,7.59999999999999e-05,-0.00010399999999999993
61524,-0.001251,0.003528,-0.064543,5.799999999999989e-05,-0.0001919999999999999,7.600000000000662e-05
62381,-0.012714,-0.003368,-0.067098,-1.3000000000000858e-05,2.599999999999998e-05,-8.899999999999186e-05
64556,0.007353,0.00497,-0.061200000000000004,-8.600000000000014e-05,-0.00017299999999999954,-7.000000000000062e-05
63398,0.009723,-0.002924,-0.064746,-1.2999999999999123e-05,6.000000000000016e-05,-0.00011599999999999111
64104,-0.013903,0.011471,-0.07343999999999999,0.00016599999999999948,0.00028299999999999853,-0.0003560000000000091
63535,0.009502,0.008881,-0.063285,8.099999999999948e-05,2.6999999999999247e-05,0.00013899999999998636
48749,0.008307,0.004025,-0.073708,0.00022699999999999977,-0.00011599999999999978,-0.00017300000000000648
59182,0.00317,-0.00827,-0.062873,-0.00010600000000000019,8.700000000000027e-05,-0.00020200000000000773
64454,0.015193,0.001693,-0.067322,0.00021199999999999865,0.00017700000000000007,-4.299999999998749e-05
64284,0.01236,-0.011710000000000002,-0.063397,0.00016000000000000042,0.0001310000000000009,0.00013299999999999423
46156,-0.009615,0.009632,-0.066116,-8.099999999999948e-05,0.0003619999999999995,9.699999999998599e-05
64438,0.003114,-0.007282,-0.069074,0.00026500000000000004,-0.00012799999999999964,-0.0001840000000000036
53633,0.008166,-0.002407,-0.07545,0.00013299999999999944,-0.00016700000000000005,-0.0004870000000000013
63033,0.000957,0.0055780000000000005,-0.06508199999999999,0.00021200000000000017,-1.700000000000052e-05,-3.900000000001125e-05
64622,0.005343,0.007399,-0.062549,-0.00011699999999999992,-0.00026700000000000074,0.0004909999999999914
63531,-0.003442,0.004261999999999999,-0.069036,0.00017100000000000014,0.00025900000000000055,5.099999999999549e-05
58046,-0.012411,0.007955,-0.065709,-1.899999999999992e-05,0.00014799999999999883,0.00028700000000000947
64725,0.010249000000000001,0.010707000000000001,-0.062673,-9.100000000000254e-05,-7.200000000000088e-05,0.00028900000000000453
64585,-0.012990999999999999,-0.0013640000000000002,-0.07139799999999999,0.0005069999999999988,0.0004410000000000002,-0.0001890000000000086
64242,0.004713,0.006954,-0.058624,-8.000000000000021e-05,-0.0001780000000000002,0.00022500000000000298
64125,-0.009519999999999999,-0.001565,-0.066385,8.499999999999827e-05,0.00011700000000000013,-0.00027100000000000735
64727,-0.006248,0.003003,-0.062457,-0.00011900000000000018,4.199999999999994e-05,-5.7000000000001494e-05
63670,0.012577,0.0028090000000000003,-0.06345,-7.000000000000062e-06,-1.3000000000000424e-05,-0.00042899999999998495
60249,-0.006706,-0.0009,-0.073801,0.00018699999999999967,0.000156,3.900000000001125e-05
61985,-0.011136,0.00863,-0.076012,-4.900000000000043e-05,0.00010099999999999866,-0.00044900000000000495
63529,0.012036,-0.009385999999999999,-0.068536,0.00018199999999999987,9.099999999999907e-05,0.00016200000000000936
64067,-0.005347,-0.00086,-0.06328399999999999,0.00010300000000000066,6.499999999999995e-05,-0.0004820000000000102
64270,-0.004666,-0.00512,-0.070802,0.00031400000000000004,0.00019300000000000046,-0.00020299999999999485
64233,0.014070000000000001,0.009021000000000001,-0.075582,0.00018599999999999867,2.999999999997796e-06,-0.00032000000000000084
63200,0.015311,0.010671,-0.06901900000000001,0.0002189999999999987,0.0004259999999999993,-0.00026699999999998947
59199,-0.003444,0.000866,-0.070702,0.00023399999999999983,0.0002950000000000001,-0.0002360000000000001
64214,0.011468,-0.011657,-0.058772,9.599999999999886e-05,0.00015800000000000015,-7.000000000007001e-06
64250,-0.001786,0.0017230000000000001,-0.060593,-5.600000000000006e-05,-8.900000000000032e-05,2.8000000000000247e-05
64589,-0.000825,-0.000622,-0.063459,-0.000147,6.999999999999997e-05,-0.00015400000000000136
64054,0.012609,0.006048,-0.07194400000000001,6.600000000000009e-05,0.00042999999999999896,-0.00037199999999999733
60870,-0.012053000000000001,0.0032080000000000003,-0.06818600000000001,4.60000000000009e-05,0.0004199999999999998,-0.00018999999999999573
63160,0.009689,0.002534,-0.071213,4.4000000000000636e-05,0.0001460000000000003,-0.0003569999999999962
63772,-0.008158,0.004136999999999999,-0.073161,0.00027399999999999994,0.00036000000000000094,-8.299999999999974e-05
63247,0.00483,0.00073,-0.068001,-6.299999999999969e-05,-4.100000000000002e-05,-0.00011399999999998911
61527,0.00378,-0.000955,-0.060817,-5.3000000000000096e-05,6.000000000000037e-06,-0.00014699999999999436
60928,0.003783,-0.00029499999999999996,-0.064878,2.2000000000000318e-05,0.00012799999999999994,-0.00010299999999999199
64192,0.002493,-0.006991,-0.059486,-6.000000000000016e-05,4.200000000000037e-05,-0.0002489999999999992
62274,0.003523,0.007983,-0.07177299999999999,-3.100000000000021e-05,-0.00025100000000000035,2.999999999998837e-05
64426,0.005869,0.002748,-0.060882,-0.00010000000000000026,6.699999999999979e-05,-0.00028399999999999953
63483,-0.004793,-0.010749,-0.068378,0.00027899999999999973,-0.00011900000000000105,-2.8000000000014125e-05
63810,0.010759000000000001,0.007862000000000001,-0.072089,0.0001489999999999981,-8.700000000000027e-05,-0.0002950000000000036
63015,0.000153,-0.0025150000000000003,-0.072214,7e-05,0.00026400000000000035,-0.00020400000000000973
64422,-0.006887,0.002862,-0.061611,-0.00022000000000000058,2.8999999999999946e-05,-0.00018699999999999967
64195,-0.007901,0.008286,-0.064292,8.000000000001062e-06,0.00028500000000000053,0.0002510000000000012
64072,-0.006649,-0.001821,-0.06509999999999999,8.80000000000004e-05,2.499999999999985e-05,-0.0003630000000000022
64715,-0.0055910000000000005,0.010424,-0.075247,4.900000000000043e-05,6.0000000000001025e-05,-9.699999999999986e-05
63685,-0.004077,-0.007742,-0.06564199999999999,-0.00021100000000000025,6.899999999999962e-05,-0.00020200000000000773
64435,-0.009068,-0.011356,-0.072669,8.99999999999998e-05,0.0001739999999999988,0.00030799999999998884
63715,0.001433,-0.007407,-0.065474,9.999999999999159e-07,-7.999999999999934e-05,-0.0002819999999999906
64486,0.00152,0.00032,-0.07220099999999999,0.00015299999999999992,0.00011399999999999995,-0.00023600000000001398
54761,0.000114,-0.00281,-0.070662,9.9e-05,0.000183,-0.00015599999999998948
61879,-0.010388,-0.004214000000000001,-0.072723,6.600000000000009e-05,0.00010700000000000032,-0.00022700000000000498
62433,0.006529,0.003707,-0.063156,-7.099999999999988e-05,7.800000000000038e-05,-0.00027299999999999547
61900,0.001845,-0.002953,-0.063792,-0.0001510000000000001,-1.1999999999999858e-05,-0.00022400000000000198
64412,-0.006013,-0.003641,-0.064956,8.099999999999948e-05,-4.0999999999999804e-05,-0.00014499999999999236
57642,0.001441,0.000486,-0.069885,3.000000000000008e-05,0.00012699999999999994,-0.00037299999999999833
64153,-0.005618000000000001,0.0011200000000000001,-0.061426,-9.999999999999593e-06,0.0001969999999999999,-0.00047799999999999926
64532,-0.008608000000000001,-0.008976000000000001,-0.0621,-6.299999999999882e-05,-0.0001729999999999978,-0.00033099999999999796
64504,0.004851,0.007721,-0.065635,1.7999999999999787e-05,-0.00017400000000000054,9.799999999998699e-05
59521,0.004001,0.000496,-0.061837,7.400000000000028e-05,2.400000000000004e-05,-2.2999999999995246e-05
64201,0.015984,-0.002013,-0.06580899999999999,0.0004459999999999985,-3.899999999999997e-05,-0.0002620000000000122
62041,-0.007078999999999999,0.012603999999999999,-0.067163,-0.0003060000000000007,7.000000000000062e-05,0.0001840000000000036
64053,-0.003487,-0.005096,-0.067163,-4.699999999999973e-05,-3.500000000000031e-05,-0.00032900000000000984
64273,0.014201,0.011559,-0.073318,2.8999999999999512e-05,-0.00012299999999999985,-0.00026400000000000035
61521,-0.000203,0.010542,-0.064818,-0.000174,0.00023800000000000036,8.900000000000574e-05
64499,0.011241,0.012037,-0.07052800000000001,-0.0003539999999999984,3.699999999999884e-05,-0.0001689999999999886
64487,0.013888999999999999,-0.007320999999999999,-0.068126,0.0002510000000000012,-8.80000000000004e-05,-0.00015500000000000236
64160,0.011007,-0.008433,-0.07048099999999999,0.00012300000000000158,3.799999999999984e-05,-6.80000000000125e-05
63405,-0.012881,0.006974,-0.064384,-9.299999999999933e-05,9.30000000000002e-05,0.00022099999999999898
64437,-0.007977,-0.009559,-0.063606,-0.00010800000000000046,-0.00011500000000000052,-1.0000000000010001e-05
64614,0.01455,-0.009992000000000001,-0.067598,0.00019099999999999846,1.1999999999999858e-05,9.600000000001274e-05
64484,-0.000737,0.005751,-0.065994,0.00013700000000000008,-4.700000000000017e-05,9.299999999999586e-05
63084,-0.014213,-0.012240000000000001,-0.070649,0.00013200000000000017,8.000000000001062e-06,-0.00015900000000000636
63061,-0.000505,0.0037949999999999998,-0.065095,0.000125,-0.0001269999999999995,-1.000000000001e-06
64042,-0.008634000000000001,0.006959,-0.074794,0.00016200000000000069,0.00010199999999999966,-0.00013099999999999223
64163,-0.008789,-0.008289,-0.074274,3.399999999999931e-05,0.00023000000000000104,-2.8000000000000247e-05
64542,-0.009069,-0.003339,-0.062818,0.00024100000000000163,1.5000000000000256e-05,-0.0003389999999999921
62620,-0.013182000000000001,-0.0032730000000000003,-0.067275,3.200000000000078e-05,3.100000000000021e-05,-0.0001699999999999896
64745,0.002057,-0.004006999999999999,-0.06856,8.000000000000021e-05,-0.00011400000000000125,-0.00022300000000000098
64076,0.0067009999999999995,0.003019,-0.067606,2.300000000000045e-05,2.8999999999999946e-05,-0.0001229999999999981
64552,-0.011798999999999999,-0.007923,-0.060611,-5.900000000000176e-05,0.00016899999999999988,-0.0003039999999999987
59487,0.008733000000000001,-0.004311,-0.067679,-4.000000000002266e-06,-0.00010799999999999959,-0.00012099999999999611
62998,-0.005363000000000001,-0.006947,-0.063511,-0.0001319999999999993,-2.599999999999998e-05,-0.0001300000000000051
64066,0.000949,-0.006971,-0.062210999999999995,-4.099999999999991e-05,7.499999999999955e-05,-0.0001850000000000046
63612,0.009144,0.004352,-0.071852,0.0001310000000000009,-0.00020499999999999945,-0.00012200000000001099
64495,0.01238,0.002022,-0.069461,-0.00028600000000000153,0.00011699999999999992,-0.00010100000000000386
63716,0.014054,-0.003798,-0.072227,-0.000197000000000001,0.0001240000000000004,-0.00037500000000000033
61405,-0.000781,0.012406,-0.06689400000000001,-0.00033100000000000013,-0.00021099999999999938,-0.00011599999999999111
64445,-0.009439999999999999,0.008074999999999999,-0.062437,-1.3000000000000858e-05,0.0002870000000000008,0.00019200000000000467
49248,0.000731,0.006171,-0.07273099999999999,-3.0999999999999995e-05,3.9999999999996635e-06,-0.0002500000000000002
63127,-0.013737000000000001,0.00698,-0.077241,7.700000000000068e-05,-1.8000000000000654e-05,-0.00035899999999998433
63708,-0.003362,0.006517,-0.06808499999999999,0.00010600000000000019,8.80000000000004e-05,7.799999999998086e-05
63020,0.006392999999999999,0.002163,-0.067422,5.4000000000001096e-05,6.699999999999979e-05,-8.600000000000274e-05
64405,0.000228,0.011936,-0.071622,-0.000321,8.000000000000021e-05,-0.00018699999999999273
53999,-0.002072,0.007073,-0.06601900000000001,-3.199999999999991e-05,6.499999999999995e-05,0.00017100000000000448
61878,-0.00808,0.012457000000000001,-0.070435,-8.900000000000054e-05,4.5999999999999167e-05,-0.00010100000000000386
63377,0.00871,0.011105,-0.07118899999999999,-0.00024100000000000163,-0.00023000000000000104,0.00021999999999999797
63720,-0.001573,-0.00876,-0.061847,-0.0004010000000000001,0.00010300000000000066,-0.00019000000000000267
64439,0.0072699999999999996,-0.010513,-0.07081799999999999,0.0004590000000000002,4.2999999999999636e-05,0.0001679999999999876
61533,0.010489,-0.012325,-0.073908,0.00014800000000000056,1.799999999999892e-05,-6.0999999999991616e-05
63812,-0.0047220000000000005,-0.010106,-0.07011400000000001,0.0002600000000000007,5.299999999999923e-05,8.700000000000374e-05
63051,0.01302,0.0022570000000000003,-0.065989,0.0001289999999999989,3.199999999999991e-05,-0.0004009999999999986
63428,-0.000464,-0.008641,-0.066814,-2.0000000000000486e-06,-6.100000000000029e-05,-8.300000000001362e-05
64102,-0.004839,-0.008882,-0.073901,0.00014700000000000043,0.00013999999999999777,0.00012599999999998723
63801,-0.002948,0.0032029999999999997,-0.067843,0.00018599999999999997,0.0003060000000000003,-0.00010299999999999199
64413,0.010197,0.003022,-0.069691,5.9000000000000025e-05,-0.00010999999999999985,-0.0003389999999999921
60942,0.009742,0.001103,-0.06462999999999999,4.699999999999843e-05,0.00015999999999999977,-0.00017700000000001048
64451,0.010009,0.013093,-0.067,-2.0000000000002655e-06,-0.00031400000000000004,0.00031699999999999784
63766,-0.0030600000000000002,-0.0015,-0.065773,-4.49999999999999e-05,0.00011899999999999997,-0.0004080000000000056
63900,0.014556,-0.006848,-0.06323,7.200000000000088e-05,0.00011900000000000018,-0.00014600000000000724
64494,0.000865,0.012061,-0.062528,-8.9e-05,0.0002870000000000008,2.000000000002e-06
64628,-0.007915,0.009699,-0.061772,0.00018700000000000053,0.0001020000000000014,0.00044399999999999995
64520,-0.008961,-0.006012,-0.066932,0.0002009999999999998,0.00012099999999999958,-0.00013099999999999223
64045,0.0007740000000000001,-0.009052,-0.07326,0.0002369999999999999,3.999999999998796e-06,-0.00012599999999998723
62331,0.014572,-0.004412,-0.072425,1.000000000001e-06,9.699999999999986e-05,-0.0002339999999999981
62339,-0.011035,-0.010179,-0.071487,1.8000000000000654e-05,3.900000000000084e-05,-0.00026900000000000535
63754,0.0072169999999999995,-0.006275,-0.073985,9.000000000000067e-05,-2.9999999999999645e-05,-0.0001290000000000041
58434,0.011923999999999999,-0.00747,-0.073105,-0.00010699999999999946,-1.4000000000000123e-05,-0.00017600000000000948
64533,-0.015228,0.011919,-0.074672,0.00020500000000000032,-0.00012799999999999964,-0.00016800000000000148
52867,0.004984,0.0043490000000000004,-0.071941,0.00014700000000000043,-0.0002180000000000003,-0.0001789999999999986
63518,0.009004,0.009309,-0.062699,0.00013900000000000023,-3.0000000000012655e-06,0.0001799999999999996
64129,0.001252,-0.003843,-0.074727,5.499999999999993e-05,0.00010299999999999979,-0.00019600000000000173
62230,0.006861,-0.003232,-0.07571299999999999,5.199999999999996e-05,2.7000000000000114e-05,-0.0003570000000000101
64509,0.01149,0.000937,-0.06704,4.1000000000001105e-05,-9.999999999999918e-06,-1.5000000000001124e-05
63813,0.005046999999999999,0.00592,-0.074112,-7.299999999999928e-05,-0.0003899999999999997,-0.00019700000000000273
63011,0.00458,0.010374000000000001,-0.074699,-7.499999999999955e-05,-0.00013000000000000164,-0.00018999999999999573
63039,-0.001121,-0.010746,-0.070612,0.0001250000000000001,-1.4000000000000123e-05,-7.800000000000862e-05
64215,-0.01271,0.000524,-0.063587,-0.0001849999999999994,3.700000000000003e-05,-0.00037600000000000133
62408,0.005106,-0.010426,-0.074625,0.00013200000000000017,9.800000000000086e-05,-1.6000000000002124e-05
64395,0.001295,-0.00924,-0.073301,0.000255,4.799999999999943e-05,-9.199999999999486e-05
64078,0.006088,-0.007842,-0.06720000000000001,-0.00014899999999999983,0.00012299999999999985,-0.00020299999999999485
64180,-0.004055,-0.001213,-0.062529,-6.600000000000095e-05,-7.700000000000003e-05,-0.0004929999999999934
64527,0.011938,0.008329000000000001,-0.071866,7.099999999999988e-05,0.00032699999999999917,-9.599999999999886e-05
60162,0.005057000000000001,0.008567,-0.07043300000000001,-0.00018500000000000114,-0.0002970000000000004,-0.00021499999999999297
64088,-0.0036669999999999997,-0.008706,-0.06507399999999999,-0.00010800000000000002,9.60000000000006e-05,-1.6000000000016e-05
54103,-0.000629,-0.005396,-0.070177,0.00019999999999999998,0.00021900000000000044,1.1999999999998123e-05
61536,-0.00028000000000000003,-0.01062,-0.070572,0.00017,6.800000000000035e-05,-1.8000000000004124e-05
64519,-0.006732999999999999,-0.0025169999999999997,-0.062675,5.999999999999062e-06,0.00022099999999999984,-0.00010100000000000386
63932,0.001779,-0.000536,-0.066327,-0.00022199999999999998,2.400000000000004e-05,-0.00015800000000000536
64418,0.00625,0.00424,-0.065038,-0.0001310000000000009,3.899999999999997e-05,-6.899999999999962e-05
64427,0.014013999999999999,0.005915,-0.069002,-0.0003449999999999981,0.00037300000000000007,-0.0005570000000000019
56172,-0.000214,0.00653,-0.072045,-3.0999999999999995e-05,4.8999999999999565e-05,-0.0001290000000000041
59437,-0.011720000000000001,-0.004371000000000001,-0.072619,5.300000000000096e-05,0.00010800000000000046,-0.0001820000000000016
63181,-0.0013779999999999999,0.0034809999999999997,-0.075661,0.00017199999999999984,0.0003520000000000003,-0.00023399999999998422
56142,8.999999999999999e-05,0.006194,-0.073967,-1.8000000000000004e-05,-3.899999999999997e-05,-0.0002829999999999916
63361,0.0021880000000000003,-0.011787,-0.068706,0.00024399999999999986,4.300000000000137e-05,9.900000000000186e-05
64644,-0.005288999999999999,0.008018,-0.063471,9.19999999999992e-05,-0.00017200000000000028,0.0001769999999999966
63018,-0.005328,-0.004362,-0.062301999999999996,-9.30000000000002e-05,7.400000000000028e-05,-0.00034600000000001296
63068,0.001393,0.005351,-0.06277300000000001,-0.00018899999999999993,6.799999999999948e-05,-6.699999999999762e-05
61546,0.008412000000000001,0.0072039999999999995,-0.064547,4.699999999999843e-05,-9.099999999999907e-05,0.00010099999999998999
64443,0.010693,-0.0023290000000000003,-0.063132,0.00012900000000000064,5.400000000000023e-05,-0.00034300000000000996
64448,0.00271,0.011239,-0.074994,-5.1000000000000264e-05,-0.00023300000000000057,-3.799999999999637e-05
57794,-0.012349,0.004357000000000001,-0.065866,-0.00011399999999999778,0.0003199999999999991,-0.00017700000000001048
63004,0.00461,-0.006692999999999999,-0.07013899999999999,0.0002249999999999995,-0.00012000000000000031,-0.00020700000000001273
56900,-0.0076630000000000005,0.010502000000000001,-0.075099,7.400000000000028e-05,0.0002139999999999989,-0.00032500000000000584
60983,0.006233,-0.001211,-0.064869,6.700000000000022e-05,9.299999999999998e-05,-0.0003510000000000041
61955,-0.002285,0.010475,-0.07051099999999999,-8.90000000000001e-05,0.00035899999999999994,-1.4000000000014001e-05
64049,0.000498,-0.001811,-0.064234,-0.00010099999999999996,-8.000000000000021e-05,-0.00017800000000001148
63355,0.004594,0.00687,-0.07073900000000001,-0.00017399999999999968,-3.300000000000091e-05,5.100000000000937e-05
61882,-0.003664,0.000428,-0.062274,-9.699999999999986e-05,-5.099999999999999e-05,-0.00030400000000000565
49100,0.003754,-0.009439,-0.072128,0.00013699999999999997,0.00011899999999999931,-1.0000000000010001e-05
63498,-0.007684,-0.006044,-0.058685,-4.30000000000005e-05,5.5999999999999626e-05,-0.00017700000000000354
64071,0.005679999999999999,0.00924,-0.07018899999999999,-3.799999999999897e-05,-0.00030400000000000045,-7.10000000000155e-05
63410,0.013949999999999999,0.011667,-0.067255,9.10000000000008e-05,0.00017200000000000028,-0.0003560000000000091
59457,-0.008048,-0.008896000000000001,-0.064676,-4.4000000000000636e-05,-0.00012099999999999785,-6.499999999999562e-05
64138,-0.002884,0.011211,-0.064466,-5.700000000000019e-05,0.00033199999999999896,-1.7000000000003124e-05
63369,0.003589,0.004315,-0.062566,-0.00019200000000000033,3.9999999999996635e-06,-0.00013799999999999923
62651,-0.004253,-0.0031019999999999997,-0.06382800000000001,0.00010700000000000032,6.899999999999962e-05,-0.0002929999999999877
64397,-0.0033799999999999998,0.006428,-0.07383799999999999,-5.0000000000000565e-05,6.100000000000029e-05,2.599999999998437e-05
63525,-0.003718,0.0017,-0.058293,-0.00016400000000000008,1.0000000000001327e-06,-0.00013499999999999623
60645,-0.008768000000000001,-0.011635999999999999,-0.07003100000000001,0.00010000000000000286,8.000000000000021e-05,0.00017200000000001936
63463,0.011151,0.002275,-0.070203,-0.00024300000000000016,0.00011999999999999988,-8.799999999999086e-05
60532,0.00040699999999999997,0.003492,-0.063577,-5.6999999999999976e-05,2.7000000000000114e-05,-6.60000000000105e-05
62948,0.002974,-0.004333999999999999,-0.067623,0.00010600000000000019,6.699999999999935e-05,-0.0003439999999999971
64538,0.013752,-0.005561,-0.073982,-0.00011400000000000125,-3.699999999999971e-05,-0.0002849999999999936
63731,0.006136999999999999,0.001841,-0.06393800000000001,1.9000000000000787e-05,1.0000000000001327e-06,-2.1999999999994246e-05
60515,-0.0033929999999999997,0.006441,-0.062795,7.399999999999985e-05,0.00015500000000000062,0.00032999999999999696
57367,0.004899,-0.006259000000000001,-0.071838,0.00016700000000000048,-0.0001799999999999996,-0.00043900000000000883
64356,-0.012076,0.0038290000000000004,-0.064846,-0.00014899999999999983,0.00011999999999999988,-4.400000000000237e-05
56174,-0.010032,-0.007473,-0.07206699999999999,1.699999999999792e-05,5.699999999999889e-05,-0.00020300000000000873
63378,0.013901,0.010942,-0.0698,0.0001799999999999996,0.00016499999999999848,-0.0003449999999999981
64080,-0.00366,-0.006498,-0.072517,0.00026999999999999984,-1.9999999999999185e-05,-4.999999999999449e-05
64188,0.012019,-0.010225,-0.060968,-1.1000000000000593e-05,7.899999999999921e-05,-6.799999999999862e-05
64232,0.011176,-0.012939,-0.066375,5.299999999999923e-05,0.00018000000000000134,0.00016500000000001236
63396,0.00214,0.0013939999999999998,-0.069938,8.90000000000001e-05,-1.0000000000000026e-05,-0.00021699999999999497
