Particle,x,y,z,Vx,Vy,Vz
910,-0.000133,0.006275,-0.07382,0.0,0.0,0.0
156,0.001983,-0.007044,-0.070961,0.0,0.0,0.0
109,-0.007193,-0.0022229999999999997,-0.07231699999999999,0.0,0.0,0.0
190,-0.008934,-0.000734,-0.06372,0.0,0.0,0.0
61,0.005055,0.010421,-0.0673,0.0,0.0,0.0
9,-0.006176,0.003164,-0.06941599999999999,0.0,0.0,0.0
850,-0.003298,-0.002055,-0.061564,0.0,0.0,0.0
258,0.002645,0.004932000000000001,-0.07715999999999999,0.0,0.0,0.0
210,0.009238,0.008995,-0.065338,0.0,0.0,0.0
228,0.0035870000000000003,0.003561,-0.062240000000000004,0.0,0.0,0.0
279,0.016594,-0.004533000000000001,-0.07266800000000001,0.0,0.0,0.0
200,0.009694000000000001,-0.002601,-0.07437300000000001,0.0,0.0,0.0
275,0.0066879999999999995,-0.005196,-0.068836,0.0,0.0,0.0
688,0.017363,-0.002871,-0.073768,0.0,0.0,0.0
27,-0.002242,0.002649,-0.06735,0.0,0.0,0.0
1113,-0.005428,0.002433,-0.06594799999999999,0.0,0.0,0.0
878,-0.000508,-0.006641,-0.07463299999999999,0.0,0.0,0.0
304,0.008975,0.006085,-0.075869,0.0,0.0,0.0
284,0.014411,-0.0005620000000000001,-0.066733,0.0,0.0,0.0
7,0.000825,0.0063419999999999995,-0.07416500000000001,0.0,0.0,0.0
889,-0.012809,0.01256,-0.070559,0.0,0.0,0.0
895,-0.008638,0.00015900000000000002,-0.064531,0.0,0.0,0.0
121,-0.0038309999999999998,-0.0007970000000000001,-0.064171,0.0,0.0,0.0
902,-0.007057000000000001,-0.011179,-0.07475,0.0,0.0,0.0
407,0.006853,0.009663,-0.07362300000000001,0.0,0.0,0.0
246,0.009162,0.001769,-0.069528,0.0,0.0,0.0
565,-0.015106,0.009782,-0.07833799999999999,0.0,0.0,0.0
1037,0.005982,-0.006468,-0.07055700000000001,0.0,0.0,0.0
921,0.00658,0.005019,-0.059197,0.0,0.0,0.0
350,-0.009888999999999998,-0.004838,-0.068451,0.0,0.0,0.0
974,0.000958,-0.00509,-0.059973,0.0,0.0,0.0
139,-0.0089,0.011741,-0.063275,0.0,0.0,0.0
475,-0.011607,0.008289999999999999,-0.06518,0.0,0.0,0.0
273,0.0018720000000000002,-0.002334,-0.073272,0.0,0.0,0.0
1002,0.008615,0.003882,-0.076836,0.0,0.0,0.0
585,0.015493999999999999,0.011311,-0.06607500000000001,0.0,0.0,0.0
517,0.003811,0.009765000000000001,-0.077666,0.0,0.0,0.0
515,-0.011349999999999999,0.003072,-0.060337,0.0,0.0,0.0
1110,0.002137,-0.012916,-0.06283,0.0,0.0,0.0
533,-0.001092,-0.010473000000000001,-0.065668,0.0,0.0,0.0
1124,-0.0013289999999999999,0.007286,-0.059201000000000004,0.0,0.0,0.0
1077,-0.012485,0.009317,-0.077992,0.0,0.0,0.0
604,0.016128,-0.012799,-0.068983,0.0,0.0,0.0
1126,0.0024300000000000003,-0.009536,-0.07181100000000001,0.0,0.0,0.0
1054,0.005516,-0.0014119999999999998,-0.059968,0.0,0.0,0.0
900,-0.006813,-0.010738,-0.070847,0.0,0.0,0.0
1175,0.004405999999999999,-0.012456,-0.067165,0.0,0.0,0.0
769,-0.01159,-0.005356,-0.06918600000000001,0.0,0.0,0.0
826,-0.00436,0.00035099999999999997,-0.061971,0.0,0.0,0.0
257,-0.013705,-0.009269999999999999,-0.068792,0.0,0.0,0.0
251,0.011333,0.007344000000000001,-0.069688,0.0,0.0,0.0
103,-0.003162,0.0067220000000000005,-0.073279,0.0,0.0,0.0
930,0.003104,-0.010284000000000001,-0.070532,0.0,0.0,0.0
955,0.008914,0.00811,-0.061585,0.0,0.0,0.0
968,-0.009642,-0.004466,-0.06235,0.0,0.0,0.0
343,0.0076159999999999995,0.009392,-0.074262,0.0,0.0,0.0
1027,-0.006619,0.008773999999999999,-0.078534,0.0,0.0,0.0
1036,0.017494,-0.000781,-0.07106799999999999,0.0,0.0,0.0
1061,0.012544000000000001,-0.012327,-0.07499800000000001,0.0,0.0,0.0
1081,-0.000192,-0.002397,-0.062185000000000004,0.0,0.0,0.0
748,-0.01329,0.0008010000000000001,-0.06831999999999999,0.0,0.0,0.0
153,-0.010548,-0.007176999999999999,-0.06930700000000001,0.0,0.0,0.0
626,0.007932999999999999,0.009733,-0.059465000000000004,0.0,0.0,0.0
119,0.015733,-0.000375,-0.069252,0.0,0.0,0.0
83,0.006426,0.013550000000000001,-0.066704,0.0,0.0,0.0
17,-0.009849,0.003468,-0.071539,7.099999999999988e-05,3.600000000000001e-05,8.100000000001162e-05
41,-0.0055320000000000005,-0.009364,-0.07177299999999999,-4.99999999999997e-05,8.6000000000001e-05,-7.400000000000462e-05
525,0.002958,-0.012467,-0.065896,0.00022199999999999998,-1.6999999999999654e-05,1.3999999999986246e-05
95,0.004190999999999999,-0.002057,-0.07190300000000001,7.400000000000028e-05,-6.000000000000363e-06,-0.00020899999999998697
76,0.0012729999999999998,-0.006828,-0.07125,-0.00010299999999999979,4.999999999999796e-06,-4.800000000000637e-05
225,-0.002008,-0.002133,-0.06988899999999999,-2.1999999999999884e-05,3.199999999999991e-05,-7.00000000000145e-05
84,-0.009769,-0.004186,-0.071138,-0.00016799999999999975,0.00011399999999999952,8.400000000000074e-05
68,0.007464,-0.000162,-0.066194,-8.900000000000054e-05,7.000000000000001e-05,6.40000000000085e-05
395,-0.0031070000000000004,-0.006972000000000001,-0.073642,-3.899999999999954e-05,0.0001250000000000001,-7.600000000000662e-05
254,-0.011848000000000001,0.011649,-0.073693,-1.1999999999998123e-05,4.0000000000000105e-05,5.6000000000000494e-05
413,-0.005412,-0.002129,-0.063452,9.999999999999593e-06,0.00030199999999999975,-0.00015100000000001224
1252,-0.012675,-0.01217,-0.068253,-9.299999999999933e-05,0.00012100000000000131,3.599999999999437e-05
927,-0.011925000000000002,0.000766,-0.071381,-3.999999999998796e-06,1.0000000000000243e-06,-6.799999999999862e-05
11,-0.003806,-0.0017410000000000001,-0.073809,1.1000000000000159e-05,-3.099999999999978e-05,-5.3999999999998494e-05
844,0.009315,-0.0075190000000000005,-0.073256,-3.7000000000000574e-05,-3.8999999999999105e-05,1.7000000000003124e-05
288,0.009121,-0.004538,-0.07133199999999999,1.9999999999999185e-05,-7.200000000000002e-05,1.8000000000004124e-05
1208,-0.012244,0.005959,-0.073855,5.299999999999923e-05,-3.199999999999991e-05,4.400000000000237e-05
420,-0.013204,-0.001451,-0.076643,-5.10000000000007e-05,7.200000000000002e-05,-0.00019700000000000273
1050,-0.000124,-0.012202,-0.07736,-8.000000000000005e-06,3.7000000000000574e-05,-3.100000000000325e-05
1246,0.009642,0.009871000000000001,-0.06345,2.1000000000000185e-05,5.7999999999999025e-05,-4.399999999998849e-05
944,0.007690000000000001,-0.007937999999999999,-0.062698,6.099999999999942e-05,0.00016099999999999882,-4.300000000000137e-05
499,-0.01511,0.004897,-0.071601,1.3000000000000858e-05,-0.00013900000000000023,5.1999999999996493e-05
946,-0.004926,-0.001776,-0.075202,6.499999999999995e-05,2.599999999999998e-05,-8.899999999999186e-05
1218,-0.000644,0.0069180000000000005,-0.063928,0.00016600000000000008,1.899999999999992e-05,-9.599999999999886e-05
1204,-0.000569,0.0027240000000000003,-0.06056,-1.9000000000000028e-05,0.0001519999999999998,0.00012199999999999711
78,-0.012438000000000001,0.0019950000000000002,-0.069654,-2.4999999999997247e-05,8.999999999999894e-06,3.0000000000030003e-06
426,-0.011549,-0.0048460000000000005,-0.063525,5.800000000000076e-05,7.600000000000055e-05,-1.9000000000005124e-05
1323,-0.009689,-0.010827,-0.066411,0.00022300000000000098,0.0001549999999999989,-5.9000000000003494e-05
317,0.011840999999999999,0.009214,-0.065758,-0.00018799999999999893,1.2000000000001593e-05,-6.30000000000075e-05
379,-0.012679000000000001,0.01115,-0.06650199999999999,2.9000000000001247e-05,-7.599999999999968e-05,-7.200000000000262e-05
217,0.004957,0.011157,-0.064951,0.00012199999999999971,0.00011299999999999852,-6.899999999999962e-05
833,-0.008667,-0.006685,-0.068633,8.799999999999954e-05,0.0003290000000000003,0.0001310000000000061
296,0.0023799999999999997,-0.006496,-0.063211,0.00011800000000000048,0.000183,9.699999999999986e-05
575,0.012394,-0.000208,-0.07435299999999999,2.199999999999945e-05,-7.999999999999997e-05,-5.800000000001637e-05
1294,0.000578,-0.012573,-0.064649,0.00021600000000000005,8.000000000000021e-05,0.00014999999999999736
164,0.009788,-0.001482,-0.074469,0.00012699999999999864,-9.699999999999986e-05,5.6999999999987616e-05
932,0.010666,-0.0037519999999999997,-0.062827,8.99999999999998e-05,0.00021699999999999975,6.899999999998574e-05
479,0.003692,0.00439,-0.07344400000000001,-5.00000000000023e-06,8.000000000000194e-06,-0.00014299999999999036
448,0.000272,0.013364000000000001,-0.062631,9.699999999999997e-05,0.00014299999999999903,-0.00012899999999999023
202,0.0036309999999999997,-0.011505000000000001,-0.069553,-6.900000000000005e-05,-3.8999999999999105e-05,-9.799999999998699e-05
940,-0.008831,-0.010751,-0.066979,0.00017,0.0003499999999999996,1.1999999999998123e-05
521,0.012776999999999998,0.009653,-0.063447,-7.999999999997592e-06,8.400000000000074e-05,-0.00010299999999999199
289,-0.01497,-0.000328,-0.07742600000000001,-3.500000000000031e-05,0.000209,-0.0002469999999999972
681,0.016582,0.012981999999999999,-0.06676399999999999,-0.00012999999999999817,0.00024100000000000163,-5.000000000018878e-06
866,-0.013782,0.0036230000000000004,-0.06801,-9.200000000000007e-05,-5.600000000000006e-05,2.0000000000006124e-05
1091,0.006958,0.0050490000000000005,-0.060953,-0.00011300000000000025,7.699999999999981e-05,-7.600000000000662e-05
831,-0.0021230000000000003,-0.001286,-0.074244,2.0000000000002655e-06,-7.999999999999999e-05,-0.00012399999999998523
1235,0.0046159999999999994,-0.00828,-0.07516800000000001,6.300000000000056e-05,3.500000000000031e-05,-2.799999999998637e-05
204,-0.002316,0.008223000000000001,-0.078268,-3.700000000000014e-05,-2.100000000000192e-05,-0.00017699999999998273
1458,0.017019,-0.013308,-0.07008299999999999,6.199999999999956e-05,9.699999999999986e-05,-1.5000000000001124e-05
1492,-0.014235,0.00889,-0.075529,2.9999999999998778e-05,-0.0001520000000000011,0.00015800000000000536
423,-0.006906,0.013434,-0.065324,-0.00011399999999999952,0.00015100000000000183,-0.0001380000000000131
231,0.009253,-0.000785,-0.07422799999999999,0.00014799999999999883,-0.00019499999999999997,-0.00012000000000000899
1219,-0.005634,-0.006016,-0.074811,-2.499999999999985e-05,7.899999999999921e-05,0.00022199999999999998
266,0.011869,0.007201,-0.067043,-0.00011899999999999931,0.00014899999999999983,3.400000000000625e-05
1231,-0.008723000000000002,0.00215,-0.075699,-7.099999999999815e-05,-0.00011800000000000005,0.00016100000000000836
891,-0.006462,-0.0033490000000000004,-0.06856,0.00011499999999999965,0.00011800000000000048,0.00019199999999999773
897,-0.012247999999999998,0.002782,-0.070491,2.999999999999531e-06,-0.00010800000000000046,1.8000000000004124e-05
81,-0.01141,-0.0036880000000000003,-0.06819,-9.900000000000013e-05,0.00020199999999999992,-0.0001320000000000071
1310,-0.0029289999999999997,-0.001405,-0.057662,-9.100000000000037e-05,0.00023499999999999997,-0.00017200000000000548
483,-0.008296,0.0076749999999999995,-0.061119,-6.600000000000009e-05,0.0003010000000000009,-9.30000000000028e-05
1065,0.017072,0.002436,-0.069696,2.8999999999997778e-05,1.1000000000000159e-05,0.0003539999999999932
994,0.000916,-0.001632,-0.060119,-1.500000000000004e-05,0.0001429999999999999,-0.00019400000000000667
984,0.012317999999999999,0.009125,-0.074921,-7.300000000000015e-05,9.999999999999593e-06,-0.00011200000000000099
1337,-0.001011,-0.007777,-0.068448,0.00020199999999999992,0.0001250000000000001,-0.00010600000000000886
1449,0.017726,-0.003771,-0.07111100000000001,-7.099999999999815e-05,0.00012800000000000008,1.7000000000017e-05
359,0.0016979999999999999,0.002675,-0.06399300000000001,-6.899999999999983e-05,0.00012600000000000024,2.4000000000010124e-05
871,-0.011244,-0.010625,-0.074866,4.4000000000000636e-05,0.0002210000000000007,0.0004839999999999983
138,-0.004059999999999999,-0.00808,-0.069495,0.00013899999999999937,0.00018500000000000114,-6.499999999999562e-05
952,-0.000108,-0.011105,-0.077317,4.000000000000002e-06,2.599999999999998e-05,8.799999999999086e-05
12,-0.004188,-0.004956,-0.071539,-0.00010599999999999932,9.400000000000033e-05,-3.699999999998149e-05
43,0.009189,0.006398,-0.072575,-7.499999999999868e-05,2.8999999999999512e-05,-0.00016100000000000836
1510,-0.011472,-0.0061600000000000005,-0.07013,-2.1000000000000185e-05,0.0001460000000000003,-8.099999999999774e-05
378,-0.00422,-0.009250999999999999,-0.07215300000000001,-3.4000000000000176e-05,5.599999999999876e-05,3.0000000000002247e-05
1205,-0.011694000000000001,0.006283,-0.07306,-8.699999999999854e-05,3.799999999999897e-05,6.299999999999362e-05
909,-0.000283,-0.00824,-0.074444,-5.300000000000004e-05,3.0000000000000512e-05,2.2999999999995246e-05
415,-0.000671,0.00836,-0.06304,0.000212,0.0002420000000000009,-4.800000000000637e-05
377,-0.003978000000000001,-0.002801,-0.074229,-8.299999999999974e-05,-2.2999999999999583e-05,-0.0001250000000000001
16,-0.01005,-0.002241,-0.071104,-0.00011499999999999878,3.999999999999967e-05,-4.900000000000737e-05
1608,-0.000513,0.002352,-0.06278399999999999,1.5999999999999955e-05,0.00022600000000000007,-0.00022600000000000398
290,-0.0077,-0.000776,-0.07004600000000001,4.99999999999997e-05,-5.8e-05,-2.799999999998637e-05
50,0.004562,0.003581,-0.06683599999999999,-6.899999999999962e-05,3.000000000000008e-05,-6.799999999999862e-05
1215,-0.007877,-0.0011539999999999999,-0.06417199999999999,6.399999999999982e-05,0.0002689999999999998,-9.300000000000974e-05
82,0.001609,-0.002778,-0.074192,7.000000000000062e-06,2.499999999999985e-05,-0.00017000000000000348
23,-0.008103999999999998,-0.007788000000000001,-0.071202,5.2999999999997494e-05,0.00015500000000000062,3.600000000000825e-05
929,-0.010654,0.012979,-0.06382399999999999,-4.099999999999937e-05,-2.9999999999998778e-05,7.799999999999474e-05
1511,0.01124,-0.006749,-0.070331,5.299999999999923e-05,-2.0000000000000052e-05,-8.999999999995123e-06
1214,0.00117,-0.009729,-0.061843,-2.800000000000003e-05,0.00023699999999999936,-3.700000000000231e-05
1006,-0.001137,0.007303,-0.077949,5.199999999999996e-05,3.099999999999978e-05,-6.699999999999762e-05
822,0.010246,-0.006405999999999999,-0.066451,0.0001299999999999999,0.00026299999999999935,-3.200000000000425e-05
526,-0.001747,0.004076,-0.077041,2.3999999999999933e-05,2.0000000000002655e-06,-7.500000000000562e-05
1547,-0.008263,-0.002242,-0.06555,0.00011199999999999925,0.0001510000000000001,-2.2000000000008124e-05
1741,0.012273999999999998,0.004612,-0.06311,-0.00012199999999999885,3.4000000000000176e-05,-0.0003039999999999987
1601,-0.013153,0.000757,-0.07810299999999999,2.8999999999999512e-05,2.7000000000000114e-05,-0.000124000000000013
1732,0.015227000000000001,0.008228,-0.06390699999999999,-3.5999999999999574e-05,0.00013200000000000017,-0.00017500000000000848
650,0.014587999999999999,0.000435,-0.069893,-6.299999999999882e-05,8.500000000000006e-05,-4.500000000000337e-05
1660,0.009859,-0.011313,-0.06558499999999999,0.0001310000000000009,0.00014800000000000056,-2.6000000000012125e-05
1538,6.900000000000001e-05,-0.006011,-0.064244,3.0999999999999995e-05,0.00020199999999999992,-0.00018300000000001648
1249,0.00319,0.011336,-0.07427299999999999,1.4999999999999823e-05,8.299999999999974e-05,-0.00020200000000000773
1539,-0.006063,-0.003166,-0.062071,2.7000000000000114e-05,0.00031899999999999984,-2.4999999999997247e-05
1326,-0.007823,-0.007584,-0.057866999999999995,-7.399999999999941e-05,0.0002409999999999999,-4.900000000000043e-05
382,-0.00638,0.006567,-0.069602,-5.999999999999929e-06,0.0001360000000000007,-0.0001239999999999991
1203,-0.005783,-0.005746,-0.07206900000000001,3.799999999999984e-05,9.000000000000067e-05,-3.699999999998149e-05
198,-0.011047000000000001,-0.001053,-0.062522,-1.9999999999985307e-06,0.00026599999999999985,-5.000000000000837e-05
159,0.006542,-0.005059999999999999,-0.066959,2.8999999999999512e-05,0.00015899999999999942,-9.699999999998599e-05
64,0.004514000000000001,-0.011653,-0.070137,-5.4000000000001096e-05,-0.00016199999999999895,-1.5000000000001124e-05
1277,0.002426,0.008007,-0.061450000000000005,5.600000000000006e-05,0.000341000000000001,-9.899999999999493e-05
719,0.007607,-0.012239000000000002,-0.068261,9.8e-05,0.00022300000000000098,-4.499999999998949e-05
814,-0.0068200000000000005,-0.004664,-0.065196,0.00011600000000000065,0.00030599999999999985,-4.999999999991123e-06
1629,-0.001014,-0.00847,-0.062223999999999995,0.00021299999999999986,0.000281,3.9999999999970615e-06
239,-0.005785,0.007705,-0.07673999999999999,-5.699999999999976e-05,4.19999999999995e-05,4.999999999991123e-06
1551,-0.008754,0.007883,-0.07143300000000001,5.4999999999999494e-05,9.60000000000006e-05,1.1000000000011001e-05
835,0.015739,-0.006266,-0.073765,-2.5000000000000716e-05,0.00011699999999999992,-4.600000000000437e-05
1373,0.001299,0.0033940000000000003,-0.062565,-8.299999999999996e-05,0.00011099999999999955,-1.6000000000002124e-05
1339,-0.007704,-0.0023380000000000002,-0.063049,5.199999999999996e-05,0.0003290000000000003,-7.700000000000762e-05
1544,0.009867,0.009419,-0.065999,-0.00012400000000000085,3.8999999999999105e-05,-4.700000000000537e-05
1693,0.00667,-0.000378,-0.057414,6.200000000000042e-05,0.000312,-9.499999999999786e-05
1415,0.008243,0.004745,-0.060865999999999996,-0.00010800000000000046,0.0002469999999999998,-4.500000000000337e-05
1016,0.003479,0.000539,-0.061596,-3.9999999999996635e-06,0.00018099999999999995,-0.00017299999999999954
1533,-0.012811,0.012417999999999998,-0.068448,-1.3000000000000858e-05,-4.5999999999999167e-05,2.000000000002e-06
1216,0.0013340000000000001,0.007824,-0.070063,8.5e-05,1.000000000001e-06,-5.6000000000000494e-05
24,0.008752000000000001,-0.004046,-0.073389,0.00010799999999999872,-0.00010799999999999959,-6.499999999999562e-05
1007,0.010039999999999999,0.011948,-0.068635,-0.0002609999999999991,0.00016900000000000075,-0.00011799999999999311
1253,0.010523,-0.007174000000000001,-0.06948,-2.099999999999845e-05,1.600000000000039e-05,4.000000000004e-06
1062,0.014527,-0.010808,-0.065807,9.900000000000013e-05,0.00017,7.600000000000662e-05
421,-0.001453,0.012955999999999999,-0.066312,0.0001870000000000001,0.00016000000000000042,1.1999999999998123e-05
1309,-0.007252,-0.006273,-0.063489,8.199999999999961e-05,0.000268,-2.4999999999997247e-05
523,-0.006951,0.012131,-0.073358,-1.899999999999992e-05,-7.899999999999921e-05,-6.0000000000004494e-05
224,0.010819,0.007766,-0.063887,-0.00010199999999999966,0.00010600000000000019,-0.00018999999999999573
1778,0.001605,-0.012872999999999999,-0.067259,9.699999999999986e-05,-6.800000000000209e-05,9.199999999999486e-05
882,0.00862,-0.010230000000000001,-0.065151,0.0001030000000000024,0.00021000000000000185,-1.5000000000001124e-05
105,-0.009285,-0.011970000000000001,-0.07278799999999999,2.8999999999999512e-05,-1.3999999999998389e-05,0.00018299999999998873
1193,-0.010046,0.005202,-0.067025,1.799999999999892e-05,-5.6000000000000494e-05,-4.400000000000237e-05
1476,-0.015162,0.007383,-0.071768,8.000000000001062e-06,-0.0001559999999999999,-1.9999999999992246e-05
1555,0.017538,-0.002443,-0.069029,-5.300000000000096e-05,0.00015799999999999972,-7.500000000000562e-05
1486,0.014055,-0.007852,-0.07083,0.0001910000000000002,4.000000000000531e-06,-5.1999999999996493e-05
1262,0.004529,0.012358000000000001,-0.069024,5.5999999999999626e-05,0.00010099999999999866,-0.0001350000000000101
1633,-0.011526,0.004709,-0.06569,3.500000000000031e-05,-7.499999999999955e-05,0.00010399999999999299
1665,0.008728999999999999,0.006233,-0.061372,-0.00011299999999999852,0.00017400000000000054,-7.499999999999868e-05
1667,-0.01243,0.006116,-0.063943,1.3000000000000858e-05,-8.899999999999967e-05,8.900000000000574e-05
245,0.0025369999999999998,-0.009987,-0.065183,0.00019300000000000003,9.39999999999986e-05,-6.999999999993123e-06
147,-0.011228,0.010358000000000001,-0.074772,-9.99999999999994e-05,-6.500000000000082e-05,3.700000000000925e-05
1746,0.013283,-0.003908,-0.07423,1.8000000000000654e-05,5.9000000000000025e-05,2.8000000000000247e-05
1809,-0.005899,0.00622,-0.075117,-3.4000000000000176e-05,-0.00010399999999999993,0.00020700000000001273
1278,0.002835,0.0025099999999999996,-0.077771,-8.999999999999894e-06,2.6000000000000415e-05,-0.00012999999999999123
507,0.011991,-0.011883,-0.060162999999999994,0.00018400000000000014,0.00022299999999999924,0.00012199999999999711
1403,0.00698,-0.01011,-0.069345,3.799999999999984e-05,-3.0000000000000512e-05,-7.499999999999174e-05
253,0.006730000000000001,0.001191,-0.07131699999999999,-0.0001280000000000005,4.0000000000000105e-05,-0.000123000000000012
824,-0.002245,-0.003755,-0.07513299999999999,-5.3999999999999795e-05,2.8999999999999946e-05,-6.20000000000065e-05
10,-0.006405,-0.000888,-0.070577,2.3999999999999716e-05,-2.1999999999999993e-05,-3.100000000000325e-05
1194,-0.0069759999999999996,-0.00801,-0.06673,2.799999999999938e-05,0.00023700000000000023,-0.00019800000000000373
94,-0.011212,0.0015860000000000002,-0.062292,5.7999999999999025e-05,0.00025,0.00019399999999999973
148,0.005299000000000001,0.0031320000000000002,-0.068098,-6.600000000000095e-05,6.999999999999628e-06,-8.999999999999286e-05
174,0.011899,-0.007468,-0.07020399999999999,3.900000000000084e-05,9.6999999999999e-05,-9.000000000000674e-05
1592,-0.000501,-0.008284000000000001,-0.06702,0.00022900000000000004,0.0002620000000000018,-3.700000000000925e-05
870,0.0048,-0.000229,-0.066573,2.300000000000045e-05,7.7e-05,-9.800000000001474e-05
182,-0.008732,4.4e-05,-0.066474,3.099999999999978e-05,9.799999999999998e-05,-3.399999999999237e-05
494,-0.015229,0.00641,-0.072396,3.200000000000078e-05,-0.00019000000000000006,-1.6000000000002124e-05
46,-0.002491,-0.01219,-0.073875,9.000000000000024e-05,6.100000000000029e-05,-4.300000000001525e-05
243,-0.006283,0.011175000000000001,-0.07437099999999999,3.0000000000000512e-05,-1.000000000001e-06,-0.00016900000000001636
360,-0.007193,-0.007091999999999999,-0.06643600000000001,4.2999999999999636e-05,0.00024099999999999903,2.3000000000009124e-05
1226,0.008353999999999999,-0.002277,-0.063867,7.000000000000062e-05,0.00016799999999999975,-5.0000000000050004e-06
131,0.007332,0.007684,-0.066042,-0.00017700000000000007,2.2000000000000318e-05,-4.399999999998849e-05
595,-0.015366,-0.004031,-0.077474,-2.2000000000001185e-05,0.00010299999999999979,-0.00012599999999998723
117,0.006153,0.002556,-0.070462,-5.999999999999929e-05,5.299999999999966e-05,-0.00019800000000000373
497,-0.010054,-0.006467,-0.063998,0.00024399999999999943,0.0003129999999999999,0.0002309999999999951
218,0.012353,-0.004998,-0.072161,-3.999999999998796e-06,1.899999999999992e-05,4.600000000000437e-05
1612,0.0044599999999999996,-0.007782,-0.065056,0.0001260000000000011,0.00016799999999999975,-0.00011500000000000399
108,0.0025819999999999997,0.012577,-0.070475,0.00011000000000000072,6.800000000000035e-05,-0.0001350000000000101
934,-0.001196,-0.000428,-0.063305,-2.3000000000000017e-05,0.00023799999999999998,-3.500000000000725e-05
563,0.004,-0.008811,-0.0638,0.00011500000000000052,0.00023899999999999963,8.400000000000074e-05
789,0.002155,-0.008897,-0.06409699999999999,0.00027700000000000034,0.00017800000000000107,0.00010199999999999099
1316,0.013094,-0.0070739999999999996,-0.073552,6.200000000000129e-05,-6.800000000000122e-05,-7.999999999999674e-05
1195,0.008499000000000001,0.009767,-0.072547,-0.00012300000000000158,8.000000000001062e-06,-0.00021500000000000685
1800,0.001024,0.008895,-0.06708499999999999,1.0999999999999942e-05,4.2999999999999636e-05,-5.3999999999998494e-05
557,0.010931,-0.010341,-0.072311,0.00011600000000000152,5.299999999999923e-05,-7.100000000000162e-05
1356,-0.004711,0.00808,-0.059628,-6.299999999999969e-05,0.00037199999999999907,-0.0002160000000000009
1694,0.007814,0.010315,-0.065145,0.00011500000000000052,0.0001520000000000011,-0.00010400000000000686
1199,-0.008504,0.005762,-0.075413,-5.000000000001531e-06,2.1000000000000185e-05,5.4999999999985616e-05
1391,-0.010794,-0.0031269999999999996,-0.07673,-0.00011000000000000072,-8.900000000000054e-05,-1.5999999999988246e-05
1755,0.011654999999999999,0.000848,-0.07342499999999999,-9.39999999999986e-05,5.5000000000000036e-05,-8.200000000001262e-05
1570,-0.015778,-0.00479,-0.075558,-5.4999999999999494e-05,0.0001719999999999994,1.7999999999990246e-05
1568,-0.007272,0.00435,-0.06829900000000001,2.499999999999985e-05,0.00011600000000000065,-5.2999999999997494e-05
417,-0.003929,0.002763,-0.076458,2.8000000000000247e-05,6.000000000000016e-05,-0.0001310000000000061
326,0.007373,-0.004103,-0.069552,2.199999999999945e-05,-0.00010899999999999972,-6.20000000000065e-05
1422,-0.0052569999999999995,0.006574,-0.060084000000000005,5.799999999999989e-05,0.00026099999999999995,-6.299999999999362e-05
277,0.010478999999999999,-0.002379,-0.07088599999999999,1.600000000000039e-05,6.900000000000005e-05,1.3999999999986246e-05
352,-0.012599,-0.0013109999999999999,-0.073421,4.70000000000019e-05,-6.000000000000146e-06,-0.00013199999999999323
973,-0.007764,-0.012717000000000001,-0.067068,0.00023000000000000017,0.000171000000000001,0.0003470000000000001
1527,-0.0031019999999999997,-0.011875,-0.077099,0.0001389999999999998,2.2000000000001185e-05,-5.100000000000937e-05
145,0.0055899999999999995,0.007709,-0.062689,2.2000000000000318e-05,0.0001490000000000007,-8.600000000000274e-05
1838,-0.015778,0.009662,-0.07320600000000001,3.0000000000002247e-05,-7.500000000000041e-05,-0.00011099999999998611
580,-0.012548,0.009144,-0.06404,-1.8000000000000654e-05,-7.399999999999941e-05,0.0001749999999999946
261,0.005248999999999999,0.013436,-0.066834,6.100000000000029e-05,0.0001310000000000009,-0.00012899999999999023
162,-0.008486,0.007999,-0.072911,6.200000000000129e-05,4.099999999999937e-05,-4.800000000000637e-05
31,0.0017729999999999998,-0.004247,-0.071185,2.3000000000000234e-05,8.99999999999946e-06,-9.000000000000674e-05
14,0.000723,-0.004923,-0.070446,3.399999999999996e-05,4.4000000000000636e-05,2.799999999998637e-05
227,0.006059,0.011163000000000001,-0.06919499999999999,-4.19999999999995e-05,0.00011899999999999931,-0.00022900000000002085
75,-0.004535,-0.00634,-0.071909,-3.000000000000398e-06,0.00010199999999999966,2.0000000000006124e-05
154,0.009226000000000002,-0.001639,-0.065564,-2.0000000000002655e-05,0.00011700000000000013,8.500000000000174e-05
453,0.003529,0.0005859999999999999,-0.063958,3.600000000000001e-05,0.00020800000000000007,-0.00015900000000000636
615,0.012946999999999998,-0.009507999999999999,-0.07287,9.500000000000133e-05,5.299999999999923e-05,-9.199999999999486e-05
166,-0.004611,-0.003381,-0.074152,-6.900000000000048e-05,-3.300000000000004e-05,-8.299999999999974e-05
297,0.0031230000000000003,0.008096,-0.064675,-1.3000000000000424e-05,0.00024699999999999896,-0.00011200000000001487
235,-0.006664,-0.0033490000000000004,-0.07176,-9.700000000000073e-05,7.300000000000058e-05,-7.899999999999574e-05
1552,-0.00618,-0.000488,-0.06983199999999999,-0.00012700000000000038,4.500000000000001e-05,-3.600000000000825e-05
1518,-0.009993,0.0016140000000000002,-0.070642,4.0000000000000105e-05,-1.2000000000000075e-05,-0.00017400000000000748
443,0.015276,0.006326,-0.065473,-0.00016399999999999922,0.0003089999999999994,-0.00019999999999999185
173,-0.00013700000000000002,0.012410000000000001,-0.06628,6.200000000000003e-05,3.099999999999978e-05,-3.399999999999237e-05
1642,-0.0023039999999999996,-0.009268,-0.074715,-3.7000000000000574e-05,0.00012700000000000038,-0.00012999999999999123
388,-0.003967,-0.003983,-0.07123600000000001,-3.999999999999924e-05,7.100000000000075e-05,-0.00013299999999999423
450,-0.012516999999999999,0.007195,-0.062722,-2.800000000000198e-05,6.199999999999956e-05,9.800000000000086e-05
1260,0.013507,0.009635,-0.066952,-0.0001860000000000004,0.00012700000000000038,-5.6000000000000494e-05
169,-0.003377,-0.008762,-0.07297,-7.300000000000058e-05,1.3000000000000858e-05,1.9999999999881224e-06
115,-0.010385,-0.007308,-0.07008199999999999,-1.600000000000039e-05,0.0001780000000000002,0.00013099999999999223
132,-0.00846,-0.004703000000000001,-0.065667,5.9000000000000025e-05,0.00019500000000000073,5.3999999999998494e-05
183,0.013392,-0.000717,-0.062085999999999995,-4.49999999999999e-05,9.699999999999997e-05,-3.200000000000425e-05
1640,0.002216,0.0031810000000000002,-0.074554,5.5999999999999626e-05,9.89999999999997e-05,-0.00017000000000000348
1348,-0.013436,-0.001487,-0.071911,-3.5999999999999574e-05,-2.9999999999999862e-05,-0.00012099999999999611
854,-0.0060739999999999995,-0.0020369999999999997,-0.061161,6.999999999999975e-05,0.0003539999999999997,-0.00011699999999999905
506,0.0053230000000000005,-0.006828,-0.063341,0.00010499999999999919,0.00021100000000000025,9.199999999999486e-05
1603,-0.012441,0.011766,-0.065203,1.5000000000001124e-05,-8.6000000000001e-05,-0.0001250000000000001
876,-0.014372,0.007867,-0.076549,2.0000000000002655e-06,1.9999999999999185e-05,-0.00012599999999998723
176,-0.001214,0.009102,-0.068613,8.099999999999991e-05,4.099999999999937e-05,-5.9000000000003494e-05
301,-0.012742000000000002,-0.011430999999999998,-0.069986,-1.4999999999997654e-05,7.499999999999868e-05,0.0002540000000000042
535,-0.00256,0.013051,-0.062314,-6.699999999999979e-05,0.00014800000000000056,-9.899999999999493e-05
300,0.002241,0.001659,-0.075999,8.699999999999984e-05,-1.4000000000000123e-05,-0.00013799999999999923
1663,0.012388,-0.009775,-0.060111,0.00012200000000000058,0.00025900000000000055,3.099999999999631e-05
1579,0.012296,-0.012806,-0.070802,7.599999999999968e-05,8.799999999999954e-05,-4.199999999998649e-05
340,-0.003866,0.006664,-0.06694499999999999,-6.500000000000039e-05,0.00011200000000000012,-8.600000000001662e-05
457,0.0069960000000000005,-0.006181,-0.066427,6.999999999999975e-05,0.00011099999999999999,6.999999999993123e-06
818,-0.003904,-0.005695,-0.06777,0.00015899999999999985,0.00023300000000000057,3.0000000000002247e-05
0,0.002276,0.000699,-0.072598,-4.999999999999796e-06,-3.399999999999996e-05,-0.00021300000000000485
1625,0.005044,-0.005779,-0.061219,0.00013699999999999997,0.0003080000000000001,-0.00015799999999999842
1553,-0.010675,0.003921,-0.069446,-1.899999999999992e-05,4.200000000000037e-05,-9.900000000000186e-05
1263,0.003993,0.003214,-0.058279000000000004,-9.000000000000327e-06,0.00014700000000000043,0.0002550000000000052
883,0.017138,-0.003094,-0.07161400000000001,-8.599999999999927e-05,7.600000000000011e-05,1.0000000000148779e-06
1564,-0.012701,-0.00824,-0.072989,-0.00011399999999999952,5.000000000001531e-06,0.0001830000000000026
1576,-0.012693,-0.011210000000000001,-0.074286,9.99999999999994e-05,3.600000000000131e-05,0.00014000000000000123
199,0.004719,-0.011125999999999999,-0.070774,-5.800000000000076e-05,-0.00012000000000000205,-4.599999999999049e-05
763,0.005731,-0.0013360000000000002,-0.07306900000000001,4.49999999999999e-05,-7.999999999999978e-05,-9.099999999999386e-05
311,0.015404,-0.009061,-0.073505,0.0001250000000000001,8.3999999999999e-05,-0.0001250000000000001
411,-0.003248,-0.001542,-0.071269,-7.000000000000062e-06,5.999999999999994e-05,-0.00022800000000000598
809,0.001142,0.011099,-0.06766599999999999,6.799999999999992e-05,6.899999999999962e-05,-6.90000000000135e-05
80,0.0027069999999999998,-0.0009040000000000001,-0.06790399999999999,0.00012700000000000038,0.000134,-0.0001910000000000106
841,-0.007280999999999999,0.006461000000000001,-0.062722,5.999999999999062e-06,0.0002599999999999998,-4.400000000000237e-05
857,0.003333,-0.007061,-0.065461,0.0001389999999999998,0.00017399999999999968,-0.00010799999999999699
1327,0.001328,0.012686999999999999,-0.065458,9.900000000000013e-05,5.900000000000176e-05,1.7000000000003124e-05
853,-0.0023940000000000003,-0.000523,-0.060304,2.7000000000000114e-05,0.00018800000000000002,-4.499999999999643e-05
349,0.006717,0.002419,-0.062574,-7.400000000000028e-05,0.0001309999999999996,4.800000000000637e-05
195,0.005511,-0.0030659999999999997,-0.073715,0.00012899999999999977,5.199999999999996e-05,-0.00013799999999998536
621,0.004114,-0.012091,-0.070235,-6.799999999999948e-05,-0.00016400000000000095,3.1000000000017125e-05
264,-0.0072039999999999995,-0.0030369999999999998,-0.071601,-0.0001380000000000001,9.999999999999593e-06,-4.900000000000737e-05
442,0.005398,-0.002085,-0.072213,0.00012799999999999964,3.300000000000004e-05,-8.999999999999286e-05
811,0.001869,-0.007197,-0.062556,0.00015400000000000006,0.00017900000000000034,-4.500000000000337e-05
436,0.001764,-0.010521,-0.065196,0.00021199999999999995,9.299999999999933e-05,0.00015200000000001324
916,0.007405,-0.011005000000000001,-0.073237,-3.699999999999971e-05,5.6000000000000494e-05,-3.999999999999837e-05
678,-0.013724,-0.009994,-0.06923,-2.2000000000001185e-05,3.099999999999978e-05,0.0002420000000000061
674,0.016523,0.010397,-0.07044199999999999,-0.00023300000000000057,0.0001310000000000009,4.499999999998949e-05
337,0.012063,-0.0007,-0.07212,-8.100000000000121e-05,0.00011200000000000001,-2.2999999999995246e-05
1562,-0.012728,0.007484,-0.068881,1.899999999999992e-05,-7.400000000000028e-05,5.8000000000002494e-05
1631,-0.005272000000000001,-0.0029609999999999997,-0.061221,-1.7999999999999787e-05,0.0002539999999999999,-4.500000000000337e-05
1540,-0.012396,-0.011191000000000001,-0.070461,-5.6999999999998024e-05,9.300000000000107e-05,0.0002789999999999876
1607,0.017943,-0.012827,-0.07008400000000001,2.5000000000000716e-05,0.00011500000000000052,-9.399999999998299e-05
488,0.003633,0.0014570000000000002,-0.060865999999999996,-4.700000000000017e-05,0.00018499999999999962,-0.0001799999999999996
1209,0.007467,0.012553000000000002,-0.06706999999999999,-1.6999999999999654e-05,0.0001879999999999972,-0.00012199999999999711
591,0.012449,0.006623,-0.074281,-0.0001559999999999999,0.00010700000000000032,-0.00011600000000000499
126,0.0076630000000000005,-0.000535,-0.063905,3.199999999999991e-05,0.00014099999999999996,-6.799999999999862e-05
232,-0.01253,-0.001085,-0.069427,-3.900000000000084e-05,-6.29999999999999e-05,-0.00011399999999998911
559,-0.01287,0.00698,-0.071226,-7.800000000000168e-05,-9.000000000000067e-05,7.699999999999374e-05
161,0.004667,0.0035819999999999997,-0.07221899999999999,-4.80000000000003e-05,-3.9999999999996635e-06,-0.00012000000000000899
455,0.013003,0.000781,-0.06830800000000001,-0.00020400000000000106,6.999999999999997e-05,-0.00015099999999999836
1335,0.013675000000000001,0.005535999999999999,-0.07444100000000001,-9.500000000000133e-05,5.300000000000096e-05,-5.7000000000001494e-05
1630,0.0020510000000000003,0.008683999999999999,-0.076205,4.0999999999999804e-05,7.700000000000068e-05,-0.00019399999999999973
1759,0.012234,0.008215,-0.071309,-0.0002710000000000004,0.0001860000000000004,-3.899999999999737e-05
206,0.0031579999999999998,0.010926,-0.07057899999999999,9.8e-05,3.5999999999999574e-05,-0.00014300000000000423
542,0.015574,-0.007377,-0.06745699999999999,0.0001420000000000015,9.30000000000002e-05,9.999999999982245e-06
1543,-0.00805,0.0026309999999999997,-0.07552500000000001,-6.100000000000029e-05,-8.999999999999894e-06,-2.3999999999996247e-05
1558,0.015962999999999998,-0.002129,-0.067829,3.600000000000131e-05,0.00016700000000000005,-4.000000000004e-06
5,-0.008757999999999998,-0.0024140000000000003,-0.074198,-8.100000000000121e-05,-1.999999999999398e-06,-8.699999999998986e-05
205,0.009167999999999999,0.008471,-0.07496699999999999,-0.00012799999999999964,-0.00010599999999999846,-0.00020400000000000973
538,0.014689,0.001676,-0.069146,-0.00011500000000000052,0.00017500000000000003,-0.00010500000000000786
1638,0.008916,0.0054459999999999995,-0.064092,-0.0001250000000000001,8.700000000000114e-05,-0.0002319999999999961
144,-0.007948,0.009465,-0.07146,7.400000000000115e-05,2.400000000000145e-05,-3.400000000000625e-05
532,0.013949,-0.009094,-0.064899,9.099999999999907e-05,6.599999999999835e-05,-0.00014799999999999536
467,0.005634999999999999,-0.00614,-0.068232,4.7000000000001034e-05,8.299999999999887e-05,-7.200000000000262e-05
1240,0.002767,-0.0044139999999999995,-0.06279699999999999,6.600000000000009e-05,0.0001719999999999994,-1.0000000000148779e-06
142,-0.0049429999999999995,-0.003028,-0.072465,-0.00010399999999999993,6.799999999999992e-05,-7.000000000000062e-05
189,0.012507999999999998,0.003518,-0.07100400000000001,-0.00016199999999999895,7.000000000000018e-05,-0.00010999999999999899
293,0.015448,0.010178000000000001,-0.070628,-0.00011599999999999978,0.00023299999999999883,3.599999999999437e-05
1673,-0.003747,0.008276,-0.06361,6.900000000000005e-05,0.00016599999999999948,-0.00020399999999999585
548,0.008254,0.012282999999999999,-0.06891,-2.8999999999999512e-05,0.00013600000000000244,-9.900000000000186e-05
335,-0.0020150000000000003,-0.000575,-0.072838,-5.9999999999999724e-05,1.0000000000000026e-05,-0.00021799999999999597
746,-0.002424,0.0006,-0.066189,1.7999999999999787e-05,0.00021000000000000012,1.6000000000002124e-05
1196,-0.004036,-0.008496,-0.07367,-5.800000000000076e-05,1.4999999999999389e-05,0.0
1370,-0.015416000000000001,-0.008731,-0.07397799999999999,-5.4999999999999494e-05,5.099999999999896e-05,0.00026599999999998847
1711,0.011203,-0.00557,-0.07284099999999999,2.999999999999531e-06,-8.199999999999961e-05,-2.1000000000007124e-05
179,-0.014936,0.000316,-0.069103,-9.800000000000086e-05,7.300000000000004e-05,-7.000000000007001e-06
1656,0.006698000000000001,0.001832,-0.074945,6.999999999999888e-05,-0.00014499999999999995,-8.999999999999286e-05
346,0.013528,0.0029449999999999997,-0.06640399999999999,-0.0001460000000000003,-3.600000000000001e-05,-7.00000000000145e-05
938,-0.005358,-0.010473000000000001,-0.072967,-4.799999999999943e-05,7.900000000000094e-05,-2.1999999999994246e-05
664,0.011663999999999999,-0.000634,-0.074196,7.000000000000062e-05,-4.100000000000002e-05,-1.8000000000004124e-05
1777,-0.010551,0.011601,-0.071975,2.2999999999998716e-05,-7.400000000000115e-05,-5.999999999992123e-06
1622,0.008278,-0.013068,-0.063068,0.0001310000000000009,0.0002899999999999986,5.9999999999990616e-05
18,0.004714,0.008939,-0.069196,-0.00010099999999999953,4.1999999999998636e-05,-0.00019900000000000473
1706,0.007382,0.003356,-0.072427,-5.699999999999976e-05,9.000000000000024e-05,-0.00013799999999999923
181,0.008256,0.0010429999999999999,-0.064726,-0.0001289999999999989,2.1000000000000185e-05,-1.1999999999998123e-05
207,0.003877,-0.001361,-0.063182,1.5000000000000256e-05,0.00014100000000000007,-0.00013699999999999823
125,0.014231,-0.008457000000000001,-0.06901600000000001,-2.3999999999999716e-05,7.500000000000215e-05,-0.00010099999999998999
167,-0.008057,0.007542,-0.064125,4.999999999999796e-06,0.0002490000000000001,2.9000000000001247e-05
1685,-0.003077,0.007744,-0.06274199999999999,0.00016699999999999961,0.0003439999999999997,-3.500000000000725e-05
134,0.003813,-0.001991,-0.072169,7.799999999999994e-05,2.9999999999999645e-06,-0.00019299999999999873
612,-0.013953,0.011902,-0.066411,8.799999999999954e-05,-4.0000000000000105e-05,0.00013799999999999923
816,-0.002179,0.0035369999999999998,-0.073824,-5.000000000000013e-05,0.00012700000000000038,-0.0002859999999999946
996,-0.008783,0.011744999999999998,-0.06815900000000001,-6.900000000000135e-05,-4.799999999999943e-05,-9.999999999982245e-06
140,0.013354,0.011795,-0.071432,-0.0001570000000000009,8.299999999999974e-05,-0.0002450000000000091
435,0.006245,-0.004341,-0.06196,0.0001890000000000008,0.00027399999999999994,-1.5000000000001124e-05
1445,0.004322,0.008851000000000001,-0.066202,-3.600000000000044e-05,0.00011999999999999858,-4.000000000004e-06
137,0.005093,0.009327,-0.070006,1.4999999999999389e-05,-4.2999999999999636e-05,-0.00019700000000000273
1333,-0.0008399999999999999,0.002937,-0.06432299999999999,-3.000000000000073e-06,0.00017100000000000014,-7.10000000000155e-05
696,0.011954000000000001,-0.010676999999999999,-0.071383,6.499999999999909e-05,0.0001229999999999981,-4.000000000004e-06
1230,-0.007953,-0.010628,-0.070103,9.400000000000033e-05,0.0001289999999999989,0.00010100000000000386
700,0.011878999999999999,-0.01001,-0.064599,5.300000000000096e-05,0.00010500000000000093,0.00011700000000000599
1582,-0.014616,-0.007979,-0.077638,-0.00011800000000000005,0.00027399999999999994,0.00012099999999999611
247,-0.014046,-0.005263,-0.066683,-0.00011899999999999931,2.599999999999998e-05,0.00011400000000000299
192,-0.008901,-0.006527,-0.07005800000000001,9.99999999999994e-05,0.00012299999999999985,3.899999999999737e-05
629,0.007634,-0.004907,-0.072603,1.600000000000039e-05,-0.00010700000000000032,-3.200000000000425e-05
684,-0.011198,-0.004804999999999999,-0.07080700000000001,-6.500000000000082e-05,1.6999999999998787e-05,-2.999999999998837e-05
1519,-0.011643,-0.004637,-0.075011,-4.39999999999989e-05,-9.300000000000107e-05,-0.0001360000000000111
1517,-0.007346,-0.0042569999999999995,-0.069927,2.3999999999999716e-05,5.399999999999936e-05,-3.9999999999901226e-06
1024,-0.010685,0.001282,-0.065949,7.799999999999994e-05,-7.799999999999994e-05,-0.0001290000000000041
1029,0.011362,0.004965,-0.062836,-4.200000000000037e-05,3.600000000000044e-05,-0.00013299999999999423
313,-0.013102,0.008024,-0.06779600000000001,-3.500000000000031e-05,-9.99999999999994e-05,5.100000000000937e-05
262,0.011359,-0.010695999999999999,-0.067538,0.00021100000000000112,0.00010599999999999846,-1.1000000000011001e-05
223,0.008995,-0.002177,-0.067885,0.00010500000000000093,5.000000000000013e-05,-3.0000000000030003e-06
425,-0.01366,-0.003137,-0.077279,-9.799999999999913e-05,0.00014100000000000007,-0.0002859999999999946
545,0.005333,0.009477000000000001,-0.07324299999999999,-1.700000000000052e-05,-3.400000000000104e-05,-0.00018300000000001648
827,-0.009696,0.003771,-0.065958,-5.000000000000143e-05,0.00011200000000000012,-7.399999999999074e-05
135,-0.0021190000000000002,0.003178,-0.060262,-8.999999999999894e-06,0.0002360000000000001,-7.299999999999668e-05
99,0.013557,0.006156,-0.06984900000000001,-0.00015099999999999836,0.00016799999999999975,-5.3999999999998494e-05
1152,-0.0028599999999999997,0.002407,-0.069012,3.9999999999996635e-06,7.600000000000011e-05,-0.00012199999999999711
1350,-0.007894,0.009196,-0.075247,-9.299999999999933e-05,1.899999999999992e-05,-9.499999999999786e-05
8,-0.007392999999999999,-0.003561,-0.074595,-7.600000000000055e-05,2.1999999999999884e-05,-0.00022199999999999998
116,0.005867,-0.008962999999999999,-0.067452,1.0000000000001327e-06,0.00011399999999999778,2.000000000002e-06
149,-0.00587,0.007494,-0.060888,1.4000000000000123e-05,0.00030900000000000025,-0.00013400000000000217
1405,-0.00697,-0.00771,-0.06783700000000001,0.00016500000000000022,0.00026099999999999995,-6.399999999999462e-05
1000,-0.010882,-0.007626,-0.072306,1.9999999999985307e-06,-3.200000000000078e-05,8.899999999999186e-05
79,0.0023250000000000002,0.000897,-0.066613,7.99999999999976e-06,0.00010699999999999989,-7.300000000000362e-05
47,-0.009624,0.0069489999999999994,-0.07194400000000001,2.000000000000092e-05,0.00013200000000000104,-5.1999999999982616e-05
249,0.011332,-0.007871000000000001,-0.068463,7.700000000000068e-05,0.00018300000000000174,-3.300000000000525e-05
1210,-0.001393,-0.00639,-0.06754600000000001,0.00014399999999999981,0.00015700000000000002,-9.699999999998599e-05
661,0.010372999999999999,-0.005045,-0.068713,8.300000000000148e-05,7.500000000000041e-05,-4.500000000000337e-05
20,0.005593,0.0008349999999999999,-0.066564,-3.899999999999997e-05,3.8000000000000056e-05,-6.1000000000005494e-05
188,-0.009134,0.0036179999999999997,-0.065668,-1.6999999999999654e-05,0.00015200000000000023,-4.400000000000237e-05
819,-0.015594,-0.0035150000000000003,-0.073287,-7.800000000000168e-05,3.0000000000000512e-05,4.000000000004e-06
1001,-0.00409,0.011786,-0.06556100000000001,-2.3999999999999716e-05,0.000197000000000001,-0.00014699999999999436
1375,-0.005871,0.00396,-0.064959,-1.3999999999999256e-05,0.000268,-5.3999999999998494e-05
503,-0.005533000000000001,0.004911,-0.071843,8.000000000000021e-05,5.300000000000096e-05,-4.599999999999049e-05
265,0.015220000000000001,-0.0017150000000000002,-0.068941,-8.000000000000021e-05,0.00014500000000000016,-3.699999999999537e-05
1224,0.002169,-0.008913,-0.072561,-2.099999999999975e-05,0.00010800000000000046,1.2999999999999123e-05
28,-0.005853,0.011069,-0.066715,1.4999999999999389e-05,0.00026199999999999835,-0.00015400000000000136
215,-0.001888,0.010871,-0.074916,5.000000000000013e-06,0.00011199999999999925,-0.00011300000000000199
299,0.015488,0.00409,-0.068543,-0.00015000000000000083,3.899999999999997e-05,3.899999999999737e-05
255,-0.007625,-0.009685000000000001,-0.070777,5.099999999999983e-05,0.00011200000000000099,0.00012200000000001099
951,0.010613,-0.006098,-0.063706,0.00014900000000000156,0.0001979999999999994,-5.4999999999999494e-05
208,-0.013869999999999999,-0.002675,-0.071,-0.0001320000000000019,-0.00012600000000000024,-0.0001300000000000051
1031,-0.010374000000000001,0.002186,-0.061624000000000005,-1.5999999999998654e-05,0.00027399999999999994,-8.59999999999958e-05
432,0.000638,-0.012307,-0.069461,3.000000000000008e-05,6.0000000000001025e-05,0.00011899999999999411
1536,0.013212999999999999,-0.001262,-0.074562,-2.999999999997796e-06,1.500000000000004e-05,0.0001310000000000061
320,0.013500999999999999,-0.002099,-0.0685,-6.100000000000029e-05,9.000000000000024e-05,-3.0000000000002247e-05
1524,-0.008716,-0.00901,-0.07245499999999999,8.300000000000148e-05,0.00011000000000000072,0.00010699999999999599
1470,0.015191000000000001,-0.011034,-0.069045,-5.400000000000023e-05,7.900000000000094e-05,-5.1999999999996493e-05
272,0.013362,0.007208,-0.07074899999999999,-0.0001570000000000009,0.0001299999999999999,-0.0001360000000000111
1005,0.012804,-0.012592,-0.066183,0.00018000000000000134,0.0003180000000000023,0.00011000000000001287
33,0.010347,0.0031160000000000003,-0.07442,-0.00011099999999999999,-0.00016599999999999991,-0.00018699999999999273
1242,-0.00433,0.0027879999999999997,-0.066283,4.399999999999977e-05,0.0002700000000000003,-3.999999999999837e-05
32,0.006884,0.0042439999999999995,-0.06941599999999999,-9.30000000000002e-05,-2.199999999999945e-05,-0.00012100000000000999
1202,0.006344000000000001,-0.010964999999999999,-0.07348,-7.000000000000929e-06,5.099999999999896e-05,-0.00010299999999999199
1525,-0.001292,0.005791,-0.062053,-4.9e-05,0.0002630000000000002,8.39999999999938e-05
37,0.008404,0.009247,-0.068316,-0.00016600000000000122,8.000000000000021e-05,-0.00019199999999999773
1147,-0.006431,0.000639,-0.071414,1.7999999999999787e-05,-3.600000000000001e-05,-0.00016399999999999748
203,0.00011999999999999999,0.0010069999999999999,-0.06553300000000001,3.200000000000002e-05,0.00011700000000000035,-8.199999999998486e-05
45,0.003024,0.005365,-0.063279,-0.00015600000000000032,0.00012399999999999998,3.100000000000325e-05
211,0.014978,-0.008702,-0.06955,-5.400000000000023e-05,5.199999999999996e-05,-0.00011300000000000199
1229,0.015255000000000001,0.012032,-0.07179,-0.00018500000000000114,-2.8000000000000247e-05,-2.5999999999998247e-05
63,0.000939,-0.008369,-0.069393,3.600000000000001e-05,8.3999999999999e-05,1.9999999999992246e-05
268,0.002786,-0.0036320000000000002,-0.070473,-2.599999999999998e-05,3.800000000000027e-05,-0.00011799999999999311
15,-0.000585,0.008910999999999999,-0.07377,0.00012199999999999998,0.00013900000000000197,-7.399999999999074e-05
233,-0.014175,-0.0057220000000000005,-0.06976,-7.299999999999841e-05,3.300000000000004e-05,5.600000000001437e-05
655,-0.010062,-0.003091,-0.073175,-0.00014800000000000056,3.9999999999996635e-06,-5.8000000000002494e-05
1220,0.008022999999999999,-0.012934,-0.06757200000000001,0.00010000000000000113,0.0002310000000000003,-2.799999999998637e-05
201,0.006615,-0.006587,-0.06917100000000001,2.2999999999999583e-05,-4.4000000000000636e-05,0.0
118,-0.002784,-0.006704,-0.069799,0.00011000000000000029,0.0002450000000000004,-3.599999999999437e-05
1273,-0.005745,-0.00487,-0.068685,0.0001010000000000004,0.00020500000000000032,0.00010699999999999599
1056,0.012087,-0.008958,-0.07332599999999999,3.799999999999984e-05,9.800000000000086e-05,-0.00010900000000001187
1238,0.002451,0.002006,-0.067733,-0.00011500000000000008,5.700000000000019e-05,-0.00016499999999999848
152,0.008721,-0.009207,-0.068052,7.400000000000115e-05,0.00018699999999999967,3.0000000000002247e-05
820,0.00188,-0.000593,-0.073289,-4.000000000000097e-06,2.400000000000004e-05,-0.00018499999999999073
240,-0.006174000000000001,0.009604,-0.06929,-1.199999999999899e-05,0.00016299999999999995,-0.00018899999999999473
21,-0.003764,0.01053,-0.073184,4.300000000000007e-05,1.899999999999992e-05,-0.00019299999999999873
101,0.012929,-0.003029,-0.067351,1.799999999999892e-05,6.299999999999969e-05,-0.0001340000000000091
25,-0.007402,0.008383,-0.074787,-0.00013900000000000023,-4.60000000000009e-05,-9.899999999998799e-05
3,-0.005393,-0.0009459999999999999,-0.071012,-6.199999999999956e-05,1.0999999999999834e-05,-0.00011499999999999011
1,-0.0004,-0.00055,-0.071298,-0.00013700000000000002,5.299999999999999e-05,-6.399999999999462e-05
1688,0.012416,0.006025,-0.06768300000000001,-0.0001289999999999989,0.0001910000000000002,-0.00032400000000000484
56,-0.005658000000000001,0.00663,-0.074078,-7.599999999999968e-05,6.200000000000042e-05,-0.00011799999999999311
433,-0.006851,0.011496000000000001,-0.066308,-1.6999999999999654e-05,0.00020299999999999832,-3.799999999999637e-05
263,0.015201000000000001,-0.007553,-0.073252,0.00013099999999999917,0.00012000000000000031,-8.899999999999186e-05
1340,0.014151,0.003697,-0.068104,-0.00011399999999999952,5.099999999999983e-05,2.2000000000008124e-05
1550,-0.013155,0.0018640000000000002,-0.078269,-4.2999999999999636e-05,4.999999999999796e-06,6.0000000000060005e-06
1565,-0.004364,0.003984,-0.066255,-2.7000000000000114e-05,0.00019000000000000093,-0.00015400000000001524
381,-0.003042,-0.010804000000000001,-0.071973,-0.00011000000000000029,0.00012300000000000158,0.00010799999999999699
175,0.007522,-0.012173,-0.069342,1.899999999999992e-05,0.00016200000000000069,0.00011799999999999311
489,0.002392,-0.006045,-0.06400499999999999,3.100000000000021e-05,0.000183,-0.00010100000000000386
42,0.0032069999999999998,0.00466,-0.068434,-0.00010699999999999989,2.1000000000000185e-05,-0.00011099999999999999
825,-0.014523999999999999,-0.009033,-0.071384,-6.1000000000002025e-05,5.299999999999923e-05,0.0001789999999999986
196,0.003193,0.011787,-0.071228,0.00015200000000000023,8.000000000000021e-05,-0.0001360000000000111
185,-0.013762,0.008820999999999999,-0.069667,1.4999999999999389e-05,-0.0001289999999999989,6.70000000000115e-05
58,0.015916,0.001177,-0.071664,-6.300000000000056e-05,0.0001479999999999999,-7.399999999999074e-05
146,-0.001573,-0.011385999999999999,-0.068496,0.00010899999999999994,0.00014699999999999783,5.1999999999996493e-05
438,0.009744999999999998,-0.011890000000000001,-0.067773,2.400000000000145e-05,0.00017500000000000154,1.8999999999991246e-05
194,0.0047480000000000005,0.004619,-0.064734,-0.00010500000000000093,0.00013900000000000023,-5.1999999999996493e-05
191,0.004779,-0.0026869999999999997,-0.068721,1.4999999999999389e-05,4.49999999999999e-05,-0.0002209999999999851
821,-0.003848,-0.004409,-0.06536499999999999,9.39999999999999e-05,0.0002619999999999992,-0.0001820000000000016
157,0.012952,0.010019,-0.07231900000000001,-0.00017,6.699999999999935e-05,-6.999999999979245e-06
1307,0.016187,-0.005492,-0.06465800000000001,9.099999999999733e-05,0.0001440000000000009,-2.2999999999995246e-05
603,0.01033,-0.012349,-0.070977,7.999999999999327e-06,0.00018400000000000187,-3.900000000001125e-05
520,-0.0008309999999999999,-0.002862,-0.07112,-9.000000000000002e-06,4.999999999999796e-06,-0.00019500000000000073
389,0.011814,-0.0041719999999999995,-0.070111,0.0,4.19999999999995e-05,2.3000000000009124e-05
1513,-0.00512,0.002639,-0.069105,1.4000000000000123e-05,0.00017100000000000014,-0.00016800000000000148
1293,-0.005398,-0.008084,-0.06492300000000001,0.0001479999999999997,0.0003169999999999987,-0.00014299999999999036
1724,-0.012791,-0.006999,-0.067131,8.099999999999948e-05,3.499999999999944e-05,4.799999999999249e-05
250,0.009828,-0.006537,-0.067261,9.800000000000086e-05,0.00017,6.0000000000060005e-06
306,0.016716,-0.001472,-0.067759,2.3999999999996247e-05,0.00019900000000000018,-8.400000000000074e-05
1296,-0.005106,0.003664,-0.073274,7.700000000000068e-05,3.399999999999974e-05,-0.00014000000000000123
104,-0.007768,0.012278,-0.06977599999999999,1.7999999999999787e-05,-6.500000000000082e-05,-8.700000000000374e-05
2,9.1e-05,0.0011220000000000002,-0.071477,-3.4e-05,8.099999999999991e-05,-0.00014200000000000323
1529,0.009215,0.007253999999999999,-0.065741,-0.00015799999999999842,0.00020300000000000092,-0.0001380000000000131
1537,-0.014292999999999998,0.005312,-0.075235,-5.7000000000001494e-05,-5.400000000000023e-05,9.599999999999886e-05
269,0.010731999999999998,0.007724,-0.06700400000000001,-0.00019899999999999952,0.00018199999999999987,-0.00017999999999998573
113,-0.006636,0.004381,-0.07291,0.00017700000000000094,-2.2000000000000318e-05,2.000000000002e-06
392,-0.012314,-0.007813,-0.07081100000000001,-5.10000000000007e-05,9.300000000000107e-05,0.00018300000000001648
54,-0.013900000000000001,-0.003911,-0.07468899999999999,-0.00011599999999999978,4.000000000000054e-05,-5.500000000001337e-05
384,-0.004287,0.00189,-0.07203100000000001,8.5e-05,3.199999999999991e-05,-0.00020699999999998497
839,-0.012263,0.001038,-0.0636,-0.00010500000000000093,0.00021299999999999986,-0.0001239999999999991
72,0.004482,-0.002277,-0.074158,0.00011599999999999978,-5.099999999999983e-05,-0.0001229999999999981
270,0.008856999999999999,-0.011634,-0.07004,4.900000000000217e-05,0.0002149999999999999,-8.299999999999974e-05
398,0.008575,-0.001297,-0.07106399999999999,-8.599999999999927e-05,6.999999999999845e-06,-7.500000000000562e-05
486,0.014022,0.0030659999999999997,-0.06866,-0.00021199999999999865,5.199999999999996e-05,3.0000000000030003e-06
476,0.016329,0.003601,-0.072419,-7.199999999999915e-05,0.00016699999999999961,-9.499999999999786e-05
564,0.009481,-0.004384000000000001,-0.064011,0.00010600000000000019,0.00017,6.0000000000060005e-06
234,-0.002492,0.009284,-0.06918099999999999,4.59999999999996e-05,0.00011999999999999858,-0.0003710000000000102
908,0.008295,0.004479,-0.06847199999999999,-0.0001510000000000001,4.49999999999999e-05,-0.000124000000000013
73,0.006854,0.011321999999999999,-0.070284,-2.8000000000000247e-05,8.000000000000021e-05,-0.0001810000000000006
1613,0.0035529999999999997,0.007388,-0.070313,5.500000000000036e-05,-4.0000000000000105e-05,-6.399999999999462e-05
36,-0.005006999999999999,0.012061,-0.06819700000000001,2.8999999999999512e-05,3.5999999999999574e-05,-0.00011999999999998123
184,-0.008582000000000001,0.00558,-0.06588200000000001,6.200000000000129e-05,0.00019399999999999973,-2.199999999998037e-05
102,-0.009172000000000001,0.009106999999999999,-0.063956,-1.3999999999998389e-05,0.00017200000000000028,7.899999999999574e-05
400,0.004681,0.000578,-0.06503400000000001,-3.699999999999971e-05,0.00013199999999999996,-0.00019899999999999085
150,0.015984,0.00895,-0.068138,-4.100000000000284e-05,0.00032500000000000064,-5.6000000000000494e-05
858,-0.001042,-0.008136,-0.070774,-6.000000000000016e-05,4.5999999999999167e-05,-0.00019499999999998685
226,-0.000372,0.001848,-0.065444,-3.100000000000005e-05,6.900000000000005e-05,-0.0001250000000000001
617,-0.002528,0.0061070000000000004,-0.07043,1.0000000000000026e-05,4.799999999999943e-05,-0.00018499999999999073
248,-0.013903,0.00652,-0.070699,-0.00012099999999999785,-0.00011599999999999978,9.300000000000974e-05
171,-0.001472,0.0075780000000000005,-0.073522,0.000183,9.99999999999994e-05,-0.00014399999999999136
302,0.0047480000000000005,-0.005412,-0.066542,7.399999999999941e-05,0.00011299999999999939,-4.800000000000637e-05
456,-0.007178,0.009323,-0.062295,8.700000000000027e-05,0.00021100000000000112,-8.69999999999968e-05
554,0.006051999999999999,-4e-06,-0.07171599999999999,-7.899999999999921e-05,-3.9999999999999996e-05,-0.00012100000000000999
917,0.011502,0.00272,-0.071174,-0.00013200000000000017,5.899999999999959e-05,-0.00014299999999999036
869,-0.002405,0.0036880000000000003,-0.068729,-0.00011000000000000029,0.00010299999999999979,-0.00010299999999999199
74,0.005054,-0.0008810000000000001,-0.065334,-4.900000000000043e-05,5.600000000000006e-05,-2.9000000000001247e-05
439,-0.014702,-0.0108,-0.07297100000000001,-1.8000000000000654e-05,0.00010800000000000046,0.00021000000000001573
812,0.011095,0.007001,-0.071833,-2.8999999999999512e-05,2.799999999999938e-05,-0.00014700000000000824
399,0.008678000000000002,0.011962,-0.066891,5.9999999999997555e-05,0.00012700000000000038,-0.00010999999999999899
130,0.011597,0.0030710000000000004,-0.066125,-0.0002189999999999987,0.00011199999999999925,9.200000000000874e-05
111,-0.011156000000000001,-0.0005769999999999999,-0.066214,-0.00010699999999999946,0.0001299999999999999,5.3999999999998494e-05
44,-0.011587,-0.008482,-0.072544,-2.8999999999999512e-05,9.999999999999593e-06,0.00021800000000000985
519,-0.004505,0.007847,-0.06841599999999999,6.000000000000796e-06,0.00022300000000000098,-0.0001420000000000171
537,-0.009989000000000001,0.010054,-0.065107,-1.8999999999998185e-05,-7.799999999999994e-05,0.00013099999999999223
1245,0.004335,0.006575,-0.074577,2.5999999999999114e-05,4.99999999999997e-05,-0.0001659999999999856
843,0.009244,-0.010163,-0.06856100000000001,5.199999999999823e-05,0.00015399999999999962,2.4000000000010124e-05
437,-0.006965,-0.005732999999999999,-0.070448,4.49999999999999e-05,0.00017,-4.200000000000037e-05
318,0.011417,0.0014730000000000001,-0.065873,-9.200000000000007e-05,0.00011499999999999987,-2.1000000000007124e-05
143,-0.003124,0.010317999999999999,-0.06806699999999999,0.00012800000000000008,0.00016600000000000122,-0.0001820000000000016
212,-0.008884,0.006900000000000001,-0.07137600000000001,-1.799999999999892e-05,0.00012199999999999971,-1.2999999999985246e-05
912,0.012279,-0.003906,-0.064716,9.699999999999986e-05,9.000000000000024e-05,4.599999999999049e-05
51,-0.0072889999999999995,0.0055309999999999995,-0.070839,-8.000000000000194e-06,-1.6999999999999654e-05,-8.500000000000174e-05
160,0.012792999999999999,0.005025,-0.069705,-0.00015799999999999842,0.00014199999999999977,-7.799999999999474e-05
71,0.004708,0.001988,-0.06999599999999999,-6.500000000000082e-05,-4.300000000000007e-05,-0.00010700000000000986
53,0.003662,0.008888,-0.069545,2.3000000000000017e-05,-4.1000000000001105e-05,-0.0001370000000000121
57,0.001424,0.003437,-0.06682099999999999,-7.499999999999998e-05,7.499999999999998e-05,-0.00011800000000000699
48,0.001416,0.005017000000000001,-0.067581,-0.00013100000000000004,4.799999999999943e-05,-6.0999999999991616e-05
151,-0.001522,0.008603,-0.067759,-3.300000000000004e-05,3.8999999999999105e-05,-0.0002520000000000022
1211,0.00013800000000000002,-0.00131,-0.066216,-9.999999999999972e-07,0.00012299999999999985,-0.00010399999999999299
1594,-0.0015860000000000002,-0.002542,-0.066366,5.1000000000000264e-05,0.0002500000000000002,-0.0001380000000000131
106,-0.002491,0.009145,-0.066069,7.600000000000011e-05,0.0001010000000000004,-0.0001739999999999936
123,0.003675,-0.008726000000000001,-0.06864,5.199999999999996e-05,7.800000000000168e-05,-6.499999999999562e-05
77,-0.0030169999999999997,0.007854,-0.068218,-3.700000000000014e-05,6.399999999999982e-05,-0.0001880000000000076
807,0.002363,0.006687,-0.070162,-2.499999999999985e-05,-1.600000000000039e-05,-6.899999999998574e-05
180,-0.004278,0.008877000000000001,-0.064018,4.8999999999999565e-05,0.00017599999999999907,-0.00019099999999999673
1298,-0.010216,-0.003029,-0.064801,8.299999999999974e-05,0.0001919999999999999,7.000000000000062e-05
92,0.001017,-0.000402,-0.065781,6.600000000000009e-05,8.399999999999998e-05,-7.599999999999274e-05
1225,0.017223,0.000767,-0.06927,3.900000000000084e-05,3.700000000000003e-05,3.799999999999637e-05
229,-0.009481,0.00057,-0.06501,3.8999999999999105e-05,0.00010900000000000005,-6.599999999999662e-05
1531,-0.011807,0.006415,-0.07159499999999999,-9.699999999999986e-05,-4.39999999999989e-05,0.00011199999999998711
1559,-0.003994,2.5e-05,-0.066806,2.300000000000045e-05,0.000306,-4.099999999998549e-05
124,0.011824999999999999,-0.008362999999999999,-0.06915,7.100000000000162e-05,0.00017299999999999954,-3.899999999998349e-05
281,-0.009424,0.003902,-0.068441,-2.3999999999999716e-05,-4.9e-05,-7.800000000000862e-05
836,-0.011039,-0.0012350000000000002,-0.068767,-2.199999999999945e-05,4.700000000000017e-05,-3.100000000000325e-05
97,0.013874000000000001,-0.00186,-0.066866,-3.400000000000104e-05,0.0001250000000000001,-0.00014200000000000323
1572,0.0013109999999999999,0.007724999999999999,-0.06578400000000001,-0.00016299999999999995,9.10000000000008e-05,-2.0999999999993246e-05
66,0.0065899999999999995,-0.0013160000000000001,-0.06968200000000001,2.7000000000000114e-05,2.9000000000000163e-05,-0.00015500000000000236
837,-0.006008,0.003792,-0.071149,3.500000000000031e-05,-2.0000000000000052e-05,-1.6999999999989246e-05
19,0.003141,-0.005424,-0.07210899999999999,1.5999999999999955e-05,0.0,-0.00016900000000001636
1217,0.014026,0.000708,-0.066996,-0.00011300000000000025,-4.899999999999989e-05,-0.00014800000000000924
829,0.004785,-0.003955,-0.069971,2.8999999999999512e-05,2.900000000000038e-05,-0.00011499999999999011
287,-0.011192,0.004889,-0.06783499999999999,2.0000000000002655e-06,-5.7000000000000627e-05,3.599999999998049e-05
982,-0.004919,-0.009455,-0.07128,-4.4000000000000636e-05,0.00013300000000000117,9.999999999998899e-05
817,0.00093,-0.001645,-0.06500199999999999,6.199999999999999e-05,0.00012399999999999998,-0.00017800000000001148
393,-0.0046879999999999995,0.005762,-0.06923,-7.699999999999981e-05,0.00032200000000000024,-0.00023200000000000998
1250,0.014907,0.010601000000000001,-0.065405,-0.00019800000000000026,7.799999999999994e-05,-0.00010899999999998411
353,0.013641,0.0051210000000000006,-0.071755,-0.0002270000000000015,3.9999999999996635e-06,-0.00011599999999999111
89,0.006038,-0.0025009999999999998,-0.065386,1.6999999999999654e-05,0.00011699999999999992,-9.400000000001074e-05
849,-0.001093,0.005448000000000001,-0.068518,-9.400000000000012e-05,0.00015700000000000002,-7.899999999999574e-05
88,0.014513,0.00453,-0.067115,-0.00014899999999999983,7.400000000000028e-05,6.999999999993123e-06
30,0.004265,0.001167,-0.069554,-0.00014399999999999916,5.6999999999999976e-05,-0.00014699999999999436
315,-0.011979,-0.000262,-0.067708,-0.00011000000000000072,2.1000000000000023e-05,-0.00010099999999998999
600,-0.0058460000000000005,0.007403,-0.07015300000000001,-2.5999999999999114e-05,0.0002700000000000003,-7.799999999998086e-05
70,0.001556,0.01156,-0.067443,6.600000000000009e-05,9.499999999999786e-05,-6.499999999999562e-05
219,-0.011873,0.0077469999999999995,-0.069618,-4.49999999999999e-05,1.000000000001e-06,5.6999999999987616e-05
259,-0.0016619999999999998,-0.012662000000000001,-0.068187,6.199999999999977e-05,2.0000000000002655e-05,3.799999999999637e-05
4,-0.0015689999999999999,0.003836,-0.06905,-0.00010400000000000014,0.00011300000000000025,-0.00011500000000000399
405,-0.0007099999999999999,-0.001393,-0.062997,-2.800000000000003e-05,0.00011399999999999995,-0.0001239999999999991
422,0.00903,0.005378,-0.06783700000000001,-0.00027300000000000067,4.8999999999999565e-05,-9.099999999999386e-05
993,0.017797,0.010029,-0.06990900000000001,-0.00020299999999999832,0.00011599999999999978,2.7000000000013125e-05
112,0.007609,0.009053,-0.064239,2.2999999999999583e-05,0.00011499999999999878,-0.00019199999999999773
38,-0.000945,0.00992,-0.065798,5.000000000000013e-06,5.300000000000096e-05,-0.00020000000000000573
466,-0.010194000000000002,0.003177,-0.06579600000000001,-3.999999999999837e-05,8.699999999999984e-05,-0.00013799999999998536
472,0.012943,0.003534,-0.066657,-0.0002449999999999987,2.7000000000000114e-05,-0.0001280000000000031
1267,0.015061999999999999,-0.001195,-0.072423,-5.9999999999997555e-05,0.00010099999999999996,-3.899999999999737e-05
165,0.016745,0.006945000000000001,-0.06749,-1.9000000000001654e-05,8.99999999999946e-06,-7.800000000000862e-05
62,0.014143000000000001,0.0019199999999999998,-0.068902,-0.00013500000000000144,0.00019400000000000016,-7.399999999999074e-05
1101,0.004184,0.010773,-0.069725,8.399999999999987e-05,2.0000000000002655e-06,-0.0002640000000000142
86,-0.007273,0.00707,-0.06660200000000001,7.699999999999981e-05,0.0001730000000000004,-4.899999999999349e-05
341,-0.013198,-0.0035110000000000002,-0.06985,2.1000000000000185e-05,-0.00011299999999999982,-5.7000000000001494e-05
402,-0.004775000000000001,0.008381999999999999,-0.067527,6.700000000000022e-05,0.0003010000000000009,-0.0001779999999999976
355,0.010141,-0.002154,-0.065187,1.3999999999998389e-05,0.0001740000000000001,-2.6999999999999247e-05
