Particle,x,y,z,Vx,Vy,Vz
17,-0.009778,0.003504,-0.071458,0.0,0.0,0.0
41,-0.005582,-0.009278,-0.071847,0.0,0.0,0.0
525,0.00318,-0.012484,-0.06588200000000001,0.0,0.0,0.0
95,0.004265,-0.002063,-0.072112,0.0,0.0,0.0
76,0.00117,-0.006823,-0.071298,0.0,0.0,0.0
225,-0.0020299999999999997,-0.002101,-0.06995900000000001,0.0,0.0,0.0
84,-0.009937,-0.004072,-0.071054,0.0,0.0,0.0
68,0.007375,-9.2e-05,-0.06613,0.0,0.0,0.0
395,-0.003146,-0.006847000000000001,-0.073718,0.0,0.0,0.0
254,-0.011859999999999999,0.011689,-0.073637,0.0,0.0,0.0
413,-0.0054020000000000006,-0.001827,-0.063603,0.0,0.0,0.0
1252,-0.012768,-0.012048999999999999,-0.068217,0.0,0.0,0.0
927,-0.011929,0.000767,-0.071449,0.0,0.0,0.0
11,-0.0037949999999999998,-0.001772,-0.073863,0.0,0.0,0.0
844,0.009278,-0.007558,-0.073239,0.0,0.0,0.0
288,0.009141,-0.00461,-0.07131399999999999,0.0,0.0,0.0
1208,-0.012191,0.005927,-0.073811,0.0,0.0,0.0
420,-0.013255000000000001,-0.001379,-0.07684,0.0,0.0,0.0
1050,-0.000132,-0.012164999999999999,-0.077391,0.0,0.0,0.0
1246,0.009663,0.009929,-0.063494,0.0,0.0,0.0
944,0.007751,-0.007777,-0.062741,0.0,0.0,0.0
499,-0.015097,0.004758,-0.071549,0.0,0.0,0.0
946,-0.004861,-0.00175,-0.075291,0.0,0.0,0.0
1218,-0.00047799999999999996,0.0069370000000000005,-0.064024,0.0,0.0,0.0
1204,-0.000588,0.002876,-0.060438000000000006,0.0,0.0,0.0
78,-0.012462999999999998,0.002004,-0.06965099999999999,0.0,0.0,0.0
426,-0.011491,-0.00477,-0.063544,0.0,0.0,0.0
1323,-0.009465999999999999,-0.010672000000000001,-0.06647,0.0,0.0,0.0
317,0.011653,0.009226000000000002,-0.065821,0.0,0.0,0.0
379,-0.01265,0.011074,-0.066574,0.0,0.0,0.0
217,0.005078999999999999,0.011269999999999999,-0.06502,0.0,0.0,0.0
833,-0.008579,-0.006356,-0.068502,0.0,0.0,0.0
296,0.0024980000000000002,-0.006313,-0.063114,0.0,0.0,0.0
575,0.012416,-0.00028799999999999995,-0.074411,0.0,0.0,0.0
1294,0.000794,-0.012493,-0.064499,0.0,0.0,0.0
164,0.009914999999999998,-0.0015789999999999999,-0.074412,0.0,0.0,0.0
932,0.010756,-0.003535,-0.06275800000000001,0.0,0.0,0.0
479,0.0036869999999999997,0.004398,-0.073587,0.0,0.0,0.0
448,0.00036899999999999997,0.013507,-0.06276,0.0,0.0,0.0
202,0.0035619999999999996,-0.011544,-0.06965099999999999,0.0,0.0,0.0
940,-0.008661,-0.010401,-0.066967,0.0,0.0,0.0
521,0.012769,0.009737,-0.06355,0.0,0.0,0.0
289,-0.015005000000000001,-0.00011899999999999999,-0.077673,0.0,0.0,0.0
681,0.016452,0.013223,-0.06676900000000001,0.0,0.0,0.0
866,-0.013874000000000001,0.0035670000000000003,-0.06799,0.0,0.0,0.0
1091,0.0068449999999999995,0.005126,-0.06102900000000001,0.0,0.0,0.0
831,-0.002121,-0.001366,-0.07436799999999999,0.0,0.0,0.0
1235,0.004679,-0.008244999999999999,-0.075196,0.0,0.0,0.0
204,-0.002353,0.008202,-0.07844499999999999,0.0,0.0,0.0
1458,0.017081,-0.013211,-0.070098,0.0,0.0,0.0
1492,-0.014205,0.008738,-0.075371,0.0,0.0,0.0
423,-0.007019999999999999,0.013585000000000002,-0.065462,0.0,0.0,0.0
231,0.009401,-0.00098,-0.074348,0.0,0.0,0.0
1219,-0.005659,-0.0059370000000000004,-0.074589,0.0,0.0,0.0
266,0.01175,0.00735,-0.067009,0.0,0.0,0.0
1231,-0.008794,0.002032,-0.075538,0.0,0.0,0.0
891,-0.006347,-0.003231,-0.068368,0.0,0.0,0.0
897,-0.012244999999999999,0.0026739999999999997,-0.070473,0.0,0.0,0.0
81,-0.011509,-0.0034860000000000004,-0.06832200000000001,0.0,0.0,0.0
1310,-0.00302,-0.00117,-0.057834,0.0,0.0,0.0
483,-0.008362,0.007976,-0.061212,0.0,0.0,0.0
1065,0.017100999999999998,0.002447,-0.069342,0.0,0.0,0.0
994,0.000901,-0.001489,-0.060313000000000005,0.0,0.0,0.0
984,0.012244999999999999,0.009134999999999999,-0.075033,0.0,0.0,0.0
1337,-0.000809,-0.007652,-0.068554,0.0,0.0,0.0
1449,0.017655,-0.003643,-0.07109399999999999,0.0,0.0,0.0
359,0.001629,0.002801,-0.063969,0.0,0.0,0.0
871,-0.0112,-0.010404,-0.074382,0.0,0.0,0.0
138,-0.003921,-0.007895,-0.06956,0.0,0.0,0.0
952,-0.000104,-0.011079,-0.077229,0.0,0.0,0.0
12,-0.004293999999999999,-0.004862,-0.07157599999999999,-7.500000000000041e-05,0.0001299999999999999,-7.60000000000205e-05
43,0.009114,0.0064269999999999996,-0.07273600000000001,-7.900000000000094e-05,2.8000000000000247e-05,-0.0001689999999999886
1510,-0.011493,-0.006014,-0.070211,-2.1000000000000185e-05,0.00011000000000000072,7.999999999994123e-06
378,-0.004254,-0.009195,-0.072123,-2.300000000000045e-05,5.400000000000023e-05,4.700000000001925e-05
1205,-0.011781,0.006320999999999999,-0.072997,-9.900000000000013e-05,1.8000000000000654e-05,0.0001300000000000051
909,-0.00033600000000000004,-0.00821,-0.074421,-6.9e-05,-4.999999999999796e-06,-2.2999999999995246e-05
415,-0.00045900000000000004,0.008602,-0.063088,0.00020300000000000006,0.00024900000000000096,-0.00012799999999998923
377,-0.004061,-0.0028239999999999997,-0.074354,-2.0999999999999318e-05,-3.2000000000000344e-05,-0.00018999999999999573
16,-0.010164999999999999,-0.0022010000000000003,-0.07115300000000001,-0.00011300000000000199,-1.4999999999999823e-05,-0.00020499999999999685
1608,-0.000497,0.002578,-0.06301,1.500000000000004e-05,0.00018999999999999963,-4.400000000000237e-05
290,-0.0076500000000000005,-0.000834,-0.070074,1.000000000000046e-05,-0.00010899999999999994,-0.00012199999999999711
50,0.0044930000000000005,0.003611,-0.06690399999999999,-8.200000000000048e-05,4.399999999999977e-05,-4.000000000004e-06
1215,-0.007813,-0.000885,-0.064265,7.200000000000088e-05,0.000338,-3.700000000000925e-05
82,0.001616,-0.0027530000000000002,-0.074362,-2.9999999999999645e-06,5.00000000000023e-06,-0.00011099999999999999
23,-0.008051,-0.007633,-0.071166,0.0001010000000000004,0.00012199999999999971,-8.000000000008e-06
929,-0.010695,0.012949,-0.063746,-2.000000000000092e-05,-3.500000000000031e-05,5.1999999999996493e-05
1511,0.011293,-0.006769,-0.07034,4.49999999999999e-05,-8.000000000000194e-06,-3.900000000001125e-05
1214,0.001142,-0.009492,-0.061880000000000004,9.999999999999159e-07,0.00033799999999999976,-1.6999999999996185e-05
1006,-0.001085,0.007333999999999999,-0.078016,7.400000000000006e-05,4.000000000000531e-06,-0.00025399999999999034
822,0.010376,-0.006143,-0.066483,7.800000000000168e-05,0.00015499999999999976,2.0999999999993246e-05
526,-0.0017230000000000001,0.004078,-0.077116,-2.0000000000000052e-05,-5.500000000000036e-05,-9.299999999999586e-05
1547,-0.008151,-0.002091,-0.065572,8.000000000000021e-05,0.00011800000000000005,-5.6000000000000494e-05
1741,0.012152,0.004646,-0.063414,-0.00010199999999999966,7.300000000000015e-05,-0.0002299999999999941
1601,-0.013124,0.0007840000000000001,-0.078227,1.2999999999999123e-05,2.799999999999992e-05,-0.0002239999999999881
1732,0.015191000000000001,0.00836,-0.064082,-4.900000000000217e-05,0.0001349999999999997,-0.0003000000000000086
650,0.014525,0.0005200000000000001,-0.069938,-6.0999999999998555e-05,5.499999999999993e-05,-4.500000000000337e-05
1660,0.00999,-0.011165,-0.065611,0.00013099999999999917,0.00013299999999999944,-0.00013399999999999523
1538,0.0001,-0.005809,-0.06442700000000001,4.999999999999998e-05,0.00023199999999999957,-2.899999999998737e-05
1249,0.003205,0.011419,-0.074475,0.00010699999999999989,8.099999999999948e-05,-0.0001260000000000011
1539,-0.006036,-0.002847,-0.062096,7.199999999999915e-05,0.0003010000000000005,0.00011199999999999405
1326,-0.007897,-0.007343,-0.057915999999999995,-2.1000000000000185e-05,0.00025299999999999975,-0.00014100000000000917
382,-0.006386,0.006703000000000001,-0.069726,-1.0999999999999725e-05,0.0001299999999999999,-0.00015400000000000136
1203,-0.005745,-0.005656,-0.07210599999999999,1.2000000000000725e-05,0.00012599999999999938,-2.6000000000012125e-05
198,-0.011049,-0.000787,-0.062572,7.399999999999941e-05,0.000254,9.200000000000874e-05
159,0.006571,-0.004901,-0.06705599999999999,8.600000000000014e-05,0.0001460000000000003,1.8999999999991246e-05
64,0.0044599999999999996,-0.011814999999999999,-0.070152,0.0,-0.00022400000000000024,-8.299999999999974e-05
1277,0.0024820000000000003,0.008348000000000001,-0.061549,9.599999999999973e-05,0.000279999999999999,-0.00017000000000000348
719,0.007705,-0.012016,-0.06830599999999999,3.5999999999999574e-05,0.00020500000000000032,-0.00011400000000001687
814,-0.006704,-0.004358,-0.065201,9.8e-05,0.0002620000000000001,6.799999999999862e-05
1629,-0.0008010000000000001,-0.008189,-0.06222,0.00024700000000000004,0.0003420000000000003,1.0999999999997123e-05
239,-0.005842,0.0077469999999999995,-0.076735,-6.899999999999962e-05,7.699999999999981e-05,-0.00011099999999999999
1551,-0.008699,0.007979,-0.071422,5.800000000000076e-05,8.299999999999974e-05,-2.2000000000008124e-05
835,0.015714,-0.006149,-0.073811,-2.1000000000000185e-05,0.00014400000000000003,-4.499999999998949e-05
1373,0.001216,0.003505,-0.062581,-0.0001290000000000002,0.00018599999999999997,-4.400000000000237e-05
1339,-0.007652,-0.002009,-0.063126,7.600000000000055e-05,0.0002769999999999999,-0.0002390000000000031
1544,0.009743,0.009458,-0.06604600000000001,-0.00011399999999999952,5.800000000000076e-05,-1.1999999999998123e-05
1693,0.006732,-6.6e-05,-0.057509,6.899999999999962e-05,0.000263,-9.50000000000048e-05
1415,0.008135,0.004992,-0.060911,-6.899999999999962e-05,0.00022700000000000064,4.400000000000237e-05
1016,0.0034750000000000002,0.0007199999999999999,-0.061769,-6.000000000000016e-05,0.00021000000000000012,-0.00024800000000000516
1533,-0.012824,0.012372,-0.06844599999999999,-2.1000000000000185e-05,-2.499999999999898e-05,-7.000000000007001e-06
1216,0.0014190000000000001,0.007825,-0.070119,9.199999999999985e-05,-1.4000000000000123e-05,-1.6000000000002124e-05
24,0.00886,-0.004154,-0.07345399999999999,0.00010899999999999972,-8.300000000000061e-05,1.4000000000000123e-05
1007,0.009779,0.012117000000000001,-0.068753,-0.0002189999999999987,0.00012599999999999938,-0.00011900000000000799
1253,0.010502000000000001,-0.007158,-0.069476,-1.899999999999992e-05,1.599999999999952e-05,-2.1000000000007124e-05
1062,0.014626,-0.010638,-0.065731,0.00011000000000000072,0.00020599999999999959,0.00016599999999999948
421,-0.001266,0.013116,-0.0663,0.00025700000000000007,0.00017500000000000154,0.00012199999999999711
1309,-0.00717,-0.006005,-0.063514,7.900000000000008e-05,0.00032500000000000064,-3.699999999999537e-05
523,-0.00697,0.012052,-0.07341800000000001,-3.300000000000091e-05,-4.99999999999997e-05,-0.00015499999999998848
224,0.010717,0.007872,-0.064077,-3.100000000000151e-05,6.199999999999956e-05,-0.00010000000000001674
1778,0.001702,-0.012941000000000001,-0.067167,7.099999999999988e-05,-6.899999999999788e-05,8.299999999999974e-05
882,0.008723000000000002,-0.01002,-0.065166,7.699999999999894e-05,0.00025900000000000055,1.6000000000002124e-05
105,-0.009256,-0.011984,-0.072605,2.9999999999998778e-05,-4.900000000000043e-05,6.30000000000075e-05
1193,-0.010028,0.0051459999999999995,-0.067069,1.600000000000039e-05,-8.3999999999999e-05,-0.00014099999999998836
1476,-0.015153999999999999,0.007227,-0.07178799999999999,-9.000000000000327e-06,-0.00014500000000000016,-9.700000000001374e-05
1555,0.017485,-0.002285,-0.069104,-6.700000000000109e-05,0.00015600000000000032,8.499999999998786e-05
1486,0.014246,-0.007847999999999999,-0.070882,0.00018899999999999993,3.699999999999884e-05,8.700000000000374e-05
1262,0.004585,0.012459,-0.06915900000000001,3.0000000000000512e-05,2.400000000000145e-05,-0.00017999999999998573
1633,-0.011491,0.004634,-0.065586,3.699999999999884e-05,-6.499999999999995e-05,0.0002940000000000026
1665,0.008616,0.006407,-0.061447,-0.00011900000000000105,0.00015599999999999902,1.3000000000006062e-05
1667,-0.012417,0.006027,-0.063854,1.4999999999999389e-05,-4.49999999999999e-05,3.099999999998937e-05
245,0.00273,-0.009893,-0.06519,0.00018000000000000047,8.800000000000127e-05,-8.099999999999774e-05
147,-0.011328,0.010293,-0.074735,-0.00011899999999999931,-7.899999999999921e-05,4.699999999999149e-05
1746,0.013301,-0.003849,-0.074202,2.9999999999998778e-05,5.000000000000013e-05,0.000126000000000015
1809,-0.005933,0.006116,-0.07490999999999999,-7.600000000000055e-05,-0.0001529999999999995,0.00015599999999998948
1278,0.002826,0.002536,-0.077901,-5.299999999999966e-05,7.399999999999985e-05,-0.00026500000000000135
507,0.012175,-0.01166,-0.060041,0.0002009999999999998,0.0002450000000000004,0.0002539999999999973
1403,0.007018,-0.01014,-0.06942,7.600000000000055e-05,-4.0000000000000105e-05,-0.0001870000000000066
253,0.006602,0.001231,-0.07144,-0.00010899999999999972,2.8999999999999946e-05,-0.00013699999999999823
824,-0.002299,-0.003726,-0.075195,-4.300000000000007e-05,3.799999999999984e-05,-6.1000000000005494e-05
1859,-0.00113,-0.005664,-0.063992,0.00013799999999999988,0.0002599999999999998,-8.600000000000274e-05
10,-0.006381,-0.00091,-0.070608,-2.0999999999999318e-05,1.1999999999999966e-05,-5.6000000000000494e-05
1194,-0.006948,-0.0077729999999999995,-0.066928,3.7000000000000574e-05,0.00027399999999999994,-0.00016099999999999448
94,-0.011154,0.0018360000000000002,-0.062098,-2.3999999999999716e-05,0.00025100000000000014,-5.100000000000243e-05
1937,-0.009602000000000001,-0.010093999999999999,-0.058099,3.900000000000084e-05,0.0003029999999999977,2.6999999999992308e-05
148,0.005233,0.003139,-0.068188,-7.499999999999955e-05,0.0,-6.60000000000105e-05
174,0.011938,-0.007371000000000001,-0.070294,8.3999999999999e-05,3.600000000000044e-05,-0.0001330000000000081
1896,0.012168,0.0075190000000000005,-0.06741,-0.00015899999999999942,0.0001479999999999997,-0.0001779999999999976
1882,0.016596,-0.004557,-0.072747,1.5000000000001124e-05,7.200000000000002e-05,-2.599999999998437e-05
1592,-0.000272,-0.008022,-0.067057,0.00027,0.00021099999999999938,-0.00011099999999999999
870,0.004823,-0.000152,-0.06667100000000001,1.7999999999999787e-05,7.300000000000001e-05,-8.499999999998786e-05
182,-0.008701,0.00014199999999999998,-0.066508,3.300000000000178e-05,9.7e-05,-3.599999999999437e-05
494,-0.015196999999999999,0.00622,-0.072412,5.4999999999999494e-05,-0.00016899999999999988,3.400000000000625e-05
46,-0.002401,-0.012129,-0.07391800000000001,3.999999999999967e-05,8.000000000000021e-05,5.000000000018878e-06
243,-0.006253,0.011174,-0.07454000000000001,4.49999999999999e-05,0.0,-7.100000000000162e-05
360,-0.00715,-0.006851,-0.066413,1.899999999999992e-05,0.0002710000000000004,-0.00015799999999999148
1226,0.008424,-0.002109,-0.063872,6.700000000000109e-05,0.0001590000000000003,-1.000000000001e-06
131,0.007155,0.007706,-0.06608599999999999,-0.00017599999999999994,1.3999999999999256e-05,-2.0000000000006124e-05
595,-0.015388,-0.003928,-0.07759999999999999,-8.900000000000054e-05,9.099999999999994e-05,-1.2000000000012001e-05
117,0.006093,0.0026089999999999998,-0.07066,-9.200000000000007e-05,3.500000000000031e-05,-0.00021699999999999497
497,-0.009810000000000001,-0.006154,-0.063767,0.00016200000000000069,0.0004299999999999998,0.00020500000000001073
218,0.012349,-0.004979,-0.072115,-3.799999999999984e-05,2.0999999999999318e-05,7.000000000000062e-05
1934,-0.010952,0.00092,-0.07622,-3.099999999999978e-05,-6.800000000000003e-05,0.00020000000000000573
1612,0.004586000000000001,-0.007614,-0.065171,8.99999999999998e-05,0.00016599999999999948,-4.999999999999449e-05
108,0.0026920000000000004,0.012645,-0.07061,0.0001349999999999997,4.0000000000000105e-05,-5.4999999999999494e-05
934,-0.001219,-0.00019,-0.06334000000000001,-6.999999999999845e-06,0.000191,-0.0001229999999999981
563,0.004115000000000001,-0.008572,-0.063716,0.00015700000000000002,0.00034199999999999856,0.0001239999999999991
1874,0.00667,0.008859,-0.062317,6.200000000000042e-05,0.0001510000000000001,-4.600000000000437e-05
789,0.002432,-0.008719,-0.063995,0.0002539999999999999,0.00015599999999999815,5.2999999999997494e-05
1316,0.013156000000000001,-0.007142000000000001,-0.073632,2.099999999999845e-05,-3.4999999999998574e-05,-4.099999999999937e-05
1195,0.008376,0.009775,-0.07276200000000001,-0.00018799999999999893,5.299999999999923e-05,-0.00026199999999999835
2038,-0.005312,-0.0063419999999999995,-0.057595999999999994,0.00016799999999999975,0.00011499999999999965,-5.400000000000543e-05
1800,0.001035,0.008938,-0.06713899999999999,-1.699999999999987e-05,7.099999999999988e-05,-0.00011900000000000799
557,0.011047000000000001,-0.010288,-0.072382,7.499999999999868e-05,6.399999999999982e-05,-4.700000000000537e-05
1356,-0.004774,0.008452,-0.059844,1.1999999999999858e-05,0.00038100000000000113,-0.00013599999999999723
1694,0.007929,0.010467,-0.065249,0.00010600000000000019,0.00010899999999999972,-7.799999999999474e-05
2060,0.018139,-0.008163,-0.06768300000000001,2.7000000000002716e-05,1.4000000000000123e-05,-0.00010399999999999299
1199,-0.008509000000000001,0.005783,-0.07535800000000001,-6.799999999999862e-05,4.700000000000017e-05,1.3000000000013001e-05
1391,-0.010904,-0.003216,-0.076746,-2.8999999999999512e-05,-8.99999999999998e-05,-1.2999999999999123e-05
1755,0.011561,0.000903,-0.073507,-0.00011500000000000052,6.199999999999988e-05,-6.499999999999562e-05
1570,-0.015833,-0.004618000000000001,-0.07554000000000001,-0.00010699999999999946,0.00013900000000000023,4.500000000000337e-05
1568,-0.007247,0.004466,-0.06835200000000001,1.4999999999999389e-05,0.0001239999999999991,-3.9999999999901226e-06
417,-0.003901,0.002823,-0.076589,1.0000000000000026e-05,5.199999999999996e-05,-0.00015500000000000236
326,0.007395,-0.004212,-0.06961400000000001,2.8000000000000247e-05,-0.00011200000000000012,-5.099999999999549e-05
1422,-0.005199,0.006835,-0.060147,0.00011899999999999931,0.0002900000000000003,4.9999999999980616e-06
277,0.010494999999999999,-0.00231,-0.070872,-7.999999999999327e-06,3.600000000000001e-05,5.0000000000050004e-06
352,-0.012551999999999999,-0.001317,-0.073553,3.999999999999837e-05,6.499999999999995e-05,-9.800000000000086e-05
973,-0.007534,-0.012546,-0.066721,0.00012199999999999971,0.00013200000000000017,0.00021900000000001085
1938,-0.015144,0.009712,-0.078391,-1.4000000000000123e-05,-7.300000000000015e-05,3.100000000000325e-05
1939,-0.012123,-0.011882,-0.066463,0.00020800000000000159,-3.7000000000000574e-05,1.7000000000003124e-05
1527,-0.002963,-0.011852999999999999,-0.07715000000000001,0.000147,6.999999999998327e-06,-6.299999999997974e-05
1998,0.01025,0.007574,-0.073256,-0.00014300000000000077,3.300000000000004e-05,-9.800000000000086e-05
2088,0.013733,-0.013412,-0.063289,0.00024300000000000016,0.00021900000000000044,0.00014399999999999136
2091,-0.00086,0.010406,-0.06958400000000001,0.00020699999999999994,-9.49999999999996e-05,-0.00026199999999999835
145,0.005612,0.007858,-0.062775,2.1000000000000185e-05,0.00018899999999999993,9.099999999999386e-05
1838,-0.015747999999999998,0.009587,-0.073317,1.7999999999997185e-05,-0.00010699999999999946,-0.0001930000000000126
580,-0.012566,0.00907,-0.063865,-2.1999999999997716e-05,-0.0001010000000000004,3.200000000000425e-05
261,0.00531,0.013567000000000001,-0.066963,5.0000000000000565e-05,0.00012199999999999885,-0.0001290000000000041
162,-0.008424,0.008039999999999999,-0.07295900000000001,5.10000000000007e-05,4.300000000000137e-05,-5.8999999999989616e-05
31,0.001796,-0.0042380000000000004,-0.071275,1.0000000000000026e-05,3.000000000000398e-06,-0.00014899999999999636
14,0.000757,-0.004879,-0.07041800000000001,7.799999999999994e-05,3.5999999999999574e-05,-3.099999999998937e-05
227,0.006017000000000001,0.011282,-0.06942400000000001,-3.800000000000071e-05,7.799999999999821e-05,-0.0002819999999999906
75,-0.004538,-0.0062380000000000005,-0.071889,1.299999999999999e-05,9.000000000000067e-05,-1.3000000000013001e-05
1853,0.006704,-0.005266,-0.068922,-9.999999999992654e-07,-5.9000000000000025e-05,3.9999999999901226e-06
154,0.009205999999999999,-0.001522,-0.065479,4.000000000002266e-06,0.0001200000000000001,1.000000000001e-06
453,0.003565,0.000794,-0.06411700000000001,1.1000000000000159e-05,0.000174,-6.899999999999962e-05
615,0.013042,-0.009455,-0.072962,9.900000000000013e-05,7.399999999999941e-05,-0.00016199999999999548
166,-0.00468,-0.003414,-0.074235,-0.00013799999999999923,-4.9e-05,-0.00014600000000000724
297,0.00311,0.008343,-0.06478700000000001,-4.0999999999999804e-05,0.0002500000000000002,-0.00011099999999998611
235,-0.0067610000000000005,-0.003276,-0.071839,-0.00011399999999999952,2.2999999999999583e-05,-9.100000000000774e-05
1945,0.000116,-0.0065049999999999995,-0.062098,0.000129,0.00034599999999999995,-7.000000000000062e-05
1552,-0.006307,-0.000443,-0.069868,-8.099999999999948e-05,1.8000000000000004e-05,-5.6000000000000494e-05
1518,-0.009953,0.0016020000000000001,-0.070816,5.199999999999996e-05,-1.0000000000001327e-06,-0.00013499999999999623
443,0.015112,0.006634999999999999,-0.065673,-0.00011700000000000078,0.0001990000000000004,-0.00010200000000000486
173,-7.5e-05,0.012441,-0.066314,5.399999999999999e-05,2.599999999999998e-05,-3.800000000001025e-05
1935,0.009151999999999999,0.00902,-0.065232,-9.599999999999886e-05,1.700000000000139e-05,-0.00016500000000001236
1642,-0.002341,-0.009141,-0.074845,-7.999999999999978e-05,0.00012700000000000038,-0.0002400000000000041
388,-0.004006999999999999,-0.003912,-0.071369,-8.5e-05,4.19999999999995e-05,-7.799999999999474e-05
450,-0.012545,0.0072569999999999996,-0.062624,-4.49999999999999e-05,6.600000000000095e-05,8.400000000000074e-05
1260,0.013321,0.009762,-0.067008,-0.0002149999999999999,0.00011900000000000105,-0.00015300000000000036
169,-0.0034500000000000004,-0.008749,-0.072968,-8.99999999999998e-05,5.300000000000096e-05,-2.499999999998337e-05
115,-0.010401,-0.00713,-0.069951,1.6999999999999654e-05,0.00012399999999999998,3.699999999999537e-05
132,-0.008401,-0.004508,-0.065613,5.800000000000076e-05,0.00020600000000000045,5.2999999999997494e-05
183,0.013347,-0.00062,-0.062118,-5.299999999999923e-05,0.00010800000000000002,-1.0000000000003062e-05
1640,0.0022719999999999997,0.00328,-0.074724,9.000000000000327e-06,4.5000000000000335e-05,-0.00015899999999999248
1348,-0.013472,-0.001517,-0.072032,-3.799999999999984e-05,-5.3000000000000096e-05,-0.000124000000000013
854,-0.006004,-0.001683,-0.061278,5.199999999999996e-05,0.00034500000000000004,3.399999999999931e-05
506,0.005428,-0.006617,-0.063249,9.8e-05,0.00017299999999999954,3.0000000000030003e-06
1603,-0.012426,0.01168,-0.065328,1.1000000000000593e-05,-3.799999999999984e-05,-1.8000000000004124e-05
876,-0.014369999999999999,0.007887,-0.076675,-6.000000000000796e-06,3.099999999999978e-05,-0.00010999999999999899
176,-0.0011330000000000001,0.009143,-0.068672,2.8999999999999946e-05,2.000000000000092e-05,-0.00012000000000000899
1980,-0.0012749999999999999,0.0077919999999999994,-0.071279,0.00024200000000000003,-7.999999999999327e-06,-0.00016800000000000148
2061,0.011646,0.008015000000000001,-0.066628,-0.00022199999999999998,4.89999999999987e-05,-0.00013099999999999223
301,-0.012757,-0.011356,-0.069732,-0.00012400000000000085,9.999999999992654e-07,0.0003520000000000051
1870,-0.012018000000000001,-0.010317999999999999,-0.071345,1.600000000000039e-05,5.299999999999923e-05,0.00017600000000000948
535,-0.002627,0.013199,-0.062412999999999996,-8.399999999999987e-05,0.0001360000000000007,-0.0001250000000000001
2023,-0.012805,0.012587,-0.07058199999999999,8.6000000000001e-05,4.300000000000137e-05,-1.4000000000014001e-05
300,0.0023279999999999998,0.001645,-0.076137,0.00012300000000000028,8.999999999999894e-06,-6.399999999999462e-05
1663,0.01251,-0.009516,-0.06008,9.299999999999933e-05,0.000253999999999999,-6.300000000000056e-05
1885,-0.008367000000000001,0.002411,-0.067885,-9.39999999999986e-05,-7.600000000000011e-05,-7.599999999999274e-05
1579,0.012372,-0.012718,-0.07084399999999999,-1.3999999999998389e-05,8.700000000000027e-05,-5.500000000001337e-05
340,-0.0039310000000000005,0.006776,-0.06703100000000001,-7.099999999999902e-05,0.00011800000000000005,-0.00010199999999999099
2121,0.004248999999999999,-0.001635,-0.064484,2.7000000000000114e-05,0.000116,-8.199999999999874e-05
457,0.007066,-0.00607,-0.06642,6.000000000000016e-05,0.00012299999999999985,-1.6999999999989246e-05
818,-0.003745,-0.005462,-0.06774,0.0001550000000000002,0.0002440000000000003,-7.999999999999674e-05
0,0.002271,0.000665,-0.072811,8.999999999999894e-06,-5.600000000000006e-05,-0.00027399999999999647
1625,0.005181,-0.005471,-0.061377,0.00011299999999999939,0.0003210000000000001,-3.899999999999737e-05
2142,-0.013330999999999999,0.0032400000000000003,-0.072419,1.9999999999985307e-06,-7.800000000000038e-05,9.900000000000186e-05
1553,-0.010694,0.003963,-0.069545,-2.3999999999999716e-05,-3.7000000000000574e-05,-8.000000000001062e-05
1263,0.003984,0.0033610000000000003,-0.058024,-1.0999999999999725e-05,0.00016899999999999945,6.600000000000356e-05
883,0.017052,-0.003018,-0.071613,-8.700000000000027e-05,9.8e-05,7.999999999994123e-06
1564,-0.012815,-0.008235,-0.072806,-0.00011800000000000005,2.999999999999531e-06,0.00013199999999999323
1576,-0.012593,-0.011174,-0.074146,6.800000000000035e-05,3.300000000000004e-05,6.30000000000075e-05
199,0.004660999999999999,-0.011246,-0.07082,-4.399999999999977e-05,-0.00010999999999999899,-5.200000000001037e-05
1965,-0.0026030000000000003,-0.006475,-0.06306300000000001,0.00010400000000000036,0.0002310000000000003,-0.00010599999999999499
763,0.005776,-0.001416,-0.07316,0.00010700000000000032,-2.800000000000003e-05,-0.0001250000000000001
311,0.015529,-0.008977,-0.07363,0.00011400000000000125,0.00011599999999999978,-0.0002289999999999931
411,-0.003255,-0.001482,-0.071497,4.000000000000097e-06,5.299999999999988e-05,-0.00020999999999998797
809,0.00121,0.011167999999999999,-0.067735,5.400000000000001e-05,5.6000000000000494e-05,-5.7000000000001494e-05
80,0.002834,-0.0007700000000000001,-0.068095,0.00015700000000000002,0.00012600000000000003,-0.0001749999999999946
1936,-0.008901,0.011957,-0.063129,3.199999999999904e-05,0.0001339999999999987,0.00011200000000000099
841,-0.007275,0.006721,-0.062766,1.700000000000052e-05,0.00028200000000000013,-5.9000000000003494e-05
857,0.003472,-0.006887,-0.065569,9.900000000000056e-05,0.00012099999999999958,-7.800000000000862e-05
1327,0.001427,0.012746,-0.065441,0.00010899999999999994,6.499999999999909e-05,-4.599999999999049e-05
853,-0.002367,-0.000335,-0.060349,-4.49999999999999e-05,0.00021,0.0001280000000000031
1913,-0.00309,0.006952,-0.07329300000000001,0.00011499999999999965,0.00014200000000000063,-0.00014099999999998836
349,0.006643,0.0025499999999999997,-0.062526,-7.399999999999941e-05,0.00014000000000000037,2.3999999999996247e-05
195,0.00564,-0.0030139999999999998,-0.07385299999999999,0.00013699999999999997,-1.700000000000052e-05,-0.00015200000000001324
621,0.004046,-0.012255,-0.07020399999999999,-8.100000000000034e-05,-0.00020599999999999959,-2.2000000000008124e-05
264,-0.007342,-0.003027,-0.07165,-0.00011800000000000005,0.0,-5.6999999999987616e-05
442,0.005526,-0.002052,-0.07230299999999999,0.0001299999999999999,1.4000000000000123e-05,-0.000130000000000019
811,0.002023,-0.007018,-0.062601,0.00019499999999999986,0.00021300000000000052,4.400000000000237e-05
436,0.001976,-0.010428000000000002,-0.06504399999999999,0.0002440000000000003,0.00013500000000000144,5.5999999999986616e-05
916,0.007368,-0.010949,-0.073277,-4.7000000000001034e-05,5.400000000000023e-05,-4.800000000000637e-05
678,-0.013746000000000001,-0.009963,-0.068988,-2.5999999999998247e-05,1.9999999999985307e-06,0.00012399999999998523
2042,0.005615,0.003956,-0.063112,-4.80000000000003e-05,0.0001010000000000004,6.1000000000005494e-05
674,0.01629,0.010528000000000001,-0.070397,-0.00021200000000000038,0.00012999999999999817,3.699999999999537e-05
337,0.011982,-0.000588,-0.072143,-6.800000000000035e-05,0.00012099999999999996,-1.4000000000000123e-05
1858,0.010778000000000001,0.002613,-0.07070699999999999,-0.00016000000000000042,0.00014000000000000037,-0.00017800000000001148
1921,-0.004054,0.003884,-0.074199,-9.099999999999907e-05,0.00011299999999999982,-0.0003610000000000002
1562,-0.012709,0.00741,-0.068823,4.000000000000531e-06,-0.00013100000000000004,9.099999999999386e-05
1631,-0.00529,-0.0027069999999999998,-0.061266,-1.6999999999999654e-05,0.00024099999999999946,-3.600000000000131e-05
1894,-0.010461,0.002196,-0.077006,0.0001010000000000004,-6.900000000000005e-05,-0.00010200000000000486
1862,-0.009,-0.004856,-0.065812,2.499999999999898e-05,0.00023000000000000017,0.0001679999999999876
1948,-0.004490999999999999,-0.012973,-0.066756,0.00018899999999999993,0.00019399999999999973,-0.0002420000000000061
1852,-0.0043490000000000004,0.0005759999999999999,-0.061704,4.100000000000024e-05,0.00021500000000000013,-6.699999999999762e-05
1540,-0.012452999999999999,-0.011098,-0.07018200000000001,-5.4999999999999494e-05,7.699999999999894e-05,0.00028100000000001735
1607,0.017968,-0.012712,-0.07017799999999999,2.4999999999997247e-05,0.00011699999999999905,-0.000124000000000013
488,0.0035859999999999998,0.0016419999999999998,-0.061045999999999996,-4.199999999999994e-05,0.00016700000000000005,1.6999999999989246e-05
1209,0.00745,0.012740999999999999,-0.06719199999999999,-5.999999999999929e-06,0.00015500000000000236,-8.600000000001662e-05
2101,-0.010715,0.001748,-0.07209600000000001,7.300000000000188e-05,-5.299999999999988e-05,-7.899999999999574e-05
2109,-0.001759,-0.012326,-0.075919,0.00012600000000000003,3.300000000000004e-05,-6.199999999999262e-05
2145,0.0037400000000000003,0.004259000000000001,-0.067001,-8.700000000000027e-05,1.6999999999998787e-05,8.700000000000374e-05
591,0.012293,0.006730000000000001,-0.074397,-0.00014199999999999977,6.099999999999942e-05,-7.599999999999274e-05
1929,-0.009901,0.010976000000000001,-0.061071,2.8999999999999512e-05,0.0002579999999999978,7.300000000000362e-05
126,0.0076950000000000005,-0.00039400000000000004,-0.063973,4.99999999999997e-05,0.00020400000000000003,4.700000000000537e-05
232,-0.012569,-0.001148,-0.06954099999999999,-2.499999999999898e-05,-7.200000000000002e-05,-7.500000000000562e-05
559,-0.012948000000000001,0.006889999999999999,-0.071149,-8.499999999999827e-05,-7.599999999999968e-05,4.300000000001525e-05
161,0.004619,0.003578,-0.072339,-8.599999999999927e-05,-4.40000000000002e-05,-0.00014799999999999536
455,0.012799,0.000851,-0.068459,-0.00020300000000000006,0.00011300000000000004,-0.00019899999999999085
1873,0.000709,-0.002588,-0.074423,-2.0000000000000052e-05,-3.199999999999991e-05,-0.00010899999999999799
1335,0.01358,0.005589,-0.07449800000000001,-0.00011599999999999978,2.499999999999985e-05,-9.899999999998799e-05
1630,0.002092,0.008761,-0.076399,8.000000000000194e-06,9.49999999999996e-05,-0.0001739999999999936
1759,0.011963,0.008401,-0.071348,-0.0001789999999999986,0.00011800000000000005,-8.299999999999974e-05
206,0.0032559999999999998,0.010962,-0.070722,8.200000000000048e-05,2.8000000000000247e-05,-0.00012000000000000899
542,0.015716,-0.007284,-0.06744700000000001,0.0001799999999999996,0.00013900000000000023,7.00000000000145e-05
1543,-0.008111,0.0026219999999999998,-0.075549,-2.9000000000001247e-05,-3.099999999999978e-05,-1.8999999999991246e-05
1558,0.015999,-0.0019619999999999998,-0.067833,3.0000000000002247e-05,0.00016299999999999973,-2.1999999999994246e-05
5,-0.008839,-0.0024159999999999997,-0.07428499999999999,-0.00011200000000000099,-3.2000000000000344e-05,-0.0001850000000000046
205,0.00904,0.008365000000000001,-0.075171,-0.00016399999999999922,-0.0001270000000000021,-0.0002530000000000032
538,0.014574,0.001851,-0.06925100000000001,-0.00012000000000000031,0.00017200000000000006,-0.00010499999999999399
1638,0.008791,0.005533000000000001,-0.06432399999999999,-0.0001420000000000015,8.199999999999961e-05,-0.00021999999999999797
144,-0.007873999999999999,0.009489000000000001,-0.071494,6.599999999999922e-05,1.799999999999892e-05,-4.500000000000337e-05
1976,0.001893,0.012187,-0.06429800000000001,0.00021200000000000017,0.00013300000000000117,-0.00014999999999998348
532,0.014039999999999999,-0.009028000000000001,-0.065047,3.8000000000001574e-05,6.600000000000182e-05,-0.000124000000000013
467,0.005682,-0.006057000000000001,-0.068304,6.299999999999969e-05,8.5e-05,-3.999999999998449e-05
1240,0.002833,-0.004242,-0.062798,8.5e-05,0.0001849999999999994,-4.300000000000137e-05
142,-0.005046999999999999,-0.00296,-0.072535,-7.700000000000068e-05,2.3000000000000017e-05,-0.00011500000000000399
189,0.012346,0.003588,-0.07111400000000001,-0.0001389999999999985,7.799999999999994e-05,-0.00010999999999999899
293,0.015332,0.010411,-0.070592,-0.00013500000000000144,0.00021700000000000018,-2.0999999999993246e-05
1673,-0.003678,0.008442,-0.063814,0.00016400000000000008,0.00023199999999999957,-0.00010799999999999699
548,0.008225,0.012419000000000001,-0.069009,-4.200000000000037e-05,0.00014400000000000003,-8.600000000000274e-05
335,-0.002075,-0.000565,-0.073056,4.100000000000024e-05,3.0999999999999886e-05,-0.0002540000000000042
746,-0.002406,0.0008100000000000001,-0.066173,1.700000000000052e-05,0.00019899999999999985,-8.000000000008e-06
1196,-0.004094,-0.008481,-0.07367,-3.399999999999931e-05,3.8000000000001574e-05,3.0000000000030003e-06
1370,-0.015471,-0.00868,-0.073712,-0.00010899999999999972,4.70000000000019e-05,0.0001719999999999916
1711,0.011205999999999999,-0.005652,-0.072862,8.100000000000121e-05,-8.000000000000021e-05,-8.899999999999186e-05
1883,0.008519,0.0038020000000000003,-0.076796,-0.00021800000000000118,-0.0001290000000000002,-0.00019199999999999773
179,-0.015034,0.000389,-0.06911,-0.00015299999999999862,4.599999999999998e-05,-5.4999999999999494e-05
1656,0.006768,0.0016870000000000001,-0.07503499999999999,7.500000000000041e-05,-0.00017100000000000014,-0.000126000000000015
346,0.013382,0.0029089999999999997,-0.066474,-0.0001999999999999988,-6.399999999999939e-05,-0.00010399999999999299
938,-0.005405999999999999,-0.010394,-0.072989,-4.49999999999999e-05,8.900000000000054e-05,-6.50000000000095e-05
664,0.011734,-0.000675,-0.074214,7.600000000000141e-05,-3.6999999999999924e-05,-2.8000000000000247e-05
1872,0.002851,-0.010151,-0.072737,9.70000000000003e-05,0.00012800000000000138,-6.40000000000085e-05
1777,-0.010528000000000001,0.011526999999999999,-0.07198099999999999,4.300000000000137e-05,-7.299999999999841e-05,-4.000000000004e-06
1622,0.008409000000000002,-0.012778000000000001,-0.06300800000000001,0.00011899999999999931,0.00027100000000000214,5.9000000000003494e-05
18,0.004613000000000001,0.008981,-0.069395,-9.300000000000107e-05,3.500000000000031e-05,-0.00013699999999999823
1861,0.001928,-0.007084,-0.070947,-4.500000000000012e-05,-2.0000000000000052e-05,-0.0001239999999999991
1706,0.007325,0.0034460000000000003,-0.072565,-9.699999999999986e-05,0.00012199999999999971,-0.00019700000000000273
181,0.008127,0.001064,-0.064738,-0.00010199999999999966,5.999999999999929e-06,-3.699999999999537e-05
207,0.003892,-0.00122,-0.063319,1.4999999999999823e-05,0.0001299999999999999,-0.0001260000000000011
1892,0.016655999999999997,0.010230000000000001,-0.068293,-8.099999999999774e-05,0.0002399999999999989,-1.5999999999988246e-05
125,0.014207000000000001,-0.008381999999999999,-0.069117,-3.900000000000084e-05,6.0999999999998555e-05,-8.299999999999974e-05
167,-0.008052,0.007791,-0.064096,2.2000000000001185e-05,0.0003579999999999998,3.999999999999837e-05
1685,-0.0029100000000000003,0.008088,-0.062777,0.0001500000000000004,0.00027900000000000147,-8.900000000000574e-05
134,0.003891,-0.001988,-0.072362,0.00010099999999999996,-4.59999999999996e-05,-0.0001870000000000066
612,-0.013865,0.011862,-0.066273,4.000000000000184e-05,-2.8000000000000247e-05,1.8000000000004124e-05
816,-0.002229,0.003664,-0.07411,-1.9000000000000353e-05,0.00015700000000000002,-0.00026900000000000535
2108,-0.009026999999999999,0.008779,-0.063094,1.0999999999998858e-05,0.00011199999999999925,0.00015999999999999348
996,-0.008852,0.011696999999999999,-0.068169,-7.000000000000062e-05,-4.999999999999796e-05,-3.100000000000325e-05
140,0.013196999999999999,0.011878,-0.071677,-0.00013299999999999944,0.00012800000000000138,-0.00028200000000000447
435,0.0064340000000000005,-0.004067,-0.061975,0.0001579999999999993,0.0002390000000000005,-3.999999999999837e-05
1445,0.004286,0.008971,-0.066206,-1.600000000000039e-05,6.700000000000109e-05,-1.1999999999998123e-05
137,0.005108,0.009284,-0.070203,5.200000000000083e-05,8.999999999998592e-06,-0.00019900000000000473
1333,-0.000843,0.003108,-0.064394,-1.99999999999994e-06,0.00019300000000000003,-6.899999999998574e-05
696,0.012019,-0.010554000000000001,-0.071387,9.60000000000006e-05,7.400000000000115e-05,-5.7999999999988616e-05
1230,-0.007859,-0.010499000000000001,-0.070002,6.599999999999922e-05,0.000198000000000002,0.00013299999999999423
700,0.011932,-0.009904999999999999,-0.064482,8.199999999999874e-05,6.499999999999909e-05,5.6000000000000494e-05
1582,-0.014734,-0.007705,-0.077517,-0.00016900000000000075,0.0003180000000000006,0.0002449999999999952
247,-0.014164999999999999,-0.005237,-0.066569,-0.00011800000000000005,1.299999999999999e-05,0.0001950000000000146
192,-0.008801,-0.006404,-0.07001900000000001,9.49999999999996e-05,0.0001380000000000001,-4.399999999998849e-05
629,0.0076500000000000005,-0.005014,-0.072635,9.49999999999996e-05,-5.4999999999999494e-05,-5.4999999999999494e-05
2058,-0.009514,0.003598,-0.076467,-1.2999999999999123e-05,-2.3000000000000017e-05,2.3999999999996247e-05
1851,0.006728,0.002604,-0.073113,-2.7000000000000114e-05,8.000000000000194e-06,-0.0002990000000000076
684,-0.011263,-0.004788000000000001,-0.070837,-8.699999999999854e-05,-6.299999999999969e-05,-0.0001250000000000001
1519,-0.011687,-0.004730000000000001,-0.075147,-5.10000000000007e-05,-8.69999999999994e-05,-4.899999999999349e-05
1517,-0.007322,-0.004203,-0.069931,2.2999999999999583e-05,6.700000000000022e-05,1.9999999999992246e-05
1024,-0.010607,0.001204,-0.066078,0.00011000000000000072,-0.00011099999999999999,-5.400000000001237e-05
1029,0.01132,0.005001,-0.062969,-5.7999999999999025e-05,1.1999999999999858e-05,-0.00011700000000000599
313,-0.013137000000000001,0.007924,-0.067745,-5.299999999999923e-05,-9.800000000000086e-05,4.000000000004e-06
262,0.01157,-0.01059,-0.06754900000000001,0.0001389999999999985,0.0001370000000000017,-1.1999999999998123e-05
223,0.0091,-0.002127,-0.067888,0.00010199999999999966,7.700000000000025e-05,-3.399999999999237e-05
425,-0.013758,-0.002996,-0.077565,-9.10000000000008e-05,0.00015400000000000006,-0.0002570000000000072
545,0.0053159999999999995,0.009443,-0.073426,4.60000000000009e-05,1.2999999999999123e-05,-0.00024299999999999322
827,-0.009746000000000001,0.003883,-0.066032,-5.7999999999999025e-05,0.00011200000000000012,-6.70000000000115e-05
135,-0.002128,0.003414,-0.060335,-9.999999999999593e-06,0.00023400000000000027,-7.599999999999968e-05
1941,0.01499,0.008626,-0.073686,-0.00016800000000000148,0.00015899999999999942,-0.00013900000000000023
99,0.013406000000000001,0.006324,-0.069903,-0.00014500000000000277,0.0001429999999999999,-3.0000000000002247e-05
1152,-0.002856,0.002483,-0.069134,-1.4999999999999823e-05,5.799999999999989e-05,-0.00016399999999999748
1350,-0.007987,0.009215,-0.07534199999999999,-0.00013000000000000164,3.300000000000004e-05,6.999999999993123e-06
8,-0.007469,-0.003539,-0.074817,-8.899999999999967e-05,5.1000000000000264e-05,-5.3999999999998494e-05
116,0.005868,-0.008849000000000001,-0.06745,-2.0000000000002655e-06,0.00012000000000000205,8.999999999995123e-06
149,-0.005856,0.007803,-0.061022,8.000000000000194e-06,0.0003660000000000009,-0.00020199999999999385
1405,-0.006804999999999999,-0.007449,-0.067901,0.0001929999999999996,0.0002299999999999993,-0.00012199999999999711
1000,-0.01088,-0.007658000000000001,-0.072217,1.1000000000000593e-05,-9.999999999992654e-07,6.90000000000135e-05
1930,-0.01075,-0.003716,-0.062411,2.0000000000002655e-06,0.00015200000000000023,-9.50000000000048e-05
79,0.002333,0.001004,-0.06668600000000001,1.600000000000039e-05,0.00011400000000000017,-8.799999999999086e-05
47,-0.009604,0.0070810000000000005,-0.07199599999999999,2.000000000000092e-05,9.19999999999992e-05,-2.8000000000014125e-05
249,0.011409,-0.0076879999999999995,-0.068496,6.499999999999909e-05,0.00016599999999999948,-4.300000000000137e-05
1210,-0.0012490000000000001,-0.006233,-0.067643,0.0002480000000000002,0.00023399999999999983,-0.0001850000000000046
1970,-0.012731999999999999,-0.010772,-0.073197,0.00011699999999999905,0.00011099999999999999,0.00020499999999999685
661,0.010456,-0.00497,-0.068758,3.500000000000031e-05,2.9999999999998778e-05,-3.400000000000625e-05
20,0.005554,0.000873,-0.066625,-3.199999999999991e-05,3.900000000000008e-05,-6.199999999999262e-05
188,-0.009151,0.00377,-0.065712,-3.200000000000078e-05,0.00016699999999999961,-9.000000000000674e-05
819,-0.015672000000000002,-0.003485,-0.073283,-2.6999999999999247e-05,8.799999999999997e-05,7.200000000000262e-05
1001,-0.004114,0.011983,-0.065708,-2.2999999999999583e-05,0.00018699999999999967,-0.0001290000000000041
1375,-0.005885,0.004228,-0.065013,1.0999999999999725e-05,0.00023199999999999957,-4.099999999999937e-05
503,-0.005453,0.0049640000000000005,-0.071889,5.400000000000023e-05,0.00010499999999999919,-4.500000000000337e-05
265,0.01514,-0.00157,-0.068978,-5.10000000000007e-05,0.00017299999999999998,-5.8000000000002494e-05
1224,0.002148,-0.008805,-0.072548,1.0999999999999725e-05,0.00010600000000000019,0.0
28,-0.005838,0.011330999999999999,-0.066869,-5.999999999999929e-06,0.0002720000000000014,-2.2000000000008124e-05
1968,-0.011419,-0.0035670000000000003,-0.067971,-0.00017,0.00017800000000000064,-6.999999999998674e-05
215,-0.001883,0.010983,-0.075029,7.999999999999978e-06,0.00012900000000000064,-0.00012199999999999711
299,0.015338,0.004129,-0.06850400000000001,-0.0001349999999999997,2.999999999999531e-06,8.800000000001862e-05
255,-0.007574,-0.009573,-0.070655,7.099999999999988e-05,0.00014400000000000003,0.00014100000000000223
1953,-0.007268,-0.002231,-0.07259,-0.0001559999999999999,-5.00000000000023e-06,-0.0001280000000000031
1926,0.009304,-0.012557,-0.06602200000000001,4.0000000000000105e-05,0.00017299999999999954,-6.199999999999262e-05
951,0.010762,-0.005900000000000001,-0.063761,0.00017900000000000034,0.00024100000000000076,3.400000000000625e-05
208,-0.014002,-0.002801,-0.07113,-8.299999999999974e-05,-6.0999999999999856e-05,-4.300000000000137e-05
1955,0.003093,-0.000412,-0.076553,0.00013900000000000023,-9.800000000000005e-05,-0.000124000000000013
1031,-0.01039,0.00246,-0.06171,5.999999999999062e-06,0.0002959999999999998,-3.700000000000231e-05
432,0.0006680000000000001,-0.012247,-0.069342,5.599999999999984e-05,8.3999999999999e-05,0.0001290000000000041
2131,0.014138999999999999,0.005466,-0.063829,4.60000000000009e-05,7.599999999999968e-05,-0.0001759999999999956
1536,0.013210000000000001,-0.001247,-0.074431,4.89999999999987e-05,0.0,5.7000000000001494e-05
320,0.013439999999999999,-0.002009,-0.06853000000000001,-4.999999999999796e-05,8.299999999999996e-05,-2.999999999998837e-05
1524,-0.008632999999999998,-0.0089,-0.072348,9.699999999999813e-05,3.799999999999984e-05,0.00011199999999998711
1470,0.015137000000000001,-0.010955,-0.06909699999999999,-3.900000000000084e-05,6.399999999999982e-05,-6.60000000000105e-05
272,0.013205,0.007338,-0.070885,-0.0001799999999999996,0.00016099999999999969,-4.899999999999349e-05
1005,0.012984,-0.012273999999999998,-0.06607299999999999,0.00011999999999999858,0.0002659999999999989,4.199999999998649e-05
33,0.010236,0.0029500000000000004,-0.07460699999999999,-5.500000000000123e-05,-0.00018700000000000053,-0.0002470000000000111
1242,-0.004286,0.003058,-0.066323,7.499999999999955e-05,0.0002440000000000003,-0.00011899999999999411
32,0.006791,0.004222,-0.069537,-0.00010300000000000066,-2.599999999999998e-05,-0.00011099999999999999
1202,0.006337,-0.010914,-0.073583,-2.8999999999999512e-05,5.599999999999876e-05,-4.600000000000437e-05
1525,-0.001341,0.006054,-0.061969,-4.2000000000000154e-05,0.0002599999999999998,4.100000000000631e-05
37,0.008237999999999999,0.009327,-0.068508,-0.00018299999999999914,8.900000000000054e-05,-0.00019800000000000373
1147,-0.006413,0.000603,-0.071578,3.1000000000000645e-05,-3.10000000000001e-05,-0.0001310000000000061
203,0.000152,0.0011240000000000002,-0.06561499999999999,1.9e-05,9.699999999999986e-05,-0.00011099999999999999
45,0.002868,0.005489,-0.063248,-0.0001380000000000001,0.00011800000000000005,6.0000000000060005e-06
211,0.014924,-0.00865,-0.069663,-3.300000000000004e-05,6.0999999999998555e-05,-0.0001300000000000051
1957,-0.011693,0.008319,-0.065199,-9.000000000000327e-06,-4.39999999999989e-05,2.799999999998637e-05
1229,0.01507,0.012003999999999999,-0.071816,-0.0001810000000000006,3.7000000000000574e-05,-4.500000000000337e-05
63,0.000975,-0.008285,-0.069373,6.999999999999997e-05,7.099999999999988e-05,7.000000000007001e-06
268,0.00276,-0.003594,-0.07059099999999999,-8.000000000000194e-06,-1.1999999999999858e-05,-0.00017900000000001248
15,-0.00046300000000000003,0.00905,-0.07384399999999999,0.000125,0.00012699999999999864,-0.00014500000000000624
233,-0.014247999999999999,-0.0056890000000000005,-0.06970399999999999,-0.00012400000000000085,5.6000000000000494e-05,1.5000000000001124e-05
655,-0.01021,-0.0030870000000000003,-0.073233,-0.0001250000000000001,-4.59999999999996e-05,-9.299999999998199e-05
1220,0.008123,-0.012702999999999999,-0.0676,8.700000000000027e-05,0.00020899999999999912,-4.600000000000437e-05
201,0.006638,-0.006631000000000001,-0.06917100000000001,1.700000000000052e-05,-2.3999999999999716e-05,-2.799999999998637e-05
118,-0.0026739999999999997,-0.0064589999999999995,-0.069835,9.49999999999996e-05,0.0002379999999999995,-7.700000000000762e-05
1273,-0.005644,-0.004665,-0.068578,0.00010599999999999932,0.00021299999999999965,9.400000000001074e-05
1056,0.012125,-0.00886,-0.073435,2.6999999999999247e-05,8.5e-05,-9.699999999999986e-05
1238,0.002336,0.002063,-0.067898,-0.00010099999999999996,3.799999999999984e-05,-7.600000000000662e-05
152,0.008795,-0.00902,-0.068022,8.79999999999978e-05,0.0001860000000000004,1.9000000000005124e-05
820,0.0018759999999999998,-0.000569,-0.073474,2.7000000000000114e-05,5.000000000000013e-06,-0.00020900000000001473
240,-0.006186,0.009767,-0.069479,-4.999999999999796e-06,0.0002009999999999998,-9.900000000000186e-05
21,-0.003721,0.010549,-0.073377,6.199999999999999e-05,4.1000000000001105e-05,-0.0001890000000000086
101,0.012946999999999998,-0.0029660000000000003,-0.067485,9.000000000000327e-06,5.8000000000000326e-05,-0.00011999999999999511
25,-0.007541,0.008336999999999999,-0.074886,-6.300000000000056e-05,-1.799999999999892e-05,-5.6000000000000494e-05
3,-0.005455,-0.0009350000000000001,-0.071127,-7.400000000000028e-05,-1.4999999999999931e-05,-0.00011800000000000699
1,-0.000537,-0.000497,-0.071362,-6.499999999999995e-05,-1.8000000000000004e-05,-0.00016700000000000048
1688,0.012287000000000001,0.006216,-0.06800700000000001,-0.0001320000000000019,0.00017099999999999928,-0.00020799999999998597
56,-0.005734,0.006692,-0.074196,-1.4999999999999389e-05,-4.900000000000043e-05,-0.00014700000000000824
1947,0.003148,-0.010304,-0.070412,4.199999999999994e-05,-9.200000000000007e-05,-5.099999999999549e-05
433,-0.006868,0.011699,-0.066346,-5.999999999999929e-06,0.00018500000000000114,-2.799999999998637e-05
263,0.015332,-0.0074329999999999995,-0.07334099999999999,0.00013800000000000097,0.0001319999999999993,-0.00010999999999999899
1340,0.014037,0.003748,-0.06808199999999999,-0.00012100000000000131,5.000000000000013e-05,3.199999999999037e-05
2009,0.01233,0.010948000000000001,-0.073628,1.2999999999999123e-05,-7.000000000000062e-06,-0.00019399999999999973
1550,-0.013198,0.001869,-0.078263,-6.100000000000029e-05,-3.000000000000008e-05,8.400000000000074e-05
1565,-0.004391,0.004174000000000001,-0.06640900000000001,-2.0000000000000052e-05,0.0002139999999999989,-0.00013299999999999423
1950,0.005106,0.010487,-0.067288,0.00012299999999999985,0.00014899999999999983,-0.00026900000000000535
381,-0.0031520000000000003,-0.010681,-0.071865,-9.39999999999999e-05,0.00010099999999999866,4.500000000000337e-05
2051,-0.013708999999999999,-0.005876999999999999,-0.07451,-3.900000000000084e-05,0.00015700000000000002,0.0001820000000000016
175,0.007541,-0.012010999999999999,-0.06922400000000001,2.0000000000002655e-06,0.00012200000000000058,-1.2999999999985246e-05
489,0.0024230000000000002,-0.005862,-0.064106,1.0999999999999725e-05,0.0001479999999999997,-3.400000000000625e-05
42,0.0031,0.004681,-0.068545,-9.39999999999999e-05,5.400000000000023e-05,-9.200000000000874e-05
825,-0.014585,-0.00898,-0.071205,-9.49999999999996e-05,3.5999999999999574e-05,0.00018899999999999473
196,0.0033450000000000003,0.011867,-0.07136400000000001,7.899999999999964e-05,6.399999999999809e-05,-0.00012099999999998223
185,-0.013747,0.008692,-0.0696,2.6999999999999247e-05,-0.00011800000000000005,6.199999999999262e-05
58,0.015853,0.001325,-0.071738,-3.500000000000031e-05,0.000116,-6.899999999999962e-05
146,-0.001464,-0.011239,-0.068444,0.00010999999999999985,0.00019199999999999946,0.00010999999999999899
438,0.009769,-0.011715,-0.06775400000000001,3.400000000000104e-05,0.00020300000000000006,-5.1999999999982616e-05
194,0.0046429999999999996,0.004758,-0.064786,-0.00011399999999999952,0.00013900000000000023,-5.7000000000001494e-05
191,0.004794,-0.002642,-0.06894199999999999,1.5000000000000256e-05,2.400000000000015e-05,-0.00015100000000001224
821,-0.003754,-0.0041470000000000005,-0.065547,0.00010399999999999993,0.00029100000000000046,-0.00011800000000000699
157,0.012782,0.010086,-0.07232599999999999,-0.00012099999999999958,0.00011200000000000099,-6.80000000000125e-05
1307,0.016277999999999997,-0.0053479999999999995,-0.064681,8.99999999999998e-05,0.00016399999999999922,-2.2999999999995246e-05
603,0.010338,-0.012164999999999999,-0.07101600000000001,-2.1000000000000185e-05,0.0001389999999999985,-0.00013399999999999523
520,-0.0008399999999999999,-0.002857,-0.071315,-1.9000000000000028e-05,-1.7000000000000088e-05,-0.0002510000000000012
389,0.011814,-0.00413,-0.070088,-1.3999999999998389e-05,6.799999999999948e-05,7.199999999998874e-05
1513,-0.005106,0.00281,-0.069273,2.8000000000000247e-05,0.00014400000000000003,-8.199999999999874e-05
1293,-0.00525,-0.0077670000000000005,-0.065066,0.00016899999999999988,0.00032800000000000017,-6.60000000000105e-05
1724,-0.01271,-0.006964000000000001,-0.067083,2.5000000000000716e-05,3.199999999999991e-05,0.00011500000000000399
250,0.009926,-0.006367,-0.067255,9.099999999999907e-05,0.0001760000000000008,-2.1000000000007124e-05
306,0.016739999999999998,-0.0012729999999999998,-0.067843,-1.6999999999999654e-05,0.00017199999999999984,-5.9000000000003494e-05
1296,-0.005029,0.003698,-0.07341400000000001,7.699999999999981e-05,3.4000000000000176e-05,-0.00015999999999999348
104,-0.00775,0.012213,-0.069863,2.2000000000000318e-05,-5.199999999999996e-05,-8.800000000000474e-05
2,5.7e-05,0.001203,-0.071619,-4.2000000000000004e-05,7.299999999999993e-05,-0.00014000000000000123
1529,0.009057,0.007457,-0.06587900000000001,-0.00017500000000000154,0.00021000000000000012,-0.00016700000000000048
1537,-0.01435,0.005258,-0.075139,-3.400000000000104e-05,-9.900000000000013e-05,8.900000000000574e-05
269,0.010532999999999999,0.007906,-0.067184,-0.0002189999999999987,0.0001749999999999998,-0.00016400000000001136
113,-0.0064589999999999995,0.004359,-0.072908,0.00016699999999999961,2.2999999999999583e-05,-6.30000000000075e-05
392,-0.012365000000000001,-0.007719999999999999,-0.070628,-3.099999999999978e-05,8.299999999999974e-05,0.0001229999999999981
54,-0.014016,-0.003871,-0.074744,-0.00013599999999999897,-5.000000000000013e-05,-3.599999999999437e-05
384,-0.004202,0.0019219999999999999,-0.072238,9.900000000000013e-05,6.900000000000027e-05,-9.600000000001274e-05
839,-0.012368,0.001251,-0.063724,-4.799999999999943e-05,0.00013499999999999992,4.099999999999937e-05
72,0.004598,-0.0023279999999999998,-0.074281,0.00012700000000000038,-5.3000000000000096e-05,-9.200000000000874e-05
270,0.008906,-0.011419,-0.070123,5.599999999999876e-05,0.00020500000000000032,-0.00010299999999999199
398,0.008489,-0.0012900000000000001,-0.071139,-0.00010199999999999966,-5.999999999999929e-06,-0.0001950000000000146
486,0.013810000000000001,0.0031179999999999997,-0.068657,-0.0002030000000000018,4.700000000000017e-05,-2.1000000000007124e-05
476,0.016257,0.0037679999999999996,-0.072514,-7.500000000000215e-05,0.00015500000000000062,-8.500000000000174e-05
564,0.009587,-0.004214000000000001,-0.06400499999999999,0.00010800000000000046,0.0001730000000000004,1.9999999999881224e-06
234,-0.0024460000000000003,0.009404,-0.069552,7.700000000000025e-05,0.0001310000000000009,-0.00021899999999999697
908,0.008144,0.004524,-0.068596,-0.00015300000000000036,5.3000000000000096e-05,-5.7999999999988616e-05
73,0.006826,0.011401999999999999,-0.070465,-2.599999999999998e-05,9.000000000000154e-05,-0.0001779999999999976
1613,0.003608,0.0073479999999999995,-0.070377,6.499999999999995e-05,-4.89999999999987e-05,-0.00011600000000000499
36,-0.004978,0.012097,-0.06831699999999999,2.7000000000000114e-05,3.300000000000004e-05,-0.000123000000000012
184,-0.00852,0.005774,-0.06590399999999999,5.999999999999929e-05,0.00019700000000000013,-3.700000000000925e-05
102,-0.009186,0.009278999999999999,-0.063877,-9.000000000000327e-06,0.00020300000000000006,9.599999999999886e-05
400,0.0046440000000000006,0.0007099999999999999,-0.065233,1.9999999999999185e-05,0.00012200000000000004,-4.500000000000337e-05
150,0.015943,0.009275,-0.068194,-1.7999999999997185e-05,0.00026299999999999935,-5.099999999999549e-05
858,-0.0011020000000000001,-0.00809,-0.07096899999999999,-4.699999999999995e-05,4.2999999999999636e-05,-0.000127000000000016
226,-0.00040300000000000004,0.001917,-0.065569,-3.2999999999999935e-05,7.299999999999993e-05,-0.00013499999999999623
617,-0.002518,0.006155,-0.070615,-1.1999999999999858e-05,6.800000000000035e-05,-0.0002390000000000031
248,-0.014023999999999998,0.006404,-0.07060599999999999,-0.00012300000000000158,-0.00012199999999999971,9.599999999998499e-05
1845,-0.003944,-0.000623,-0.064414,-7.900000000000008e-05,0.00017499999999999997,-6.20000000000065e-05
171,-0.001289,0.007678,-0.073666,0.00024400000000000008,5.9000000000000025e-05,-0.00011600000000000499
302,0.004822,-0.005299000000000001,-0.06659000000000001,8.700000000000027e-05,0.00012000000000000031,-8.199999999998486e-05
456,-0.007091,0.009534,-0.062382,0.00011399999999999952,0.00024399999999999943,-0.00017999999999999267
554,0.005973,-4.4e-05,-0.071837,-8.700000000000027e-05,-2.9999999999999997e-05,-9.499999999999786e-05
917,0.01137,0.002779,-0.07131699999999999,-0.00016400000000000095,3.500000000000031e-05,-0.00011400000000000299
869,-0.0025150000000000003,0.003791,-0.06883199999999999,-0.00010800000000000002,8.99999999999998e-05,-0.00011200000000001487
74,0.005005,-0.000825,-0.065363,-4.6000000000000034e-05,5.8e-05,-2.2999999999995246e-05
439,-0.01472,-0.010692,-0.07276099999999999,-2.2000000000001185e-05,8.000000000000021e-05,0.0002349999999999991
812,0.011066000000000001,0.007029,-0.07198,1.3999999999998389e-05,4.700000000000017e-05,-0.00014999999999999736
399,0.008738,0.012089,-0.067001,4.4000000000000636e-05,9.099999999999907e-05,-0.00014099999999998836
130,0.011378000000000001,0.0031829999999999996,-0.066033,-0.00019000000000000093,0.00016300000000000038,0.00014199999999998936
111,-0.011263,-0.000447,-0.06616,-2.8999999999999512e-05,0.000132,8.700000000000374e-05
44,-0.011616,-0.008472,-0.07232599999999999,2.3999999999999716e-05,-2.000000000000092e-05,6.999999999998674e-05
519,-0.0044989999999999995,0.00807,-0.06855800000000001,1.7999999999999787e-05,0.00028299999999999853,-0.00014099999999998836
537,-0.010008,0.009976,-0.064976,-3.900000000000084e-05,-6.699999999999935e-05,6.30000000000075e-05
1245,0.004360999999999999,0.006625,-0.07474299999999999,3.0000000000000512e-05,6.200000000000042e-05,-0.00017600000000000948
843,0.009295999999999999,-0.010009,-0.068537,0.0001510000000000001,0.00021900000000000218,-6.599999999999662e-05
437,-0.00692,-0.005562999999999999,-0.07049,0.0001010000000000004,0.000194999999999999,2.000000000002e-06
318,0.011325,0.001588,-0.06589400000000001,-0.00011000000000000072,0.00013199999999999996,-3.899999999999737e-05
143,-0.002996,0.010484,-0.06824899999999999,0.00011200000000000012,0.00016299999999999995,-0.00021200000000000385
1890,0.000703,0.007271,-0.067017,-0.00014199999999999987,2.900000000000038e-05,-0.00011600000000000499
212,-0.008901999999999998,0.0070220000000000005,-0.071389,-1.600000000000039e-05,0.00012599999999999938,1.9999999999881224e-06
912,0.012376,-0.003816,-0.06467,9.70000000000016e-05,9.500000000000003e-05,2.0000000000006124e-05
51,-0.007297,0.005514,-0.070924,0.0,-1.4000000000000123e-05,-8.199999999999874e-05
160,0.012635,0.005167,-0.069783,-0.00013200000000000017,0.00015500000000000062,-9.600000000001274e-05
71,0.0046429999999999996,0.0019450000000000001,-0.070103,-5.099999999999983e-05,-2.0000000000000052e-05,-0.00011500000000000399
53,0.003685,0.008846999999999999,-0.06968200000000001,1.5000000000000256e-05,-3.299999999999831e-05,-0.0001679999999999876
57,0.001349,0.003512,-0.066939,-7.200000000000002e-05,7.200000000000002e-05,-0.00011500000000000399
1855,-0.002235,0.00294,-0.067327,1.0000000000001327e-06,0.00023900000000000006,-0.0001229999999999981
48,0.001285,0.005065,-0.067642,-0.00014399999999999981,5.500000000000036e-05,3.0000000000002247e-05
151,-0.001555,0.008641999999999999,-0.068011,-3.300000000000004e-05,3.0000000000002247e-05,-0.0002469999999999972
1211,0.00013700000000000002,-0.0011870000000000001,-0.06631999999999999,-7.0000000000000075e-06,0.00015400000000000027,-0.00011100000000001387
1594,-0.001535,-0.0022919999999999998,-0.06650400000000001,4.9e-05,0.00020299999999999962,-6.399999999999462e-05
106,-0.002415,0.009246,-0.066243,6.599999999999965e-05,8.3999999999999e-05,-0.00016600000000001336
123,0.003727,-0.008648,-0.068705,6.499999999999995e-05,7.300000000000015e-05,-6.0000000000004494e-05
77,-0.003054,0.007918,-0.06840600000000001,-5.1000000000000264e-05,6.500000000000082e-05,-0.00025399999999999034
807,0.0023380000000000002,0.006671,-0.07023099999999999,-2.8000000000000247e-05,-1.899999999999992e-05,-7.900000000000962e-05
180,-0.004229,0.009053,-0.064209,4.0000000000000105e-05,0.00015399999999999962,-0.00011799999999999311
1298,-0.010133,-0.002837,-0.064731,0.00010499999999999919,0.0002890000000000002,0.00014200000000000323
92,0.001083,-0.00031800000000000003,-0.065857,5.800000000000011e-05,0.00010000000000000005,-3.400000000000625e-05
1857,-0.0007149999999999999,0.008558999999999999,-0.06676,-1.9000000000000028e-05,5.000000000001531e-06,-0.00027400000000001035
1225,0.017262,0.000804,-0.069232,2.9000000000001247e-05,4.5999999999999925e-05,1.5000000000001124e-05
229,-0.009442,0.000679,-0.065076,7.099999999999988e-05,0.00017900000000000001,-3.899999999999737e-05
1531,-0.011904,0.006371000000000001,-0.071483,-8.6000000000001e-05,-2.9000000000001247e-05,9.599999999999886e-05
1559,-0.003971,0.000331,-0.06684699999999999,2.999999999999531e-06,0.00024799999999999996,-9.800000000000086e-05
124,0.011896,-0.00819,-0.06918899999999999,8.400000000000074e-05,0.0001899999999999992,-3.2000000000018125e-05
281,-0.009448,0.003853,-0.06851900000000001,-3.300000000000004e-05,-5.9999999999999724e-05,-9.199999999999486e-05
836,-0.011061,-0.001188,-0.068798,-1.6999999999999654e-05,5.600000000000006e-05,-8.799999999999086e-05
97,0.01384,-0.001735,-0.067008,-2.6999999999999247e-05,0.00012299999999999985,-0.00014000000000000123
1572,0.001148,0.007816,-0.065805,-0.00016700000000000005,6.500000000000082e-05,-5.1999999999996493e-05
66,0.006617,-0.001287,-0.06983700000000001,3.899999999999997e-05,5.999999999999929e-06,-0.00020900000000000085
837,-0.005973,0.0037719999999999997,-0.071166,3.4000000000000176e-05,-9.999999999999593e-06,-4.200000000000037e-05
19,0.003157,-0.005424,-0.07227800000000001,1.899999999999992e-05,1.0000000000001327e-06,-0.0001699999999999896
1217,0.013913,0.0006590000000000001,-0.06714400000000001,-0.0001449999999999993,-8.300000000000017e-05,-2.499999999998337e-05
829,0.004814,-0.003926,-0.070086,4.49999999999999e-05,0.0,-0.00014799999999999536
287,-0.01119,0.0048319999999999995,-0.06779900000000001,0.0,-6.299999999999969e-05,2.6000000000012125e-05
982,-0.004963,-0.009321999999999999,-0.07118000000000001,-2.499999999999985e-05,0.00015299999999999862,2.3000000000009124e-05
817,0.000992,-0.001521,-0.06518,4.699999999999995e-05,0.00014600000000000008,-6.899999999999962e-05
393,-0.004764999999999999,0.006084,-0.06946200000000001,-7.800000000000081e-05,0.0002999999999999999,-0.00024599999999998234
1956,-0.009895,-0.004714,-0.068664,2.9999999999998778e-05,0.0001860000000000004,9.700000000001374e-05
1250,0.014709,0.010679000000000001,-0.06551399999999999,-0.00014199999999999977,0.0001489999999999981,-0.00010900000000001187
1864,0.015581,-0.000251,-0.069591,-7.699999999999894e-05,0.00014799999999999997,-0.0001900000000000096
353,0.013413999999999999,0.005125,-0.07187099999999999,-0.0001999999999999988,4.799999999999943e-05,-1.8000000000004124e-05
89,0.006055,-0.002384,-0.06548000000000001,2.600000000000085e-05,0.00012100000000000001,-8.499999999998786e-05
849,-0.0011870000000000001,0.005605000000000001,-0.06859699999999999,-9.39999999999999e-05,8.199999999999961e-05,-0.00023400000000001198
88,0.014364,0.0046040000000000005,-0.067108,-0.0001360000000000007,7.799999999999994e-05,-6.0000000000060005e-06
30,0.0041210000000000005,0.001224,-0.069701,-0.0001440000000000009,5.799999999999989e-05,-0.00014200000000000323
315,-0.012089,-0.000241,-0.067809,-0.00011099999999999825,-3.999999999999989e-06,-0.00012100000000000999
600,-0.005872,0.007673,-0.07023099999999999,-2.900000000000038e-05,0.00026700000000000074,-0.00015600000000001724
70,0.0016220000000000002,0.011654999999999999,-0.067508,6.899999999999983e-05,5.300000000000096e-05,-3.899999999999737e-05
219,-0.011918,0.0077480000000000005,-0.06956100000000001,7.999999999999327e-06,-9.500000000000133e-05,0.00010300000000001974
259,-0.0016,-0.012641999999999999,-0.068149,5.100000000000005e-05,4.1999999999998636e-05,3.300000000000525e-05
4,-0.001673,0.003949,-0.069165,-0.00010700000000000011,0.00010299999999999893,-0.00010599999999999499
405,-0.0007379999999999999,-0.001279,-0.063121,-3.6000000000000116e-05,0.00011999999999999988,-0.00011700000000000599
422,0.008757,0.0054269999999999995,-0.067928,-0.00027699999999999947,3.900000000000084e-05,-8.299999999999974e-05
993,0.017594000000000002,0.010145,-0.069882,-0.0002040000000000028,0.00011300000000000025,-1.7000000000003124e-05
112,0.007632,0.009167999999999999,-0.064431,2.600000000000085e-05,0.00014000000000000123,-0.00020199999999999385
38,-0.00094,0.009973000000000001,-0.065998,-1.99999999999994e-06,5.099999999999896e-05,-0.00016599999999999948
466,-0.010234,0.003264,-0.06593399999999999,-4.4000000000000636e-05,6.600000000000009e-05,-0.00012200000000001099
472,0.012698000000000001,0.003561,-0.066785,-0.0002210000000000007,1.800000000000022e-05,-4.000000000001225e-05
1267,0.015002000000000001,-0.0010940000000000001,-0.072462,-5.900000000000176e-05,8.000000000000021e-05,-6.0000000000060005e-06
165,0.016725999999999998,0.006954,-0.067568,-1.5999999999998654e-05,1.599999999999952e-05,-0.00010699999999999599
62,0.014008,0.002114,-0.068976,-0.00017700000000000007,0.00014899999999999983,-2.5999999999998247e-05
1101,0.004268,0.010775,-0.06998900000000001,3.799999999999984e-05,4.49999999999999e-05,-0.00010299999999999199
86,-0.007196,0.007243,-0.066651,7.099999999999988e-05,0.00018399999999999927,-8.700000000000374e-05
1911,-0.005069,0.000671,-0.07035899999999999,-4.4000000000000636e-05,0.00014000000000000004,-0.00026800000000000435
341,-0.013177,-0.003624,-0.069907,1.799999999999892e-05,-0.00011099999999999999,-5.200000000001037e-05
402,-0.004708,0.008683,-0.067705,4.49999999999999e-05,0.00030400000000000045,-9.599999999999886e-05
355,0.010154999999999999,-0.00198,-0.065214,4.4000000000000636e-05,0.00013100000000000004,7.799999999999474e-05
