Particle,x,y,z,Vx,Vy,Vz
23435,-0.003823,0.005896,-0.072813,0.0,0.0,0.0
21646,-0.003216,0.012723,-0.068402,0.0,0.0,0.0
17118,-0.00894,0.010045,-0.068225,0.0,0.0,0.0
23004,0.002988,-0.002019,-0.06247,0.0,0.0,0.0
21956,0.015744,0.009210000000000001,-0.071702,0.0,0.0,0.0
22921,0.004949,0.004906,-0.063082,0.0,0.0,0.0
23226,0.00202,-0.011393,-0.070159,0.0,0.0,0.0
16705,0.012792,-0.00657,-0.068638,0.0,0.0,0.0
22404,0.002656,-0.010137,-0.076696,0.0,0.0,0.0
21067,-0.006894,0.000612,-0.07177,0.0,0.0,0.0
23261,0.010261,-0.008038,-0.05916,0.0,0.0,0.0
22947,-0.013388,0.001967,-0.07717,0.0,0.0,0.0
23236,-0.0051210000000000006,-0.002109,-0.07538500000000001,0.0,0.0,0.0
22975,0.015855,-0.010005,-0.071182,0.0,0.0,0.0
21104,0.011749,-0.004726,-0.062655,0.0,0.0,0.0
23256,0.003832,0.012622999999999999,-0.072245,0.0,0.0,0.0
20080,0.005823,0.013151,-0.06710899999999999,0.0,0.0,0.0
23341,0.007044,-0.007402,-0.061078,0.0,0.0,0.0
22414,-0.010693,-0.0036669999999999997,-0.075705,0.0,0.0,0.0
22409,0.001242,0.012833,-0.063488,0.0,0.0,0.0
22667,-0.0017050000000000001,-0.005115000000000001,-0.072927,0.0,0.0,0.0
12971,-0.004627,0.013189,-0.066641,0.0,0.0,0.0
22949,0.003265,0.01289,-0.065111,0.0,0.0,0.0
23225,-0.011399,-0.009531000000000001,-0.062684,0.0,0.0,0.0
20167,0.01789,0.004102000000000001,-0.06862399999999999,0.0,0.0,0.0
20302,0.013229,0.010308999999999999,-0.06712,0.0,0.0,0.0
22954,0.006908,0.007428,-0.06407399999999999,0.0,0.0,0.0
23303,0.00066,-0.0065910000000000005,-0.061678,0.0,0.0,0.0
23327,0.009767,0.010422,-0.063904,0.0,0.0,0.0
21811,0.000516,0.013478,-0.062763,0.0,0.0,0.0
15439,0.002787,0.0034860000000000004,-0.074355,0.0,0.0,0.0
23222,-0.000794,-0.004684,-0.060198,0.0,0.0,0.0
19106,0.011045,0.009437,-0.069215,0.0,0.0,0.0
19490,-0.009526,0.009319000000000001,-0.06491200000000001,0.0,0.0,0.0
21422,-0.0043490000000000004,-0.009670999999999999,-0.061591,0.0,0.0,0.0
23325,-0.004753,-0.008622,-0.06559000000000001,0.0,0.0,0.0
20086,0.008985,-0.0024460000000000003,-0.076656,0.0,0.0,0.0
12062,0.001405,0.002149,-0.075197,0.0,0.0,0.0
19790,0.014109,-0.006036,-0.066631,0.0,0.0,0.0
23246,0.00514,-0.010305,-0.06869,0.0,0.0,0.0
22095,0.012115,-0.012603999999999999,-0.067176,0.0,0.0,0.0
20170,-0.014361,-0.004183,-0.066902,0.0,0.0,0.0
18826,-0.005522999999999999,0.010395,-0.072033,0.0,0.0,0.0
18101,-0.0060019999999999995,0.0128,-0.065199,0.0,0.0,0.0
18834,0.004058,-0.008019,-0.075067,0.0,0.0,0.0
22951,0.001557,0.012058,-0.07483,0.0,0.0,0.0
20677,-0.009487,0.009015,-0.067647,0.0,0.0,0.0
22957,0.00045400000000000003,-0.001807,-0.075651,0.0,0.0,0.0
23270,-0.00614,-0.003799,-0.075472,0.0,0.0,0.0
22929,-0.003005,0.009766,-0.065521,0.0,0.0,0.0
21115,-0.007136,0.013288,-0.067423,0.0,0.0,0.0
21754,-0.008609,-0.008659,-0.064461,0.0,0.0,0.0
21682,0.015446999999999999,0.004359,-0.071191,0.0,0.0,0.0
23043,0.002932,0.000323,-0.061661,0.0,0.0,0.0
18270,0.010602,0.01028,-0.074301,0.0,0.0,0.0
23273,0.000429,0.003711,-0.075652,0.0,0.0,0.0
23124,0.011814999999999999,-0.010759000000000001,-0.065683,0.0,0.0,0.0
23324,-0.007873999999999999,0.00319,-0.060322,0.0,0.0,0.0
23328,-0.0053289999999999995,-0.006574,-0.058253,0.0,0.0,0.0
23347,0.015092000000000001,-0.012555,-0.068669,0.0,0.0,0.0
22690,-0.0067859999999999995,-0.000499,-0.063975,0.0,0.0,0.0
23080,0.011032,-0.007337,-0.065459,0.0,0.0,0.0
23125,0.016111999999999998,-0.01292,-0.068511,0.0,0.0,0.0
23467,0.001668,-0.005798,-0.070613,0.0,0.0,0.0
18906,0.013454,-0.010803,-0.064189,0.0,0.0,0.0
22132,0.018228,-0.004736,-0.06792100000000001,0.0,0.0,0.0
19093,-0.004366,0.002716,-0.062902,0.0,0.0,0.0
9660,0.006054,0.004332,-0.071181,5.1999999999999096e-05,7.900000000000008e-05,-0.00010500000000000786
20715,-0.005058,-0.0034860000000000004,-0.068968,-8.000000000000194e-06,0.00023300000000000013,-0.00019399999999999973
17947,-0.00181,0.009038000000000001,-0.07029099999999999,-8.5e-05,0.00019899999999999952,-0.00023400000000001198
22937,-0.005703000000000001,-0.003449,-0.066952,8.100000000000034e-05,0.00016500000000000022,-7.000000000007001e-06
20790,0.004766,-0.008676,-0.067743,0.00031400000000000004,0.00022099999999999898,-0.00022300000000000098
23594,-0.014039,0.008291,-0.076784,-0.00012100000000000131,4.4000000000000636e-05,-7.100000000000162e-05
18110,-0.012946,-0.0035619999999999996,-0.069857,2.099999999999845e-05,5.999999999999495e-06,0.00016299999999999648
23718,0.015416000000000001,-0.009856,-0.074722,-6.0000000000001025e-05,-2.2999999999998716e-05,-4.000000000004e-06
23464,-0.003077,-0.0021509999999999997,-0.064151,1.899999999999992e-05,9.699999999999986e-05,0.00010100000000000386
15877,-0.010826,-0.006063,-0.068823,0.00011200000000000099,0.00015200000000000023,-5.7000000000001494e-05
21659,0.009460000000000001,0.01079,-0.071963,-0.0001380000000000027,-3.099999999999804e-05,-0.00017100000000000448
21661,-0.012955,0.012186,-0.072565,-5.400000000000023e-05,-2.300000000000045e-05,-7.799999999999474e-05
22778,0.005894,-0.0017430000000000002,-0.065543,2.799999999999938e-05,0.0003170000000000002,-0.00032000000000000084
18866,0.014301999999999999,-0.009667,-0.06775700000000001,0.00013400000000000044,-2.3999999999999716e-05,-0.00010299999999999199
20298,0.014444,0.000664,-0.06702,2.9000000000001247e-05,0.00019499999999999997,-7.600000000000662e-05
21697,-0.009382,0.004909,-0.06893600000000001,0.0001760000000000008,0.00011099999999999912,-0.00012199999999999711
21695,-0.014185,-0.008755,-0.072327,0.0001239999999999991,0.0001310000000000009,-9.400000000001074e-05
23078,0.013512,-0.0025369999999999998,-0.06364,6.100000000000029e-05,9.599999999999973e-05,2.000000000002e-06
23674,-0.013823,0.011706,-0.067964,-2.9999999999998778e-05,-1.799999999999892e-05,0.00019600000000000173
22338,-0.011448,0.009952,-0.069828,4.700000000000017e-05,9.000000000000327e-06,5.3999999999998494e-05
21964,0.002866,-5.9e-05,-0.06371399999999999,0.00015899999999999985,0.000218,5.999999999992123e-06
22974,-0.011170999999999999,0.004378,-0.066733,0.0002249999999999995,0.0002760000000000002,0.00013499999999999623
22029,-0.002513,0.0056619999999999995,-0.07548,-0.00012199999999999971,8.700000000000027e-05,-0.00025899999999999535
18753,0.010043,-0.003044,-0.07106,-8.199999999999874e-05,7.399999999999985e-05,-0.00013799999999999923
18433,0.000911,0.008263,-0.07232,-5.299999999999999e-05,0.00014600000000000203,-3.899999999999737e-05
23587,-0.007487,-0.001371,-0.060799,-3.800000000000071e-05,0.0002270000000000002,-0.00010000000000000286
22374,-0.008483000000000001,0.008311,-0.063206,-2.999999999999531e-06,0.00032199999999999764,8.900000000000574e-05
22719,-0.003362,-0.002453,-0.06481999999999999,-3.399999999999974e-05,0.00020499999999999945,-0.00022300000000001485
23604,0.015351,0.007906,-0.062869,6.600000000000009e-05,9.400000000000033e-05,2.1999999999994246e-05
23050,-0.001596,-0.010589000000000001,-0.063486,0.00013199999999999996,0.00017400000000000228,-0.00010299999999999199
23624,-0.013727,0.00622,-0.06997,3.299999999999831e-05,4.000000000000531e-06,4.800000000000637e-05
23000,0.000505,-0.010481,-0.061802,5.5000000000000036e-05,0.00019300000000000046,-0.00027999999999999553
23258,0.017265999999999997,0.002689,-0.066432,0.00011400000000000299,0.0001389999999999998,-3.0000000000002247e-05
21847,0.0016970000000000002,-0.012817,-0.065579,0.00026599999999999974,7.799999999999994e-05,-0.00025299999999998934
22673,0.014308999999999999,-0.001788,-0.064906,7.300000000000015e-05,0.00014800000000000013,7.40000000000185e-05
10413,0.0038020000000000003,0.009957,-0.071787,-5.400000000000023e-05,0.00014699999999999783,6.1000000000005494e-05
23365,0.011983,0.010285,-0.062021,6.000000000000796e-06,0.0002009999999999998,-0.00019700000000000273
23613,-0.004125,0.00973,-0.061329,-5.9000000000000025e-05,0.00028299999999999853,-0.00016700000000000048
22396,0.012134,0.004314,-0.063299,0.00022199999999999998,0.0002969999999999995,-5.4999999999999494e-05
23449,-0.016004,0.001296,-0.07611799999999999,-0.00010399999999999993,0.00010199999999999988,1.6999999999989246e-05
23432,0.00342,-0.004639,-0.06722700000000001,9.200000000000007e-05,0.00023800000000000036,-0.00025999999999998247
22916,0.007524,8.9e-05,-0.07590000000000001,-7.000000000000062e-05,4.600000000000001e-05,-0.00018999999999999573
23730,-0.005539,0.005351,-0.069471,0.00010999999999999899,0.00022099999999999984,-3.399999999999237e-05
23767,0.002557,-0.006136,-0.063936,0.00022199999999999998,0.0002149999999999999,-0.00019999999999999185
23554,-0.00046,0.002556,-0.06571500000000001,9.6e-05,0.0003449999999999998,-6.599999999999662e-05
21399,-0.006838,0.009884,-0.06859,6.0000000000001025e-05,0.00010899999999999972,-9.699999999999986e-05
23259,-0.008441,0.004223,-0.067523,8.5e-05,0.00022799999999999904,-2.000000000002e-06
23610,-0.001259,-0.000622,-0.07695199999999999,-5.5000000000000144e-05,3.6000000000000116e-05,-0.00018300000000001648
23638,0.009904,-0.004831,-0.061722,0.00013599999999999897,0.00015499999999999976,-0.00021700000000000191
23389,0.013430999999999998,0.001359,-0.064843,0.00026000000000000155,-1.5999999999999955e-05,-0.00019199999999999773
21658,0.016460000000000002,-0.006472,-0.072706,2.1999999999997716e-05,0.00010999999999999985,-0.00012999999999999123
23664,0.0044009999999999995,0.007716,-0.059366999999999996,0.00010299999999999979,0.00016899999999999988,-4.400000000000237e-05
23269,0.015054999999999999,0.011013,-0.06794499999999999,-4.799999999999943e-05,-0.00011800000000000005,5.4999999999985616e-05
21902,0.017525,-0.0073230000000000005,-0.07498600000000001,-6.300000000000056e-05,6.500000000000082e-05,-7.899999999998186e-05
22406,-0.014616,-0.0031320000000000002,-0.067209,-1.2999999999999123e-05,0.00017299999999999998,-8.899999999999186e-05
23498,-0.011977999999999999,0.012240000000000001,-0.07180500000000001,-8.000000000001062e-06,-6.199999999999956e-05,5.100000000000937e-05
22211,0.015389,-0.012346,-0.06533,0.00016599999999999948,0.0001549999999999989,7.100000000000162e-05
23056,-0.009091,0.005609,-0.073905,-1.0000000000001327e-05,5.1999999999999096e-05,6.899999999999962e-05
21691,0.001103,0.00746,-0.069946,9.400000000000012e-05,0.0002440000000000003,-0.00021500000000000685
22079,0.008595,0.003779,-0.074259,-5.300000000000096e-05,0.00017299999999999998,-0.0002510000000000012
22758,-0.00322,0.004995,-0.07217799999999999,-8.000000000000194e-06,0.0001529999999999995,-0.00019900000000000473
23016,-0.008403,-0.004205,-0.072318,5.900000000000176e-05,0.00016800000000000061,0.00010099999999998999
21714,-0.004056,0.002506,-0.06526900000000001,8.99999999999998e-05,0.00023000000000000017,0.00010999999999999899
23937,-0.006978,0.010583,-0.075022,-6.100000000000029e-05,0.0002009999999999998,-0.00016199999999999548
23233,0.00377,0.005004,-0.061055,0.00014199999999999977,0.0003290000000000003,6.0999999999998555e-05
21035,-0.009276,0.012872999999999999,-0.066111,8.099999999999948e-05,0.0001770000000000018,-0.00012999999999999123
22991,-0.0030870000000000003,-0.008881,-0.067834,0.00017200000000000028,0.0003110000000000005,-7.899999999999574e-05
22633,0.0011459999999999999,-0.005907,-0.063013,0.00019900000000000018,0.0002409999999999999,-0.00019399999999999973
19468,-0.001001,0.008403,-0.068995,-9.100000000000015e-05,0.00022599999999999877,-0.00019699999999998885
24022,-0.013746000000000001,0.012541,-0.06703100000000001,3.500000000000031e-05,1.2000000000001593e-05,5.900000000001737e-05
19820,-0.0067599999999999995,-0.005503,-0.069135,-0.00011000000000000072,0.00015800000000000015,0.00010600000000000886
23547,0.012671,0.009198,-0.064813,-8.700000000000027e-05,0.0001910000000000002,5.8000000000002494e-05
22682,0.0070469999999999994,-0.0025470000000000002,-0.075442,-7.399999999999941e-05,6.300000000000012e-05,-5.4999999999999494e-05
23800,-0.00577,0.00942,-0.068568,0.00011999999999999945,0.00011200000000000099,-9.599999999999886e-05
23660,-0.005933,7.4e-05,-0.074769,8.000000000000021e-05,0.000101,-7.100000000000162e-05
23874,-0.011662,-0.011253,-0.074365,-4.800000000000117e-05,7.300000000000188e-05,-9.299999999999586e-05
24146,0.014781,-0.012089,-0.073256,3.300000000000004e-05,6.0000000000001025e-05,1.6000000000002124e-05
23892,0.015602,0.004984,-0.063701,0.00010400000000000166,0.00020300000000000092,2.000000000002e-06
23943,0.011442,-0.00917,-0.075074,-0.00015600000000000162,0.0002199999999999997,0.0001340000000000091
9183,0.009136,0.007968,-0.069663,-3.200000000000078e-05,0.00014600000000000203,-0.00021099999999998897
22718,-0.007719,2.7e-05,-0.06623699999999999,8.400000000000074e-05,0.00019099999999999998,0.00014899999999999636
23235,-0.00268,0.000131,-0.072139,0.0001990000000000004,0.000166,3.9999999999901226e-06
23354,-0.009851,-0.007228,-0.062134999999999996,9.10000000000008e-05,0.0002379999999999995,-0.00016400000000000442
23845,0.006864,0.0061589999999999995,-0.06372699999999999,-8.000000000000194e-06,0.00020600000000000045,-4.000000000001225e-05
23534,-0.00863,-0.010624,-0.06944700000000001,9.70000000000016e-05,0.00029299999999999986,-0.00014000000000000123
22385,-0.001847,-0.008111,-0.063385,0.00013799999999999988,0.00021400000000000065,-3.0000000000002247e-05
21491,-0.003888,-0.000976,-0.065619,0.00017,0.00019499999999999997,0.00014599999999999336
22807,-0.012634000000000001,0.01046,-0.065058,8.800000000000127e-05,5.800000000000076e-05,-0.00015199999999998548
16490,-0.008949,0.011733,-0.066609,4.900000000000043e-05,0.0001799999999999996,-0.00014899999999999636
22415,-0.004887,0.013147,-0.061374000000000005,-4.200000000000037e-05,0.00020899999999999912,-3.9999999999970615e-06
21455,-0.00395,-0.002362,-0.062064,0.00014100000000000007,0.00013999999999999993,-0.00016700000000000048
23881,0.012369999999999999,0.009131,-0.061219,3.200000000000078e-05,0.00022799999999999904,0.00019299999999999873
16815,0.008126,0.007511,-0.06262,-6.100000000000029e-05,0.0001429999999999999,-0.00011200000000000099
24155,-0.002588,-0.0040620000000000005,-0.06916599999999999,-3.700000000000014e-05,0.0002570000000000003,0.00015899999999999248
23203,-0.005376000000000001,0.003919,-0.073285,6.300000000000056e-05,9.800000000000086e-05,-4.999999999999449e-05
19761,-0.0036379999999999997,0.010837999999999999,-0.06506,9.999999999999593e-06,0.00024000000000000063,-0.00015799999999999148
20112,-0.012257,0.001623,-0.06896200000000001,0.0002360000000000001,0.0001609999999999999,1.1000000000011001e-05
18515,0.015656,0.0057,-0.072488,-7.500000000000041e-05,0.0001319999999999993,-0.00010299999999999199
19417,0.005687,0.0010249999999999999,-0.07263299999999999,4.700000000000017e-05,0.000286,-0.000133000000000022
23351,0.014279,0.0038,-0.064885,0.00014300000000000077,0.00027300000000000024,-0.0001779999999999976
22748,0.001967,-0.008839,-0.075185,0.0001429999999999999,0.0002009999999999998,-9.800000000000086e-05
23964,-7.8e-05,-0.009577,-0.076315,9.4e-05,0.00012299999999999985,-0.00010500000000000786
23560,0.002166,0.010948000000000001,-0.061207,4.300000000000007e-05,0.00027299999999999894,-6.0000000000004494e-05
23890,-0.014828,0.004556,-0.069273,0.0,-5.200000000000083e-05,-0.00012199999999999711
23264,-0.0033580000000000003,-0.008062,-0.067751,0.0002040000000000002,0.00021799999999999944,-0.00016299999999999648
22324,0.009422,-0.002884,-0.06591,0.000168999999999999,0.00012399999999999998,-0.00032699999999999396
24100,0.004948,0.002132,-0.064408,0.00020699999999999972,0.0003439999999999997,-0.0003969999999999946
24055,0.0025,-0.011840999999999999,-0.059872999999999996,0.00012399999999999998,0.00015599999999999815,-0.00030400000000000565
22086,0.00529,-0.001262,-0.064656,7.399999999999941e-05,0.00021300000000000008,-0.0002829999999999916
20520,-0.003929,-0.0067859999999999995,-0.067378,0.0001330000000000003,0.00023899999999999963,-3.0000000000002247e-05
20737,-0.011785,0.006157,-0.064738,0.00017400000000000054,0.00016099999999999969,6.699999999999762e-05
23897,-0.008497,-0.009479,-0.069382,0.00017200000000000028,0.0002599999999999998,6.899999999999962e-05
23005,-0.0030310000000000003,0.001752,-0.060703,1.2000000000000292e-05,0.000245,-6.300000000000056e-05
23974,-0.008914,0.005051,-0.058331,3.500000000000031e-05,0.0003279999999999993,-9.20000000000018e-05
23064,-0.005732,0.007218,-0.06325800000000001,5.3000000000000096e-05,0.00025100000000000035,-5.1999999999996493e-05
23840,0.000704,-0.004039,-0.076179,9.000000000000002e-06,7.699999999999981e-05,7.600000000000662e-05
23598,-0.002315,0.009746000000000001,-0.060116,2.9999999999999645e-06,0.00016299999999999995,-2.9000000000001247e-05
23227,0.007258,-0.010304,-0.067115,0.00036500000000000074,0.00021300000000000138,7.599999999999274e-05
22367,-0.003997,0.0063,-0.077574,-0.00013100000000000004,2.499999999999985e-05,-0.0001759999999999956
23856,0.00065,-0.01109,-0.061943,8.200000000000004e-05,0.00014699999999999956,-0.00016800000000000148
23541,0.00273,0.011762,-0.07594100000000001,-0.00022299999999999967,7.799999999999994e-05,-0.00021799999999999597
23868,-0.003004,-0.0063159999999999996,-0.077557,-5.9999999999999724e-05,0.00012599999999999938,-3.200000000000425e-05
22680,0.015002000000000001,0.006889999999999999,-0.064113,8.99999999999998e-05,0.00015100000000000096,-4.000000000004e-06
22618,-0.0028020000000000002,0.004335,-0.073572,6.199999999999999e-05,0.00016199999999999982,-3.500000000000725e-05
23753,-0.011598,-0.0043490000000000004,-0.07525,2.400000000000145e-05,-2.8999999999999512e-05,-4.900000000000737e-05
23537,0.0025369999999999998,-0.003883,-0.075605,3.800000000000027e-05,0.0001870000000000001,-7.799999999999474e-05
23965,0.000116,-0.006562,-0.059749000000000003,0.000136,0.00021400000000000065,-0.0002349999999999991
23331,0.012464000000000001,0.005368,-0.076357,-0.00014300000000000077,0.00015199999999999936,-0.00015700000000000436
23999,-0.003391,0.01272,-0.065108,-0.00015499999999999976,0.0001860000000000004,9.800000000000086e-05
24025,0.008314,0.0035059999999999996,-0.056769,0.00014899999999999983,0.00023200000000000044,-9.699999999999986e-05
13081,0.006743000000000001,0.00958,-0.07519799999999999,-0.00013200000000000104,5.4999999999999494e-05,-0.0002010000000000206
24049,0.004216,0.007651,-0.073588,-0.00013599999999999984,6.899999999999962e-05,-4.799999999999249e-05
19960,-0.007632,0.01083,-0.067228,-6.200000000000042e-05,0.00019100000000000193,-0.00016800000000000148
23363,0.012133,0.00048699999999999997,-0.076939,-0.0001299999999999999,6.300000000000007e-05,-0.00016500000000001236
23775,0.013954000000000001,-0.005197,-0.065831,9.99999999999994e-05,6.600000000000009e-05,4.500000000000337e-05
24149,0.011434,0.009154,-0.069292,1.600000000000039e-05,0.00014899999999999983,2.5000000000011124e-05
23707,0.004458999999999999,-0.001591,-0.06412999999999999,0.0001230000000000007,0.00022600000000000007,-0.00020900000000000085
18897,-0.005575999999999999,0.012995,-0.06654600000000001,-4.30000000000005e-05,0.00022300000000000098,1.4000000000014001e-05
22920,-0.006036,-0.009487,-0.07048600000000001,9.49999999999996e-05,4.2999999999999636e-05,-1.0999999999997123e-05
24162,0.015559,0.008996,-0.065046,-0.0001010000000000004,0.00012299999999999985,-0.00025099999999998734
22744,-0.003039,0.009427,-0.07460599999999999,-0.00019300000000000003,0.00016200000000000069,-0.0001380000000000131
23822,0.000674,-0.012355,-0.066255,0.000298,0.00022199999999999998,-0.0003100000000000047
21034,-0.0018620000000000002,0.008225,-0.06286800000000001,7.90000000000003e-05,0.00022699999999999977,-6.599999999999662e-05
21041,-0.0075439999999999995,0.007414,-0.063969,-1.4000000000000123e-05,0.0002450000000000004,1.0999999999997123e-05
23850,-0.009151,0.002491,-0.069033,0.00012599999999999938,6.799999999999992e-05,5.7000000000001494e-05
23515,-0.0047480000000000005,0.006529,-0.0721,4.200000000000037e-05,0.00010899999999999972,-6.80000000000125e-05
23204,-0.00325,0.004089000000000001,-0.06804900000000001,0.00010300000000000023,0.0001429999999999999,7.70000000000215e-05
23623,0.004025,0.008303000000000001,-0.07558100000000001,-0.000219,2.099999999999845e-05,-0.00013499999999998236
22987,-0.008538,0.00075,-0.061141,-5.10000000000007e-05,0.0002769999999999999,0.00017400000000000054
16548,0.006365,-0.009134999999999999,-0.06760200000000001,0.0002890000000000002,0.00010599999999999846,-0.00020599999999999785
20188,-0.015229,-0.004465,-0.071533,1.9999999999999185e-05,0.00011400000000000039,-5.9000000000003494e-05
23262,-0.003179,0.009236000000000001,-0.06566200000000001,2.699999999999968e-05,0.0003569999999999997,3.800000000001025e-05
19438,-0.0036190000000000003,0.011305999999999998,-0.074386,-0.0001969999999999997,-1.3999999999998389e-05,-8.400000000000074e-05
23234,0.004386999999999999,-0.01124,-0.068417,0.00016400000000000095,7.799999999999994e-05,0.00017300000000000648
23232,-0.010019,0.004378999999999999,-0.075687,5.9000000000000025e-05,7.900000000000094e-05,-4.699999999999149e-05
23036,-0.008891999999999999,-0.009901,-0.062277,-1.700000000000139e-05,0.00027800000000000047,-0.00010399999999999993
19946,-0.013776,0.004429000000000001,-0.065905,9.000000000000327e-06,0.00025299999999999975,0.00018999999999999573
23869,0.007025,-0.006229,-0.07294400000000001,-4.2999999999999636e-05,2.8000000000000247e-05,-9.099999999999386e-05
23873,-0.008029,0.011486000000000001,-0.062479,4.799999999999943e-05,0.0002999999999999982,-9.70000000000068e-05
19436,0.012392,0.012466,-0.068419,-0.00018300000000000087,8.900000000000054e-05,-0.00017100000000000448
21952,0.002919,0.009247,-0.066473,4.999999999999796e-06,0.00028199999999999927,-1.2999999999999123e-05
23947,0.001899,-0.0124,-0.06972199999999999,0.0002949999999999997,0.0001520000000000011,-0.0004590000000000011
23954,-0.0039380000000000005,0.00834,-0.060689,-5.4999999999999494e-05,9.299999999999933e-05,-0.00024600000000000316
23980,-0.00095,-0.006211,-0.061928,0.00010100000000000007,8.80000000000004e-05,-0.00013800000000000617
23643,-0.008038,-0.0021309999999999996,-0.059925,8.799999999999954e-05,0.0001349999999999997,-0.00019900000000000473
23875,0.001778,-0.011515000000000001,-0.065065,3.8000000000000056e-05,8.6000000000001e-05,-0.0003050000000000136
21785,0.016612,-0.004732,-0.06636199999999999,9.10000000000008e-05,0.0001429999999999999,-6.40000000000085e-05
10129,0.0147,-0.004468,-0.07349299999999999,4.000000000000531e-06,9.19999999999992e-05,-0.00011200000000001487
23522,0.006822,-0.0007019999999999999,-0.065713,6.700000000000022e-05,0.00019999999999999998,-0.0002670000000000172
23535,-0.013035999999999999,0.006611,-0.06664700000000001,2.599999999999998e-05,0.00010700000000000032,5.000000000018878e-06
22703,-0.015867,0.005795,-0.07115600000000001,1.9999999999999185e-05,3.699999999999971e-05,3.300000000000525e-05
20784,-0.006902,0.011624,-0.075164,-7.599999999999968e-05,0.00020599999999999959,-0.00011600000000000499
23353,0.006628,-0.008348000000000001,-0.062959,1.599999999999952e-05,9.10000000000008e-05,-0.00020699999999999885
22729,0.014393000000000001,-0.009317,-0.064259,0.0001349999999999997,0.0001510000000000001,0.00011499999999999011
23862,-0.011611,-0.0006889999999999999,-0.075759,0.00011099999999999999,-1.4000000000000015e-05,-4.600000000000437e-05
24005,0.003494,-0.013139,-0.06502899999999999,0.0002409999999999999,0.0001920000000000012,-0.00016800000000001536
23861,-0.006275,0.012112,-0.067586,-3.699999999999971e-05,0.00019900000000000126,-6.60000000000105e-05
23902,-0.010458,0.012303000000000001,-0.063753,-9.99999999999994e-05,0.0003389999999999973,-6.599999999999662e-05
20264,-0.005757,-0.009698,-0.07375100000000001,5.799999999999989e-05,4.700000000000017e-05,-9.599999999998499e-05
22821,0.017038,-0.008815,-0.06618600000000001,2.5999999999998247e-05,6.899999999999962e-05,2.2000000000008124e-05
23898,0.010294000000000001,0.009648,-0.07683799999999999,-0.00016900000000000075,9.999999999999593e-06,-0.0002660000000000162
21090,-0.000186,0.0067670000000000004,-0.07262300000000001,-0.00011800000000000002,5.3000000000000096e-05,-0.00014999999999998348
21144,0.004925,-0.002912,-0.069711,0.00012600000000000024,0.00027599999999999977,-0.00021300000000000485
19851,0.004534,-0.006908,-0.07293999999999999,4.19999999999995e-05,5.9000000000000025e-05,-0.0001340000000000091
21996,0.006915,-0.008586,-0.06642,8.600000000000014e-05,-1.600000000000039e-05,4.900000000000737e-05
23925,0.011287,0.007869,-0.06698699999999999,-3.799999999999984e-05,0.00016600000000000122,-4.500000000000337e-05
9995,0.000333,0.003077,-0.07330500000000001,0.00010899999999999999,0.00015800000000000015,-8.899999999999186e-05
23583,-0.006791999999999999,0.000832,-0.063626,8.799999999999954e-05,0.00013900000000000002,0.00013799999999999923
23209,0.00298,0.008436,-0.06417199999999999,3.300000000000004e-05,0.00031400000000000004,-9.800000000000086e-05
23972,0.017351,-0.011474999999999999,-0.068021,0.00013300000000000464,5.199999999999823e-05,1.3999999999986246e-05
23661,0.011153,-0.012549,-0.060457000000000004,0.00022900000000000004,3.5999999999999574e-05,-0.00013399999999999523
23570,-0.007847,-0.011138,-0.067395,0.00011099999999999999,0.00014000000000000123,1.9999999999992246e-05
23692,-0.013061999999999999,-0.010833,-0.07464,2.599999999999998e-05,0.00014800000000000056,-0.00017200000000000548
23557,-0.007030000000000001,-0.0005759999999999999,-0.067223,0.00014700000000000043,0.00015299999999999992,0.00017300000000000648
22322,0.01105,-0.001407,-0.070277,0.0002299999999999993,0.00020700000000000015,-0.00014899999999999636
23548,0.001688,0.002442,-0.07089100000000001,3.99999999999988e-06,0.0002989999999999998,-0.00010199999999999099
21049,-0.009849,0.002161,-0.065813,0.00023300000000000057,0.00027599999999999977,-3.500000000000725e-05
23944,-0.013588,-0.012199999999999999,-0.07421,-0.00012700000000000038,0.0002939999999999991,1.000000000001e-06
23539,0.015309,-0.003997,-0.072647,3.799999999999984e-05,6.999999999999975e-05,-6.899999999998574e-05
10462,0.013237,0.0012490000000000001,-0.072478,3.8999999999999105e-05,9.700000000000008e-05,-0.00013599999999999723
23247,-0.012759,-0.000593,-0.07153,4.099999999999937e-05,0.000183,-2.8000000000014125e-05
24036,0.015321999999999999,0.012221,-0.071174,-8.3999999999999e-05,-9.000000000000327e-06,-0.0002440000000000081
17413,-0.010924,0.002868,-0.07178,0.0001349999999999997,1.1000000000000159e-05,0.0
22979,-0.000447,0.003875,-0.073711,7.700000000000003e-05,0.00015700000000000002,-0.00015500000000000236
23581,-0.012371,0.012628,-0.06498999999999999,5.699999999999976e-05,0.00013200000000000017,9.999999999871223e-07
23735,0.0035009999999999998,0.0066500000000000005,-0.066203,5.900000000000046e-05,0.0002379999999999995,-8.800000000000474e-05
20104,0.012372999999999999,0.0053,-0.06679500000000001,1.8000000000000654e-05,0.00023700000000000023,4.800000000000637e-05
23284,-0.001444,-0.012431,-0.06750700000000001,0.0001870000000000001,0.0001399999999999995,-0.00018499999999997685
23536,-0.00836,0.001766,-0.061468,3.799999999999984e-05,0.0002599999999999996,0.00011000000000000593
23224,0.004639,-0.012018000000000001,-0.06601699999999999,0.0001780000000000002,3.7000000000000574e-05,5.6000000000000494e-05
23884,0.011474999999999999,-0.006814,-0.065266,0.0002530000000000015,-5.900000000000089e-05,0.00010799999999999699
22634,-0.009703,0.007049000000000001,-0.066152,0.00010899999999999972,0.00012799999999999877,2.1000000000007124e-05
21032,0.006467,0.010166,-0.070853,-0.0001799999999999996,0.00015000000000000083,-0.00021899999999999697
24132,-0.006402,-0.010134,-0.06646200000000001,0.00015399999999999962,0.0001870000000000014,-0.00016399999999999748
21758,0.011793,0.01126,-0.073817,-9.799999999999913e-05,1.3000000000000858e-05,-0.00022200000000001385
22665,-0.014403000000000001,0.0025150000000000003,-0.073902,0.00010500000000000093,0.00011499999999999965,-4.899999999999349e-05
22922,0.001252,0.003019,-0.071009,7.799999999999994e-05,0.0003029999999999999,4.800000000000637e-05
22445,0.007455,0.005467,-0.0665,0.0001590000000000003,0.00028800000000000006,-4.500000000000337e-05
23826,0.002742,0.008154999999999999,-0.06497,4.9e-05,0.00027899999999999973,-0.00013599999999999723
22622,-0.001463,-0.0029089999999999997,-0.06361,0.00013500000000000014,0.0002919999999999997,-0.00010999999999999899
23532,-0.007171,0.0046040000000000005,-0.062067,-1.999999999999398e-06,0.00020300000000000006,-3.100000000000325e-05
23763,0.006004,0.002649,-0.073989,7.200000000000002e-05,-3.4999999999999875e-05,-0.00019600000000000173
23834,0.009301,-0.001767,-0.072992,-8.099999999999948e-05,4.299999999999985e-05,-9.599999999999886e-05
24002,0.015411,-0.010351,-0.067964,0.0001349999999999997,5.699999999999976e-05,4.999999999991123e-06
24143,-0.00637,0.002021,-0.066583,0.00011300000000000025,0.00016400000000000008,8.900000000000574e-05
21391,0.00329,0.00966,-0.071978,-8.099999999999991e-05,0.00010800000000000046,-0.00010999999999999899
22366,0.013493,-0.0024300000000000003,-0.074395,-4.799999999999943e-05,5.900000000000046e-05,-0.00011699999999999211
23863,-0.005311,0.008114000000000001,-0.0768,-0.00011599999999999978,0.00011899999999999931,-0.00021300000000001873
19099,0.014936999999999999,-0.008115,-0.07222100000000001,-6.199999999999956e-05,0.00012299999999999985,-4.599999999999049e-05
23843,-0.014465,0.008161,-0.0719,-3.199999999999904e-05,6.600000000000009e-05,-5.3999999999984616e-05
21172,0.010335,-0.003423,-0.06376,4.39999999999989e-05,6.699999999999979e-05,-0.00014999999999999736
23915,0.002812,-0.012522,-0.068115,0.00017100000000000014,0.00012200000000000058,-0.00027900000000001535
20788,-0.0027440000000000003,-0.00028599999999999996,-0.07485,6.600000000000052e-05,0.00017199999999999995,4.899999999999349e-05
22419,-0.001024,0.000503,-0.064974,1.5999999999999955e-05,0.00024300000000000005,-9.999999999871223e-07
23237,-0.007156,-0.005508,-0.068532,-5.199999999999996e-05,0.00015899999999999942,3.0000000000030003e-06
23879,0.008185000000000001,0.006965,-0.07173,-4.200000000000037e-05,0.00015800000000000015,-0.00015400000000000136
24018,-0.008503,0.008876,-0.074601,1.600000000000039e-05,8.299999999999974e-05,1.5000000000001124e-05
20838,-0.008732,0.006659,-0.07309399999999999,2.3999999999999716e-05,8.600000000000014e-05,-7.900000000000962e-05
23626,-0.001416,-0.004053,-0.06462999999999999,0.00026499999999999983,0.0002279999999999999,-0.00014300000000000423
23844,-0.013867,0.009862,-0.073823,-3.999999999999837e-05,8.100000000000121e-05,-5.300000000001137e-05
23637,0.014211999999999999,-0.004356,-0.074196,-8.099999999999948e-05,0.00014099999999999963,-0.00010800000000001087
23967,-0.007669,0.007516,-0.07499,8.99999999999946e-06,8.69999999999994e-05,-2.8000000000000247e-05
23219,0.011522000000000001,0.00267,-0.064804,0.00021099999999999938,0.0001919999999999999,-8.199999999999874e-05
19746,-0.001724,0.001059,-0.07442,0.00013799999999999988,0.00017500000000000003,1.000000000001e-06
18078,-0.008336999999999999,-0.006256,-0.068252,7.999999999997592e-06,0.00020400000000000106,8.499999999998786e-05
22754,0.005859,-0.007083,-0.071452,0.00018500000000000027,0.00016499999999999935,-3.700000000000925e-05
20484,-0.001588,0.010711,-0.066072,2.9000000000000163e-05,0.00024900000000000096,-0.00014599999999999336
19094,-0.011,0.008816000000000001,-0.063141,4.49999999999999e-05,0.00024199999999999916,-7.100000000000162e-05
23833,0.011564999999999999,-0.002951,-0.07243899999999999,-4.49999999999999e-05,-9.99999999999699e-07,-4.800000000000637e-05
22060,-0.009789999999999998,-0.001667,-0.062020000000000006,-6.700000000000109e-05,0.000276,-0.00010899999999999105
21352,-0.004784,0.004471,-0.06942100000000001,0.0001490000000000007,0.0001369999999999991,-1.5000000000001124e-05
22915,-0.012425,0.006631000000000001,-0.07256699999999999,-1.899999999999992e-05,6.499999999999909e-05,3.0000000000030003e-06
22305,0.004921999999999999,0.004592,-0.065979,0.0001490000000000007,0.00037799999999999986,-8.400000000000074e-05
22940,0.003792,-0.007953,-0.06453,0.00021100000000000068,0.00014500000000000016,-0.00032200000000000284
19172,0.010414999999999999,0.007836000000000001,-0.064044,-4.49999999999999e-05,0.00021999999999999797,0.0
11773,0.00623,0.011785,-0.071627,-0.00019499999999999986,0.00010500000000000093,-0.00015900000000000636
22656,-0.002126,-0.006582,-0.06528,0.00011299999999999982,0.0002840000000000004,-0.00024099999999999122
23955,-0.014539,-0.0038090000000000003,-0.06716899999999999,-3.8999999999999105e-05,0.0003250000000000002,0.00013099999999999223
21180,-0.013183,-0.010909,-0.069488,8.300000000000148e-05,0.0001860000000000004,-0.00017200000000000548
22410,-0.004417,-0.004897,-0.05957,8.5e-05,0.0001730000000000004,-3.900000000000431e-05
23872,0.015014,-0.0066820000000000004,-0.06896200000000001,-7.599999999999968e-05,0.00010600000000000106,0.00011500000000001787
20981,0.014811,-0.003342,-0.07493300000000001,-0.0001399999999999995,6.300000000000012e-05,-0.00011999999999998123
19480,-0.015647,-0.008609,-0.07320499999999999,3.900000000000084e-05,0.00017099999999999928,-0.00013900000000000023
22426,-0.014945,0.008259,-0.07599800000000001,-7.799999999999994e-05,5.400000000000023e-05,-3.999999999998449e-05
24006,3.8e-05,0.008152,-0.064171,0.00010499999999999998,0.0001399999999999995,-0.0002209999999999851
22120,-0.0006450000000000001,-0.0011439999999999998,-0.060863999999999994,0.00014300000000000011,0.00014699999999999978,-1.0000000000010001e-05
20782,-0.003443,0.010587999999999998,-0.071764,-8.5e-05,0.0001540000000000031,-0.00014100000000000223
23210,0.006794,-0.009003,-0.063723,-3.699999999999971e-05,0.00011900000000000105,7.000000000007001e-06
23864,0.009858,0.005314,-0.06320100000000001,3.200000000000078e-05,0.00036200000000000034,0.00014500000000000624
10082,0.007979,0.010903000000000001,-0.07070699999999999,-0.00016699999999999961,-3.500000000000031e-05,-0.0001300000000000051
21494,-0.002974,-0.002663,-0.07113599999999999,0.00018800000000000023,0.0003080000000000001,0.00013299999999999423
23316,0.005899,-0.009048,-0.07177,0.00016700000000000048,3.900000000000084e-05,-1.5000000000001124e-05
17666,0.0136,-0.007233,-0.06783199999999999,-1.799999999999892e-05,9.60000000000006e-05,3.399999999999237e-05
21735,-0.01323,0.004449,-0.06795999999999999,4.900000000000043e-05,8.199999999999961e-05,-8.400000000000074e-05
23841,-0.007784,0.0050999999999999995,-0.06979,0.00020800000000000072,7.200000000000002e-05,4.700000000000537e-05
24160,-0.004347,-0.009573,-0.061513,0.00010700000000000032,0.00011500000000000052,-3.800000000000331e-05
22658,0.001019,-0.00188,-0.075705,1.299999999999999e-05,0.00010899999999999994,1.3999999999986246e-05
23213,-0.007547,-0.002045,-0.064247,6.900000000000048e-05,0.00015900000000000007,5.8999999999989616e-05
22741,-0.006429000000000001,-0.011097,-0.063626,0.00010200000000000053,0.00017599999999999907,-0.00011099999999999999
23930,0.005031,0.010169000000000001,-0.076413,-0.0002360000000000001,9.199999999999833e-05,-0.00010699999999999599
23112,0.005016,-0.0011279999999999999,-0.07385299999999999,-7.200000000000002e-05,0.00014899999999999983,-0.00011600000000000499
23081,-0.009297000000000001,-0.010743,-0.067813,4.6000000000002636e-05,0.0002669999999999999,4.300000000000137e-05
22502,-0.015359,-0.0071600000000000006,-0.072974,7.699999999999894e-05,0.0001010000000000004,-8.199999999999874e-05
16587,0.015683,-0.003175,-0.066689,6.800000000000209e-05,0.00020300000000000006,-2.3000000000009124e-05
19843,-0.002899,0.00783,-0.068088,5.799999999999989e-05,0.00019299999999999873,2.3999999999996247e-05
20750,0.006391,-0.007333,-0.067077,0.0001380000000000001,0.00016100000000000055,-0.0002450000000000091
22944,0.011167999999999999,0.008764,-0.064337,-2.1999999999997716e-05,0.00018400000000000187,-2.6999999999999247e-05
22941,0.010695999999999999,0.002639,-0.07608799999999999,-9.699999999999813e-05,2.7000000000000114e-05,-0.0001950000000000146
14446,-0.010189,0.0022660000000000002,-0.068179,0.00018899999999999993,0.00021099999999999982,0.00015999999999999348
22337,0.0007740000000000001,-0.003512,-0.067626,0.00024199999999999992,0.00032399999999999964,-0.00011699999999999211
18856,-0.015257,0.006583,-0.07425100000000001,-5.10000000000007e-05,8.5e-05,-1.5999999999988246e-05
18491,-0.007021,0.011205999999999999,-0.07096,-7.399999999999941e-05,0.00016500000000000195,-8.300000000001362e-05
22641,0.00046100000000000004,-0.010711,-0.065574,0.00013599999999999994,0.000171000000000001,-0.00028300000000000547
21052,0.003377,-0.003636,-0.06754399999999999,1.5999999999999955e-05,0.00020399999999999975,-0.00020000000000000573
24056,-0.006143,-0.011007999999999999,-0.07250100000000001,0.0001299999999999999,0.00023199999999999957,0.000130000000000019
23848,0.004213,-0.00556,-0.062192,0.00021399999999999978,0.0001990000000000004,-0.0003599999999999992
20865,0.001815,-0.001853,-0.06809399999999999,4.100000000000002e-05,0.00033600000000000014,-0.00012100000000000999
22675,0.009628,-0.008371,-0.06888899999999999,0.00020000000000000052,-1.799999999999892e-05,-1.1000000000011001e-05
21353,0.003996,0.0026869999999999997,-0.067448,6.699999999999935e-05,0.00018000000000000047,-0.00015400000000001524
22965,-0.001646,0.009608,-0.06802899999999999,2.1999999999999884e-05,0.00033500000000000023,-0.00020400000000000973
22968,-0.014029,0.004198,-0.071244,1.5000000000001124e-05,7.799999999999908e-05,-3.300000000000525e-05
21376,-0.012187,0.0005759999999999999,-0.071764,8.000000000000021e-05,0.0001020000000000001,-0.00011500000000000399
19080,-0.009409,0.002424,-0.073286,7.399999999999941e-05,4.700000000000017e-05,-6.0000000000004494e-05
23349,0.011349999999999999,0.000501,-0.063195,0.00010300000000000066,0.0002149999999999999,-0.00019099999999999673
23855,-0.012477,0.011788999999999999,-0.06616,5.10000000000007e-05,6.500000000000082e-05,2.5999999999998247e-05
23110,0.015815,-0.005859,-0.07185899999999999,-2.5999999999998247e-05,0.00010799999999999959,-2.6999999999999247e-05
22492,0.004984,-0.011222,-0.064943,0.0001510000000000001,0.00010099999999999866,-9.599999999999886e-05
22919,-0.00221,-0.00131,-0.071144,2.5000000000000282e-05,0.00021799999999999988,0.00011099999999999999
23271,0.0029649999999999998,-0.006256,-0.068544,0.00011600000000000022,0.00024900000000000096,-0.00019800000000000373
22624,-0.008272,0.011817,-0.066873,1.600000000000039e-05,0.0002149999999999999,-8.699999999998986e-05
21394,-0.015623,-0.00454,-0.072315,-9.099999999999907e-05,0.00021600000000000005,0.00010300000000000586
23205,-0.010648,0.0038079999999999998,-0.069988,0.00013599999999999897,-2.5999999999999548e-05,-2.1000000000007124e-05
23977,0.011329,-0.013111000000000001,-0.07079,8.700000000000027e-05,-7.000000000000062e-06,-6.999999999993123e-06
20957,0.011069,-0.007026,-0.071086,4.900000000000043e-05,9.10000000000008e-05,-1.7000000000003124e-05
16494,-0.0053739999999999994,0.00083,-0.063494,6.299999999999969e-05,0.0002720000000000001,0.0002469999999999972
22676,-0.0065910000000000005,-0.010644,-0.070804,-6.399999999999982e-05,0.00027300000000000067,0.00010700000000000986
9724,0.005923,0.007189,-0.06991,3.9999999999996635e-06,0.00016000000000000042,-0.00010799999999999699
22303,0.001838,0.003813,-0.063757,0.00014300000000000011,0.0002530000000000002,-0.00021999999999999797
23828,-0.00747,-0.004622,-0.07790699999999999,1.9000000000000787e-05,0.00013500000000000057,8.499999999998786e-05
13766,-0.011519,-0.0027069999999999998,-0.065859,6.199999999999956e-05,0.0003110000000000001,-1.000000000001e-06
16325,-0.003064,-0.006647999999999999,-0.067838,0.00018499999999999983,0.00028699999999999993,1.5999999999988246e-05
21703,-0.004997,-0.003182,-0.07173900000000001,6.399999999999982e-05,0.000255,-0.00012799999999998923
16492,-0.005325,0.0014019999999999998,-0.065013,5.9000000000000025e-05,0.00015800000000000015,0.00017400000000000748
18178,0.004382,0.009389,-0.072162,-5.999999999999929e-05,7.900000000000094e-05,-1.1999999999998123e-05
21155,0.005995,-0.009867,-0.071373,0.00018099999999999974,0.00010600000000000193,-3.0000000000002247e-05
20647,-0.011102,0.009801,-0.065025,-3.999999999999837e-05,0.0001559999999999999,-7.199999999998874e-05
23215,0.016489999999999998,-0.010416,-0.068839,6.500000000000256e-05,9.599999999999886e-05,-7.000000000007001e-06
23525,-0.009581,-0.006784,-0.07438800000000001,-2.8999999999999512e-05,0.00021399999999999978,1.0000000000148779e-06
23953,-0.013597,0.004109,-0.064826,1.6999999999999654e-05,0.00021900000000000044,0.0002299999999999941
15632,0.005730000000000001,0.011007999999999999,-0.071989,-0.00025400000000000075,0.00017300000000000128,-0.0001940000000000136
23278,0.011387000000000001,0.002593,-0.06881100000000001,0.00024099999999999816,0.00011200000000000012,2.0000000000020002e-05
22666,0.004896,-0.004277,-0.068096,0.00010700000000000032,0.00027200000000000054,-0.00036899999999999433
23702,0.006754,-0.0013360000000000002,-0.060645000000000004,0.00021299999999999965,0.00022900000000000025,-0.00016599999999999254
18094,-0.002754,-0.0014650000000000002,-0.06898,7.399999999999985e-05,0.00021100000000000025,0.00011400000000000299
16470,0.002813,0.0064269999999999996,-0.07295600000000001,-9.000000000000024e-05,9.400000000000033e-05,-0.00015899999999999248
22727,-0.00893,-0.010213,-0.060844999999999996,0.00011800000000000178,0.00011499999999999878,-0.0002770000000000064
20411,0.009313,0.009443,-0.072227,-7.300000000000015e-05,0.00014899999999999983,-0.0002459999999999962
23250,0.00959,-0.005509,-0.0736,-3.500000000000031e-05,0.00010899999999999972,-0.00015700000000000436
21103,-0.00646,0.004817,-0.068272,4.69999999999993e-05,0.0002230000000000001,-4.499999999998949e-05
18218,-0.007001,0.011295,-0.066625,-3.2999999999999176e-05,0.00019500000000000073,-0.00014400000000000523
22992,-0.001917,-0.009478,-0.07093300000000001,0.0001240000000000002,0.0001470000000000013,-0.00015699999999999048
23876,0.012295,-0.003352,-0.07165600000000001,-6.000000000000796e-06,5.3999999999999795e-05,-1.3999999999986246e-05
23905,0.017777,0.003528,-0.07101099999999999,6.999999999996592e-06,0.00013600000000000027,-0.0001310000000000061
22630,0.000923,0.004012,-0.07226,8.299999999999996e-05,0.00016099999999999969,-7.199999999998874e-05
21999,-0.008738,0.008149,-0.074553,-5.7000000000001494e-05,0.00014299999999999903,-4.800000000000637e-05
20810,0.00846,-0.0040739999999999995,-0.064526,5.599999999999876e-05,0.0003009999999999992,-0.00014800000000000924
22649,-0.002956,0.006163999999999999,-0.065652,0.00012899999999999977,0.00035200000000000075,-6.0000000000060005e-06
22759,0.012705,0.008286,-0.065946,-2.5999999999998247e-05,0.00017400000000000054,-6.499999999999562e-05
23573,0.016858,0.011955,-0.06758499999999999,-2.8000000000003716e-05,-8.099999999999948e-05,-0.00020700000000001273
22299,-0.005468,-0.002837,-0.067562,7.099999999999988e-05,0.00018100000000000017,3.199999999999037e-05
17276,0.015933,0.011519,-0.071998,-7.899999999999921e-05,9.999999999999593e-06,-0.00024099999999999122
22615,-0.004497,0.002545,-0.069116,0.0001230000000000007,6.799999999999992e-05,-7.000000000007001e-06
22632,-0.0017649999999999999,-0.011054,-0.06477200000000001,0.00011999999999999988,0.00013400000000000044,-0.00014499999999999236
22932,0.009093,0.005788000000000001,-0.064786,7.799999999999821e-05,0.0001579999999999993,0.00013599999999999723
23516,-0.0042309999999999995,0.008518000000000001,-0.066848,3.399999999999931e-05,0.00019899999999999952,-9.099999999999386e-05
9675,0.007868,0.008362999999999999,-0.07222400000000001,-9.299999999999933e-05,0.00013000000000000164,-0.00016099999999999448
23230,-0.004986,0.005320999999999999,-0.063113,6.100000000000029e-05,0.00022700000000000064,-7.500000000000562e-05
19748,-0.006581,0.011356999999999999,-0.063881,-6.000000000000016e-05,0.00026500000000000135,-1.1000000000011001e-05
23657,-0.00377,0.00557,-0.065547,0.00017,0.00036899999999999954,-2.2000000000008124e-05
20197,0.010235,-0.010403,-0.070755,8.800000000000127e-05,-6.299999999999882e-05,-0.00021000000000000185
14131,0.015671,0.00115,-0.071335,7.399999999999768e-05,0.00012399999999999998,-9.200000000000874e-05
19161,-0.013680999999999999,-0.006365999999999999,-0.07618699999999999,-0.00017800000000000107,6.399999999999982e-05,-0.00016599999999999948
22619,0.0014119999999999998,-0.003671,-0.073438,-4.199999999999972e-05,0.00015799999999999972,-7.599999999999274e-05
23588,0.002978,0.009999000000000001,-0.065763,4.000000000000097e-06,0.0003159999999999986,-3.999999999999837e-05
10746,0.00753,0.011704,-0.072434,-0.00013900000000000023,4.699999999999843e-05,-0.00012199999999999711
17431,-0.008317,0.004024,-0.070103,0.0002249999999999995,8.900000000000054e-05,-2.0000000000006124e-05
23611,-0.015063,-0.008301,-0.069826,0.00016500000000000022,0.00022799999999999904,-4.499999999998949e-05
18454,-0.012145,-2.5e-05,-0.067729,-2.199999999999945e-05,0.00018,6.899999999999962e-05
23556,-0.003622,-0.009188,-0.07276300000000001,0.00013699999999999997,0.00032099999999999837,-0.00021999999999999797
23208,0.006327,-0.003004,-0.066191,0.0001250000000000001,0.0002480000000000004,-0.00026700000000000335
18850,-0.00705,-0.000647,-0.065988,0.00011399999999999952,0.00011499999999999998,0.0001300000000000051
9764,0.013888999999999999,0.000616,-0.07081699999999999,0.00011000000000000246,9.099999999999994e-05,-0.00010000000000001674
23419,-6.2e-05,-0.012301,-0.067366,0.000207,0.00013099999999999917,-0.0002420000000000061
22654,-0.01081,-0.010093,-0.072874,7.300000000000015e-05,0.00026299999999999935,-9.000000000000674e-05
23994,-0.014503,-0.011668,-0.07306499999999999,-2.999999999999531e-06,0.00022199999999999998,-6.60000000000105e-05
21951,0.001682,0.010773999999999999,-0.069994,-3.8000000000000056e-05,0.00012799999999999964,-6.0000000000060005e-06
23585,0.004054,0.007489,-0.067866,8.099999999999948e-05,0.0002490000000000001,-3.500000000000725e-05
21978,-0.000287,0.006757,-0.065828,0.00017299999999999998,0.00017799999999999934,-0.0001310000000000061
21444,-0.0069500000000000004,-0.008617000000000001,-0.06893600000000001,0.00018000000000000047,0.0002730000000000024,-0.00019399999999998585
18819,-0.001156,0.007424,-0.072208,-7.300000000000015e-05,0.00011999999999999945,-0.00011300000000000199
23072,-0.007378999999999999,-0.011989000000000001,-0.068616,9.49999999999996e-05,0.00018100000000000234,5.3999999999998494e-05
23518,-0.0037400000000000003,0.01042,-0.069741,-4.799999999999943e-05,0.00022099999999999898,-8.900000000000574e-05
21161,0.006571,-0.002233,-0.072662,-4.49999999999999e-05,0.00015299999999999992,-4.499999999998949e-05
22661,0.012384000000000001,0.00605,-0.07473600000000001,-0.00018899999999999993,8.900000000000054e-05,-0.00021699999999999497
12914,0.014182,0.002148,-0.072116,0.00010399999999999993,0.0001740000000000001,-0.00016100000000000836
22635,0.008435,-0.0127,-0.069498,8.700000000000027e-05,6.800000000000035e-05,0.00010799999999999699
22340,0.00789,-0.007398,-0.065498,8.900000000000054e-05,0.00017399999999999968,-6.0000000000060005e-06
24008,0.007617,0.002218,-0.069634,0.0001890000000000008,0.00018199999999999987,-0.00015199999999999936
19554,0.0073360000000000005,-0.01218,-0.066543,0.0002379999999999995,7.700000000000068e-05,0.00014800000000000924
12819,-0.006450999999999999,0.005988,-0.071301,7.099999999999902e-05,6.100000000000029e-05,-4.599999999999049e-05
16960,-0.008934,0.00039400000000000004,-0.067717,0.00014299999999999903,0.00021099999999999992,0.00010800000000001087
23926,-0.008981,0.007085,-0.067206,4.2999999999999636e-05,0.0001479999999999997,-3.699999999999537e-05
9857,0.004181,0.008499000000000001,-0.072116,-8.199999999999961e-05,0.00011399999999999778,-9.300000000000974e-05
22978,-0.004252,0.006389000000000001,-0.070358,2.599999999999998e-05,0.00012499999999999924,-7.599999999999274e-05
23207,0.003976,0.0091,-0.065167,7.599999999999881e-05,0.0003619999999999995,-2.1999999999994246e-05
19924,0.008960000000000001,-0.006253,-0.07050100000000001,0.0001849999999999994,8.5e-05,-3.899999999999737e-05
22733,0.003936,-0.006613000000000001,-0.063226,8.600000000000014e-05,0.00019000000000000093,-0.00032599999999999296
9845,0.015587,-0.003448,-0.072461,1.2999999999999123e-05,7.000000000000018e-05,-0.00017300000000000648
23704,0.011023,0.0028439999999999997,-0.06256,0.00017,0.00036700000000000014,-0.00016299999999999648
22669,0.011971,0.002563,-0.072601,1.9999999999999185e-05,0.00015299999999999992,-7.400000000000462e-05
23530,0.007359,-0.010831,-0.065056,0.00013900000000000023,0.0002599999999999998,8.800000000000474e-05
20092,0.0021379999999999997,-0.003557,-0.072941,-9.699999999999986e-05,0.00017299999999999998,-2.5999999999998247e-05
18789,0.01064,0.0010860000000000002,-0.065969,8.299999999999974e-05,0.00010599999999999976,-0.00015799999999999148
20807,0.003827,-0.005187000000000001,-0.06673,0.00010900000000000016,0.00033199999999999983,-0.0002370000000000011
17183,-0.000869,-0.000903,-0.067341,0.000143,0.0001690000000000001,7.100000000000162e-05
23206,-0.000505,0.009930999999999999,-0.06432399999999999,2.800000000000003e-05,0.00022000000000000144,-0.000123000000000012
19195,-0.00299,-0.004193,-0.073561,7.99999999999976e-06,0.00011199999999999925,-8.900000000000574e-05
23992,0.0008399999999999999,-0.003084,-0.07385,-5.999999999999994e-05,0.00013100000000000004,5.4999999999999494e-05
22651,-0.0076950000000000005,-0.006318,-0.064706,0.00014700000000000043,0.00012199999999999971,-0.0001870000000000066
23825,-0.010832000000000001,-0.0047009999999999994,-0.071357,2.3000000000002185e-05,0.00020599999999999959,0.00015000000000001124
23231,0.008752000000000001,-0.005605000000000001,-0.073712,-8.400000000000248e-05,0.00013800000000000097,-7.200000000000262e-05
21792,0.008574,0.011076,-0.07201300000000001,-0.0001860000000000004,-2.8999999999999512e-05,-0.00020699999999998497
21348,-0.000464,0.008176000000000001,-0.072382,-8.300000000000007e-05,0.00012999999999999817,-0.00014900000000001024
22791,0.002754,-0.010526,-0.064293,8.999999999999894e-06,0.0002500000000000002,-0.0002970000000000056
13741,0.008218,0.000928,-0.06969,0.00019899999999999952,0.00016299999999999995,-0.0001860000000000056
20098,0.010336999999999999,-0.000754,-0.06562,0.0001020000000000014,0.00011200000000000001,-5.2999999999997494e-05
19530,-0.013919,-0.0054139999999999995,-0.068994,-2.5000000000000716e-05,0.00016799999999999888,4.300000000000137e-05
17116,0.007314,-0.001399,-0.068267,0.00016500000000000022,0.00022500000000000016,-0.00019800000000000373
22400,-0.005664,-0.01022,-0.066413,0.0001349999999999997,0.0002999999999999999,-3.899999999999737e-05
21713,-0.010539,0.01102,-0.067225,9.099999999999907e-05,8.000000000000021e-05,-0.0001280000000000031
23045,-0.0030299999999999997,-0.004022,-0.07079600000000001,0.00014100000000000007,9.500000000000047e-05,-6.399999999999462e-05
19425,-0.007227,-0.00263,-0.068384,0.00012499999999999924,0.0002919999999999997,5.200000000001037e-05
18437,-0.012062,0.0077599999999999995,-0.069018,0.00011200000000000099,2.000000000000092e-05,-7.000000000007001e-06
16500,0.017891999999999998,0.0026379999999999997,-0.070625,8.000000000001062e-06,0.00012100000000000001,-7.200000000000262e-05
22917,-0.003555,0.009452,-0.071347,-4.300000000000007e-05,0.00018199999999999987,-0.00010399999999999299
21957,-0.005144999999999999,-0.0023599999999999997,-0.069292,-2.1000000000001053e-05,0.00014199999999999977,-4.500000000000337e-05
19334,0.008603,0.0017829999999999999,-0.066833,0.00010700000000000119,0.00020899999999999998,-0.00025599999999999234
19852,-0.005566,-0.0005250000000000001,-0.06315,6.999999999999975e-05,0.0002200000000000001,0.00011300000000000199
23600,0.013816,-0.001981,-0.071149,7.799999999999994e-05,9.600000000000017e-05,-9.999999999998899e-05
19079,-0.003936,-0.002601,-0.069702,5.1000000000000264e-05,0.0001259999999999998,-5.200000000001037e-05
17753,0.013366,0.004235,-0.07305800000000001,2.599999999999998e-05,0.00012000000000000031,-0.0001709999999999906
12758,0.007703000000000001,-0.000598,-0.069073,0.00014599999999999943,0.000214,-0.00013399999999999523
23827,0.001132,0.001059,-0.07049899999999999,-6.599999999999987e-05,0.000271,0.00011899999999999411
20732,0.008448,0.003597,-0.066718,9.799999999999913e-05,0.0002720000000000001,-0.00021100000000000285
23552,-0.011764,-0.002018,-0.07385,-1.4999999999999389e-05,7.699999999999981e-05,2.000000000002e-06
23911,0.004116,-0.009298,-0.065854,0.00023300000000000057,0.00023600000000000183,-0.0002510000000000012
21350,-0.00867,0.0068070000000000006,-0.06441899999999999,3.700000000000231e-05,0.000194999999999999,3.999999999998449e-05
20713,-0.004051,-0.001597,-0.07021899999999999,0.00015800000000000015,0.0001739999999999999,0.0001639999999999836
21665,-0.008484,-0.001627,-0.06656100000000001,8.700000000000027e-05,0.00022400000000000002,3.2000000000018125e-05
23940,0.010555,-0.0049429999999999995,-0.065288,5.400000000000023e-05,0.00012899999999999977,-9.199999999999486e-05
15103,0.005205,0.002173,-0.069657,0.00010599999999999932,0.0002930000000000003,-0.00019099999999999673
20748,0.015893,0.007916000000000001,-0.069062,-1.4000000000000123e-05,0.00017099999999999928,-7.999999999999674e-05
22383,-0.002846,-0.007555,-0.064155,0.0002769999999999999,0.00021099999999999938,0.00012199999999999711
23221,0.00135,-0.007241,-0.063709,0.0001250000000000001,0.00016500000000000022,-0.0002560000000000062
22321,0.006927,-0.004575,-0.06941599999999999,0.00019199999999999946,0.00010299999999999979,-9.900000000001574e-05
20960,-0.008391,0.009281000000000001,-0.069627,6.199999999999782e-05,0.00014799999999999883,-0.0001920000000000116
23852,-0.008255,-0.007013,-0.07169199999999999,0.00025299999999999975,0.00026900000000000014,-8.700000000000374e-05
23839,0.006687,-0.00229,-0.06547199999999999,3.799999999999984e-05,0.000338,-0.00021600000000000785
23546,0.012359,-0.0034750000000000002,-0.068354,3.999999999998796e-06,8.80000000000004e-05,-0.0001310000000000061
23836,-0.0027389999999999997,-0.010627000000000001,-0.063794,0.00015899999999999942,0.00012100000000000131,-7.699999999999374e-05
20149,-0.005986,0.005168,-0.06830800000000001,3.4000000000000176e-05,0.000196,-5.2999999999997494e-05
16248,0.006642,0.007084,-0.07456399999999999,-0.00010000000000000026,1.899999999999992e-05,-0.0001310000000000061
18076,-0.008732,0.006265,-0.071003,0.0001410000000000005,-1.1000000000000593e-05,-5.200000000001037e-05
18073,-0.0030659999999999997,0.0009559999999999999,-0.066383,0.00010999999999999985,0.00034100000000000005,0.00013900000000000023
23614,0.012223000000000001,-0.000292,-0.07282599999999999,-6.200000000000129e-05,3.1999999999999965e-05,-0.00011000000000001287
22923,0.001176,0.001438,-0.066105,6.199999999999999e-05,0.0002419999999999998,-3.100000000000325e-05
23584,0.003114,0.005973,-0.065106,0.0002009999999999998,0.0003340000000000001,-5.0000000000050004e-06
13640,0.014834,0.009518,-0.07215,1.2999999999999123e-05,4.800000000000117e-05,-9.099999999999386e-05
19423,-0.006284,0.007405999999999999,-0.063612,2.499999999999898e-05,0.00026400000000000035,-5.3999999999998494e-05
19509,0.006562999999999999,-0.008577999999999999,-0.064217,5.000000000000143e-05,0.00014599999999999856,-0.00019800000000000373
18177,0.009452,-0.002769,-0.071328,-6.700000000000109e-05,0.00011900000000000018,-1.5999999999988246e-05
20992,0.008637,0.0053890000000000006,-0.065646,0.00011300000000000025,0.00010199999999999879,9.900000000000186e-05
23860,-0.013162,0.009448,-0.070908,7.400000000000115e-05,4.900000000000043e-05,-3.300000000000525e-05
21390,0.003929,-0.000898,-0.06652899999999999,4.900000000000043e-05,0.00026600000000000007,-0.00016100000000000836
19432,-0.006214000000000001,-0.004619,-0.066993,0.00011500000000000052,0.0002630000000000002,-8.200000000001262e-05
23608,0.007008,-0.0034500000000000004,-0.07164799999999999,-3.500000000000031e-05,0.00017600000000000037,-6.70000000000115e-05
19825,-0.001107,0.0012250000000000002,-0.06859900000000001,0.00010000000000000005,0.0002919999999999997,4.099999999999937e-05
17846,-0.007322,-0.004823,-0.067401,5.500000000000036e-05,0.00021600000000000005,-6.499999999999562e-05
19419,-0.008005,-0.0017330000000000002,-0.06744,0.00011899999999999931,0.00020300000000000006,0.00010699999999999599
22298,-0.014086,-0.002109,-0.068383,-1.0000000000001327e-05,0.00029200000000000016,-7.699999999999374e-05
19259,0.003387,0.0015580000000000001,-0.06908199999999999,6.000000000000016e-05,0.0003129999999999999,-0.0001330000000000081
21977,-0.000192,-0.000853,-0.063955,0.00012100000000000001,0.000183,4.800000000000637e-05
19911,0.008501,-0.009984999999999999,-0.065453,0.00011199999999999925,0.0002489999999999992,0.00011500000000000399
14468,-0.009202,-0.002195,-0.066651,5.199999999999996e-05,0.00013699999999999997,3.600000000000825e-05
16935,0.004394,-0.004802,-0.069492,0.0001429999999999999,0.00028499999999999966,-0.00019900000000000473
21668,0.008691,-0.004495,-0.06671099999999999,9.799999999999913e-05,7.600000000000055e-05,-3.799999999999637e-05
11113,0.001736,0.000347,-0.07123,-4.49999999999999e-05,0.00024299999999999994,-7.200000000000262e-05
23577,0.008366,-0.0026739999999999997,-0.072298,-4.0000000000000105e-05,0.00011999999999999988,-2.1000000000007124e-05
21776,0.007572,0.005187000000000001,-0.06731699999999999,0.00016400000000000008,0.0002589999999999988,-0.00016500000000001236
21769,0.015709,0.0053739999999999994,-0.067693,1.5000000000001124e-05,0.00010600000000000106,-0.00010099999999998999
21375,-0.00367,0.004255,-0.06753100000000001,6.299999999999969e-05,0.00024200000000000003,2.6999999999999247e-05
21371,0.008804000000000001,-0.0114,-0.067731,0.0001999999999999988,0.00021400000000000065,2.5999999999998247e-05
15813,0.008455,0.006878,-0.068866,3.199999999999904e-05,0.00010199999999999966,-6.499999999999562e-05
16469,0.0024500000000000004,0.006739,-0.070575,2.499999999999985e-05,0.00013900000000000023,-0.00018899999999999473
17466,-0.011919,0.004692,-0.066432,0.00011300000000000199,0.0002570000000000003,3.200000000000425e-05
23962,-0.0044930000000000005,-0.010003999999999999,-0.068025,0.0003240000000000005,0.00034900000000000035,-0.00020599999999999785
17124,0.009319000000000001,0.010302,-0.067688,-0.00010199999999999966,7.999999999999327e-06,-2.6999999999999247e-05
21656,-0.002614,0.002853,-0.066135,-2.7000000000000114e-05,0.00025699999999999985,-7.400000000000462e-05
22817,0.005647999999999999,0.004148,-0.064915,0.00012100000000000045,0.0002180000000000003,-0.00014899999999999636
10157,0.002979,-0.005293999999999999,-0.073681,-2.599999999999998e-05,0.00013799999999999923,-0.00010999999999999899
22010,0.000594,-0.006926,-0.068865,9.999999999999994e-05,0.00016199999999999982,-0.00020300000000000873
20709,0.004398,-0.002029,-0.065439,7.799999999999994e-05,0.00027400000000000015,-0.00019500000000000073
17489,0.007804,-0.0062629999999999995,-0.06642,5.4999999999999494e-05,0.00016699999999999961,-0.00013799999999999923
9772,0.014028,-0.000713,-0.070745,9.799999999999913e-05,9.400000000000001e-05,-8.900000000000574e-05
22799,-0.003783,-0.009942,-0.06678,0.0001759999999999995,0.00017599999999999907,-0.00021499999999999297
17123,0.011979,0.0055899999999999995,-0.067603,-1.799999999999892e-05,0.0001460000000000003,-5.8000000000002494e-05
21412,-0.004838,0.0011339999999999998,-0.06834799999999999,5.400000000000023e-05,0.00021000000000000033,0.00011599999999999111
20723,0.009276,0.002367,-0.064292,0.00012900000000000064,0.00027899999999999973,-0.00026600000000000235
15121,0.003774,0.000949,-0.067455,7.799999999999994e-05,0.0003030000000000001,-0.0001239999999999991
23520,-0.011384,0.002669,-0.07170099999999999,0.00010700000000000119,5.199999999999996e-05,-4.100000000001325e-05
20570,0.007026,-0.012518000000000001,-0.070336,0.00014599999999999943,3.500000000000031e-05,9.099999999999386e-05
16139,-0.002484,0.00332,-0.070128,9.900000000000013e-05,0.0002049999999999999,7.899999999999574e-05
22096,-0.014317999999999999,-0.000725,-0.069812,0.00018199999999999987,0.00010799999999999991,-0.00018399999999998973
17102,-0.002245,-0.004273,-0.071955,0.00013100000000000004,0.0003160000000000003,0.00014300000000000423
22358,0.0028740000000000003,-0.009124,-0.06495699999999999,0.00015399999999999962,0.00020199999999999906,-0.0003190000000000137
15880,-0.006795,-0.007031,-0.069542,0.00015899999999999942,0.00026099999999999995,1.5000000000001124e-05
