Particle,x,y,z,Vx,Vy,Vz
14758,-0.004862,-0.008028,-0.073034,0.0,0.0,0.0
14108,0.007322,0.007679,-0.070086,0.0,0.0,0.0
13940,-0.008824,-0.0033079999999999997,-0.066616,0.0,0.0,0.0
14463,0.012647,-0.001312,-0.070952,0.0,0.0,0.0
15112,-0.004299000000000001,0.007892,-0.061086,0.0,0.0,0.0
15607,-0.007386,0.007332,-0.070264,0.0,0.0,0.0
15110,-0.005152,-0.008577999999999999,-0.064814,0.0,0.0,0.0
15116,-0.007335,0.000199,-0.062089,0.0,0.0,0.0
15892,-0.005948999999999999,0.011339,-0.071242,0.0,0.0,0.0
15812,-0.007138,0.005122,-0.076217,0.0,0.0,0.0
13450,0.000317,-0.004013,-0.065676,0.0,0.0,0.0
11763,-0.006114,0.006156,-0.073676,0.0,0.0,0.0
14961,0.008865999999999999,-0.000182,-0.076719,0.0,0.0,0.0
11481,-0.003575,-0.005099,-0.072184,0.0,0.0,0.0
13527,0.009476,0.008622999999999999,-0.06382,0.0,0.0,0.0
14832,0.000618,0.0058200000000000005,-0.06287,0.0,0.0,0.0
15822,-0.009628,-0.004596,-0.063354,0.0,0.0,0.0
10136,0.000569,-0.004027,-0.070062,0.0,0.0,0.0
15564,0.008564,-0.003485,-0.063974,0.0,0.0,0.0
14957,-0.014898,-0.010311,-0.072211,0.0,0.0,0.0
15328,0.005822,0.00016800000000000002,-0.062567,0.0,0.0,0.0
14936,0.011121,-0.000248,-0.065609,0.0,0.0,0.0
13551,-0.009502,-0.00637,-0.06362899999999999,0.0,0.0,0.0
14444,-0.006643,-0.006659,-0.06793300000000001,0.0,0.0,0.0
15707,-0.007084,-0.000486,-0.06561700000000001,0.0,0.0,0.0
15598,0.012201,0.004252,-0.064694,0.0,0.0,0.0
12473,0.014632,0.009733,-0.074187,0.0,0.0,0.0
15869,0.004985000000000001,-0.011885999999999999,-0.07370099999999999,0.0,0.0,0.0
15843,-0.0034969999999999997,0.01168,-0.07530200000000001,0.0,0.0,0.0
12879,0.015924,0.011214,-0.06714,0.0,0.0,0.0
15617,0.00454,0.010029999999999999,-0.07207899999999999,0.0,0.0,0.0
12871,0.015967000000000002,0.0043170000000000005,-0.0712,0.0,0.0,0.0
14493,0.010449,0.004471,-0.070232,0.0,0.0,0.0
15941,-0.011658,-0.010675,-0.066851,0.0,0.0,0.0
16023,0.011949999999999999,-0.008738,-0.06570000000000001,0.0,0.0,0.0
16130,0.010277,-0.0052640000000000004,-0.067787,0.0,0.0,0.0
15940,-0.002633,-0.008487999999999999,-0.060831,0.0,0.0,0.0
12766,0.011155,-0.004011,-0.070006,0.0,0.0,0.0
11431,-0.013489000000000001,0.005487,-0.071014,0.0,0.0,0.0
15531,-0.012616,0.007901,-0.076126,0.0,0.0,0.0
15582,-0.004737,-0.011384,-0.062761,0.0,0.0,0.0
12631,-0.000216,0.011456,-0.068398,0.0,0.0,0.0
16057,-0.003801,0.00828,-0.061982999999999996,0.0,0.0,0.0
14462,-0.006202,0.008301,-0.063716,0.0,0.0,0.0
15830,0.0076820000000000005,0.0032589999999999997,-0.063,0.0,0.0,0.0
13153,0.004404,0.001925,-0.06943200000000001,0.0,0.0,0.0
9793,0.002311,0.009003,-0.07523099999999999,0.0,0.0,0.0
15884,0.008188,-0.0077080000000000004,-0.073947,0.0,0.0,0.0
13127,-0.014998,-0.009862,-0.07,0.0,0.0,0.0
15932,-0.0008179999999999999,-0.0063159999999999996,-0.057174,0.0,0.0,0.0
14294,0.012425,0.004843,-0.072897,0.0,0.0,0.0
16014,-0.00526,0.000752,-0.072256,0.0,0.0,0.0
16089,0.00807,-0.00821,-0.07357599999999999,0.0,0.0,0.0
15757,-0.015932,-0.0053170000000000005,-0.07795099999999999,0.0,0.0,0.0
15444,-0.010506,-0.004409,-0.06781000000000001,0.0,0.0,0.0
14585,0.014547000000000001,0.009604,-0.070449,0.0,0.0,0.0
14790,-0.010528000000000001,0.003748,-0.06436700000000001,0.0,0.0,0.0
14205,-0.00609,0.009091,-0.07563299999999999,0.0,0.0,0.0
14124,0.013455,-0.012195000000000001,-0.06799,0.0,0.0,0.0
15858,-0.002163,0.011862,-0.072905,5.3000000000000096e-05,-0.00010299999999999893,6.599999999999662e-05
13832,-0.00993,-0.008594,-0.069343,5.4999999999999494e-05,0.00034299999999999956,7.100000000000162e-05
15856,0.011949,0.001296,-0.074521,-7.300000000000015e-05,0.0001079999999999998,-0.00017000000000000348
14471,-0.010747,0.012962,-0.06752899999999999,3.999999999999837e-05,7.799999999999994e-05,6.0000000000004494e-05
12467,-0.009635999999999999,0.0035470000000000002,-0.06492300000000001,6.399999999999982e-05,0.00012299999999999985,-7.299999999998974e-05
15776,-0.005703000000000001,0.0018640000000000002,-0.06860899999999999,2.000000000000092e-05,5.9999999999999724e-05,9.699999999998599e-05
15446,-0.0035499999999999998,-0.009317,-0.061014000000000006,3.099999999999978e-05,0.00024799999999999996,-0.00018099999999999367
14786,-0.007939,-0.0031019999999999997,-0.06801399999999999,-7.999999999999327e-06,0.0001309999999999996,0.0002979999999999927
13188,0.0071059999999999995,-0.000125,-0.062685,6.500000000000082e-05,0.00017900000000000001,2.4000000000010124e-05
14583,0.0046159999999999994,-0.012157999999999999,-0.063411,5.10000000000007e-05,4.49999999999999e-05,3.099999999998937e-05
14770,0.007517,-0.005738,-0.07264,-7.400000000000028e-05,9.500000000000047e-05,6.1000000000005494e-05
13872,0.014682,-0.003943,-0.072485,9.999999999992654e-07,3.9000000000000406e-05,-0.00013299999999999423
16137,-0.004331000000000001,-0.009880000000000002,-0.076582,1.000000000001e-06,4.6000000000002636e-05,-9.400000000001074e-05
9765,0.012471,0.0006360000000000001,-0.06949599999999999,6.400000000000156e-05,0.00016399999999999997,-0.00020200000000000773
15908,-0.014348000000000001,-0.0019399999999999999,-0.06785200000000001,5.20000000000017e-05,0.00028399999999999996,-4.299999999998749e-05
15827,0.004166,-0.00904,-0.065206,0.00018099999999999974,5.599999999999876e-05,-0.00016800000000000148
12752,-0.010142,0.0114,-0.075014,-8.599999999999927e-05,-9.500000000000133e-05,-0.00012100000000000999
16423,0.004929,0.0071600000000000006,-0.064891,4.0000000000000105e-05,0.00017299999999999954,-0.0001250000000000001
9661,0.001785,0.005772,-0.069765,-4.999999999999796e-06,0.0001299999999999999,-0.00011100000000001387
15195,-0.001282,0.0050609999999999995,-0.06415699999999999,5.999999999999994e-05,0.00031400000000000004,-0.00010200000000000486
16156,0.009611000000000001,-0.0036190000000000003,-0.074575,0.00013699999999999823,5.8000000000000326e-05,-0.00013900000000000023
15519,-0.003371,0.004081,-0.06703400000000001,-2.8999999999999946e-05,0.000351999999999999,-0.00012299999999998423
16158,0.007524,-0.0060609999999999995,-0.074798,-1.2000000000000725e-05,6.999999999999194e-06,-0.00015400000000000136
14508,-0.005248999999999999,-0.010164,-0.069325,-7.500000000000041e-05,0.00025199999999999875,-2.8000000000000247e-05
12748,-0.004424,-0.004695,-0.06646200000000001,0.00010999999999999985,0.00023300000000000057,-1.5999999999988246e-05
15781,0.002933,0.011613,-0.06844199999999999,-0.00010999999999999985,0.0001460000000000003,-8.900000000001962e-05
15449,0.011119,0.011630000000000001,-0.06692100000000001,-2.6999999999999247e-05,-8.900000000000054e-05,-2.999999999998837e-05
15186,-0.008351,0.010326,-0.07422799999999999,-6.100000000000029e-05,9.400000000000033e-05,-0.000130000000000019
9691,0.001067,0.01042,-0.068899,-0.00019500000000000008,0.00011899999999999931,-0.00020699999999999885
16315,-0.01393,-0.004226,-0.069801,6.599999999999835e-05,1.4999999999999389e-05,4.600000000000437e-05
14763,0.0013,-0.00019800000000000002,-0.063483,0.00019000000000000006,0.000402,-0.00016099999999999448
16308,-0.003599,0.012183,-0.06154,1.1000000000000159e-05,0.00030400000000000045,-5.6000000000000494e-05
16177,-0.004606,0.000678,-0.065568,0.00013900000000000023,0.0003160000000000001,7.999999999999674e-05
14861,0.006879,0.013173,-0.0635,-0.00012199999999999971,0.00018699999999999793,-0.00010199999999999099
11874,0.015672000000000002,-0.009611000000000001,-0.071745,5.3999999999998494e-05,0.00013300000000000117,-9.899999999998799e-05
16467,-0.004948,-0.002904,-0.075589,-3.4000000000000176e-05,-9.99999999999699e-07,-7.799999999999474e-05
15800,-0.0061070000000000004,0.003267,-0.076137,8.100000000000034e-05,0.00012399999999999998,0.00016199999999999548
9922,0.009617,-0.007797,-0.07158199999999999,7.000000000000062e-06,3.899999999999997e-05,-0.000127000000000016
16362,0.0017130000000000001,-0.002611,-0.061598,0.0001249999999999999,0.0003610000000000002,-6.600000000000356e-05
16432,-0.007799,-0.005965,-0.059192,8.400000000000074e-05,0.00016000000000000042,-0.00018399999999999667
15789,0.003381,-0.006195,-0.063382,0.0001820000000000003,0.00025600000000000015,-4.900000000000737e-05
16154,-0.000375,0.011944000000000001,-0.06247,-4.0999999999999967e-05,0.00018699999999999793,-0.00022300000000000098
15158,0.015945,0.002839,-0.063968,0.00010999999999999899,0.00016400000000000008,8.499999999998786e-05
15935,-8.2e-05,0.010207,-0.06678700000000001,-0.00026199999999999997,0.00017700000000000007,2.3000000000023002e-05
16317,0.005787,0.009446,-0.060099,-6.099999999999942e-05,0.00021000000000000185,-9.10000000000008e-05
16400,-0.011415,-0.006221,-0.060915,-0.0001849999999999994,0.00019700000000000013,-0.00014500000000000624
16293,-0.002245,0.009551,-0.061122,-4.6000000000000034e-05,0.000253999999999999,0.00013700000000000517
15894,0.0014019999999999998,-0.011758,-0.072479,0.00016500000000000022,3.199999999999904e-05,0.00013900000000000023
16367,0.0015400000000000001,-0.00906,-0.064836,0.00013599999999999984,0.00026299999999999935,-0.0003569999999999962
14100,0.01577,-0.004063,-0.07538500000000001,1.8000000000000654e-05,0.00013100000000000004,-0.0002349999999999991
16250,0.0011240000000000002,0.004242,-0.061468,6.499999999999974e-05,0.00026599999999999974,8.99999999999998e-05
15619,0.0068330000000000005,0.00777,-0.05839,-8.200000000000048e-05,0.00022000000000000058,-6.199999999999956e-05
15161,0.015042,-0.012384000000000001,-0.07454300000000001,-0.00012099999999999958,0.00012700000000000038,-8.599999999998886e-05
14498,0.0016439999999999998,0.0055899999999999995,-0.071672,-0.00017199999999999984,5.3000000000000096e-05,-0.0002490000000000131
15963,0.000631,-0.0032519999999999997,-0.062723,0.0002319999999999999,0.00025299999999999975,-0.00022400000000000198
15234,0.007913,0.011348,-0.065822,-8.099999999999948e-05,6.199999999999956e-05,-2.0999999999993246e-05
13430,0.006741,0.0026190000000000002,-0.063836,0.00015800000000000015,0.00023099999999999987,-6.499999999999562e-05
16039,0.016431,0.003947,-0.074976,-6.0999999999998555e-05,0.00015700000000000002,-0.00028000000000000247
16168,0.012536,-0.010308999999999999,-0.061965000000000006,0.00029299999999999986,0.00023599999999999836,8.000000000008e-06
15960,0.011798999999999999,0.000537,-0.063145,5.600000000000223e-05,0.00024399999999999997,-8.599999999998886e-05
16138,-0.007672,-0.001098,-0.060081,-4.000000000000531e-06,0.00026100000000000006,-0.00017400000000000054
15790,0.007861,-0.004102000000000001,-0.075041,5.199999999999996e-05,1.600000000000039e-05,-0.00016200000000000936
15481,-0.004928,0.010558999999999999,-0.075037,-0.0001429999999999999,7.200000000000088e-05,-0.00013199999999999323
15126,-0.007554,0.005726,-0.061802,-4.200000000000037e-05,0.00024499999999999956,3.700000000000231e-05
13082,0.0015840000000000001,0.010736,-0.064873,-6.100000000000029e-05,0.0002609999999999991,-3.699999999999537e-05
16163,-0.0040869999999999995,0.0013,-0.069403,5.799999999999989e-05,0.0001470000000000002,-6.499999999999562e-05
14596,0.010555,0.001046,-0.062557,5.7999999999999025e-05,0.0003579999999999998,3.999999999999837e-05
15463,-3.1e-05,0.010721999999999999,-0.061189,-9.5e-05,0.00022400000000000024,-7.999999999999674e-05
13992,-0.005104,0.003745,-0.064964,7.300000000000015e-05,0.0002580000000000004,-0.00028000000000000247
16174,-0.010973,-0.002921,-0.07628499999999999,-8.5e-05,-5.3000000000000096e-05,-0.0001860000000000056
15165,0.016489999999999998,-0.004483,-0.072348,0.0,0.00017200000000000028,-0.00011600000000000499
16176,0.007437,-0.007535,-0.06970900000000001,1.5000000000000256e-05,4.80000000000003e-05,-2.0999999999993246e-05
16192,-0.009949999999999999,0.003857,-0.07415300000000001,3.500000000000031e-05,9.30000000000002e-05,2.2000000000008124e-05
16194,-0.006136,-0.0030099999999999997,-0.07674500000000001,-2.7000000000000114e-05,1.8999999999999486e-05,-0.0001649999999999846
15164,-0.013439999999999999,0.012102,-0.066728,-1.700000000000139e-05,-9.800000000000086e-05,-9.199999999999486e-05
16066,5.9999999999999995e-05,-0.009028000000000001,-0.062776,8.6e-05,0.00017500000000000154,4.099999999999937e-05
14004,-0.00609,-0.009156000000000001,-0.06625199999999999,8.5e-05,0.00024300000000000016,-0.00020799999999999985
15474,-0.016411000000000002,-0.009127000000000001,-0.07594799999999999,-5.099999999999896e-05,3.600000000000131e-05,-0.0002390000000000031
12913,0.012518000000000001,-0.011238,-0.065958,0.00015199999999999936,8.099999999999948e-05,-0.00020400000000000973
14542,-0.008826,0.002397,-0.063397,0.00011599999999999978,0.00014899999999999983,0.0002899999999999986
15363,0.003585,0.011859,-0.077205,-4.49999999999999e-05,4.1000000000001105e-05,-0.0001950000000000146
16010,0.016491,-0.0014930000000000002,-0.066032,2.9000000000001247e-05,0.00022400000000000024,-0.00011200000000001487
15953,0.013489000000000001,-0.0070350000000000005,-0.060213,0.0001510000000000001,0.0003030000000000003,-0.0001959999999999948
16321,-0.006621,-0.003121,-0.077631,1.0999999999999725e-05,-2.9999999999999645e-05,-0.00020499999999999685
16328,0.00547,-0.0032949999999999998,-0.062131,0.00018599999999999953,0.0003179999999999997,-0.0002550000000000052
16343,-0.000924,-0.003677,-0.065425,0.00018500000000000005,0.00026000000000000025,-9.700000000001374e-05
16053,0.011721,0.009343,-0.059757,5.7999999999999025e-05,0.00021599999999999918,-0.0001480000000000023
13949,-0.004266,-0.008676999999999999,-0.064493,8.399999999999987e-05,0.0001739999999999988,-0.00010699999999999599
16111,0.005385,0.011623,-0.06570999999999999,-0.00010000000000000026,0.0001559999999999999,-9.700000000001374e-05
15660,0.0050999999999999995,-0.010990999999999999,-0.07234,2.4000000000000583e-05,-1.2000000000001593e-05,-0.00011999999999999511
16002,-0.007826,-0.004479,-0.059746,-5.199999999999996e-05,0.0003110000000000005,-0.00012000000000000205
8823,0.001835,0.0070090000000000005,-0.070738,-0.0001299999999999999,0.0001250000000000001,-0.000123000000000012
10755,-0.004501000000000001,-0.003943,-0.069165,6.300000000000056e-05,0.00015100000000000053,0.00011200000000000099
13746,0.004438,-0.005423,-0.07334399999999999,-5.900000000000089e-05,7.799999999999994e-05,-0.00010500000000000786
9719,0.003843,0.010361,-0.069881,-0.00010800000000000002,-4.099999999999937e-05,-3.0000000000030003e-06
15133,-0.010814,0.001665,-0.06991599999999999,5.000000000001531e-06,1.899999999999992e-05,-1.9000000000005124e-05
13825,-0.006417,0.011649,-0.062011000000000004,-4.999999999999796e-06,0.00029900000000000065,-8.59999999999958e-05
13748,-0.010372,0.003769,-0.06731699999999999,-8.000000000001062e-06,0.0002689999999999997,-0.00011500000000001787
16141,-0.008281,0.0022949999999999997,-0.072958,-1.4000000000000123e-05,-1.999999999999398e-06,9.000000000000674e-05
16159,-0.0037080000000000004,-0.012066,-0.07425799999999999,-1.0999999999999292e-05,0.00017400000000000054,4.200000000000037e-05
14833,-0.010999,-0.0048460000000000005,-0.06556999999999999,3.0000000000000512e-05,9.700000000000073e-05,0.0002269999999999911
15796,0.004006,-0.010698000000000001,-0.065452,0.0001529999999999995,0.00011900000000000105,7.000000000007001e-06
15809,-0.000505,0.010843,-0.06139,-5.100000000000005e-05,0.00022400000000000024,4.500000000000337e-05
15589,-0.007412,0.009367,-0.06265,6.100000000000029e-05,0.0003259999999999999,-0.00011099999999999999
16161,-0.01341,0.007987,-0.069106,2.5000000000000716e-05,-1.6999999999999654e-05,8.000000000008e-06
16673,0.017795000000000002,0.009832,-0.07137099999999999,-5.9000000000000025e-05,-9.10000000000008e-05,-0.00019000000000002348
14856,-0.014644,-0.010587999999999998,-0.076717,2.6999999999999247e-05,0.00014699999999999783,0.00016099999999999448
16270,0.000254,0.007868,-0.061607999999999996,-5.9999999999999995e-05,0.0002570000000000003,-5.600000000000743e-05
10349,-0.0023940000000000003,0.009076,-0.063232,-9.39999999999999e-05,0.00017599999999999907,-2.4999999999997247e-05
15507,-0.011607,-0.004396,-0.07562300000000001,-4.200000000000037e-05,-0.00015000000000000083,6.0000000000004494e-05
15795,0.002954,-0.009901,-0.075595,3.899999999999997e-05,5.299999999999923e-05,4.500000000000337e-05
16475,0.001915,0.0023450000000000003,-0.065108,3.4999999999999875e-05,0.0002819999999999997,-0.00014200000000000323
15819,0.014833,0.005212,-0.071409,-0.00022900000000000177,0.0001380000000000001,-0.0002960000000000046
10707,-0.014296,-0.0018160000000000001,-0.069255,5.999999999999929e-05,6.100000000000029e-05,-0.00011300000000000199
13457,0.000516,-0.010108,-0.07217,0.00021799999999999999,0.0001810000000000006,3.299999999999137e-05
16211,-0.011292,0.011191000000000001,-0.066932,1.6999999999999654e-05,7.799999999999821e-05,7.30000000000175e-05
16659,-0.01425,-0.000839,-0.068785,2.100000000000192e-05,0.00011800000000000005,2.5999999999998247e-05
15550,0.017196000000000003,-0.008845,-0.07057,7.899999999999574e-05,0.0001860000000000004,-2.3000000000009124e-05
16415,-0.011095,0.0035150000000000003,-0.067145,-7.999999999999327e-06,0.00014199999999999977,-6.799999999999862e-05
14789,0.014764,-0.009399,-0.068326,-4.39999999999989e-05,9.99999999999994e-05,2.0000000000006124e-05
14779,-0.006692999999999999,0.012747999999999999,-0.065289,9.99999999999994e-05,0.00028500000000000053,-0.00015500000000000236
14838,-0.00513,0.01244,-0.065516,6.499999999999995e-05,0.0003730000000000018,-4.999999999999449e-05
15942,-0.010414999999999999,-0.012069000000000002,-0.062182,0.0001239999999999991,1.700000000000139e-05,1.3000000000006062e-05
16549,-0.00088,0.006732,-0.058936999999999996,-2.099999999999997e-05,0.00010600000000000019,-3.999999999999837e-05
16579,0.005347,-0.010985,-0.064285,3.300000000000004e-05,1.3000000000000858e-05,-0.00020100000000000673
16394,0.010542999999999999,-0.007167,-0.073884,-2.8999999999999512e-05,7.599999999999968e-05,-6.199999999999262e-05
16586,0.017289000000000002,0.007897,-0.067372,2.7999999999996777e-05,7.500000000000041e-05,-0.0003349999999999881
16397,-0.001564,0.004631000000000001,-0.058418,1.0000000000000026e-05,0.00026599999999999974,-3.900000000000431e-05
9458,0.017094,0.0001,-0.068244,5.6999999999998024e-05,0.000172,-0.00011700000000000599
16212,-0.0026030000000000003,0.0070090000000000005,-0.074207,-0.000134,9.19999999999992e-05,-0.00016000000000000736
15136,-0.000864,0.009254,-0.060524,-7.000000000000008e-05,0.00024300000000000016,6.199999999999956e-05
16615,-0.009571,-0.009211,-0.059076000000000004,0.00010199999999999966,2.700000000000098e-05,-0.0002329999999999971
14306,-0.011632,-0.008423,-0.065914,2.599999999999998e-05,2.6999999999999247e-05,4.600000000000437e-05
16009,0.011986,-0.010757999999999998,-0.062486,0.000256000000000001,0.00027099999999999867,-7.300000000000362e-05
15530,-0.013933,-0.008811,-0.066547,-0.00014600000000000203,-2.6999999999999247e-05,9.299999999999586e-05
15138,-0.012008,0.003307,-0.069161,6.999999999999888e-05,-2.300000000000045e-05,-2.799999999998637e-05
15848,-0.0036810000000000002,-0.006337,-0.064906,0.00018599999999999997,0.0002230000000000001,0.00022200000000001385
16388,-0.001838,-0.000379,-0.06676,0.00016600000000000013,0.000345,-9.699999999999986e-05
16678,0.007551,-0.008180999999999999,-0.07445,-6.800000000000035e-05,5.3999999999998494e-05,-3.899999999999737e-05
9061,0.0061189999999999994,0.011996,-0.071299,-0.00017899999999999947,-1.1999999999999858e-05,-0.0001300000000000051
15170,-0.0051909999999999994,0.009937,-0.074767,-0.00011600000000000065,0.000171000000000001,-0.00017400000000000748
16624,-0.011284,-0.003665,-0.062363,-0.0001289999999999989,0.00026500000000000004,-1.0999999999997123e-05
11147,-0.0049889999999999995,0.0065,-0.073899,1.6999999999998787e-05,7.300000000000102e-05,-9.199999999999486e-05
15841,0.008081,0.001848,-0.065187,0.00010899999999999972,0.00013900000000000002,7.100000000000162e-05
16511,-0.011362,0.00015099999999999998,-0.076168,-7.300000000000015e-05,0.0,-1.6000000000002124e-05
16696,0.005529,-0.00729,-0.075307,7.399999999999941e-05,8.600000000000014e-05,-4.700000000000537e-05
16530,0.004589,-0.007764,-0.071809,-3.799999999999984e-05,4.6000000000000034e-05,-3.0000000000030003e-06
16778,-0.013278,0.012172,-0.06743099999999999,0.00013199999999999844,-8.700000000000027e-05,0.00044499999999998707
16547,0.008243,-0.002392,-0.062197,0.00018299999999999914,0.00021600000000000005,-0.00018399999999999667
12411,-0.013281000000000001,0.00207,-0.07066,6.600000000000182e-05,3.4000000000000176e-05,-4.099999999999937e-05
11454,0.013018,-0.004227000000000001,-0.069997,5.3999999999998494e-05,0.00010400000000000079,-0.00011700000000000599
14532,-0.007404,0.006908,-0.07300799999999999,-3.600000000000044e-05,4.399999999999977e-05,-7.500000000000562e-05
16486,0.007598,-0.007719,-0.071762,-7.500000000000041e-05,4.900000000000043e-05,-8.999999999995123e-06
16489,-0.008452999999999999,-0.00117,-0.063456,0.00014400000000000003,0.00017099999999999993,4.200000000000037e-05
11424,0.008666,-0.012447,-0.067729,0.00017,-5.300000000000096e-05,-1.9000000000005124e-05
15235,-0.0022229999999999997,0.003251,-0.066133,7.200000000000002e-05,0.0002850000000000001,-0.0002380000000000021
11764,0.014444,0.008433999999999999,-0.07131799999999999,-0.00011600000000000152,0.00011600000000000152,-0.00029600000000001847
15456,-0.011456,0.009611000000000001,-0.069399,-6.300000000000056e-05,0.0,-5.099999999999549e-05
16534,-0.002105,-0.0052569999999999995,-0.076852,3.100000000000021e-05,4.80000000000003e-05,-5.099999999999549e-05
13466,0.016721,0.010502000000000001,-0.073056,-4.70000000000019e-05,7.599999999999794e-05,-0.00032800000000000884
15876,-0.009529999999999999,-0.011654999999999999,-0.064829,0.00026299999999999935,5.6999999999998024e-05,9.099999999999386e-05
15135,0.005685,-0.009973000000000001,-0.074511,6.000000000000016e-05,9.10000000000008e-05,-9.000000000009e-06
15816,-0.013906,0.00993,-0.076171,-0.000196,3.200000000000078e-05,-2.999999999998837e-05
15820,0.007418,-0.011323999999999999,-0.064837,0.00018700000000000053,9.900000000000013e-05,0.00016599999999999948
11778,-0.015594,0.00393,-0.070627,-4.200000000000037e-05,5.5999999999999626e-05,-0.00010900000000001187
14203,-0.00884,-0.00015099999999999998,-0.061286,-2.3999999999999716e-05,0.00020899999999999998,-0.00010300000000000586
16283,-0.012183999999999999,-0.001624,-0.060954999999999995,2.1999999999997716e-05,0.00020699999999999994,0.0001769999999999966
15262,0.011872,-0.007033,-0.064269,6.999999999999888e-05,0.00022300000000000098,-0.00014199999999998936
16291,0.015042999999999999,0.002104,-0.07356499999999999,-7.199999999999915e-05,0.00014400000000000046,-0.0001340000000000091
16726,-0.006912,0.006187000000000001,-0.064872,1.0999999999999725e-05,0.00023599999999999923,-2.9000000000001247e-05
16758,-0.015158,0.002027,-0.077158,-0.00012400000000000085,-1.3000000000000424e-05,-2.4999999999997247e-05
16252,-0.014192999999999999,-0.011470000000000001,-0.07181100000000001,-0.00016900000000000075,0.00018899999999999993,8.300000000001362e-05
9742,0.012217,0.009034,-0.074364,-0.0001860000000000004,5.599999999999876e-05,-0.00032400000000000484
16081,0.01635,-0.011035,-0.066941,0.00013100000000000264,0.00024699999999999896,0.00011700000000000599
15981,0.008214,0.010561,-0.068301,-8.000000000000021e-05,0.00011599999999999978,-3.399999999999237e-05
15825,-0.006413,-0.007227,-0.07040300000000001,0.00011600000000000065,0.0002859999999999998,9.499999999999786e-05
16142,-0.004058,-0.001877,-0.074812,2.4000000000000583e-05,4.999999999999796e-06,-6.799999999999862e-05
16515,-0.003927,0.0013340000000000001,-0.070615,3.600000000000001e-05,0.00018599999999999997,-0.0001789999999999986
16468,-0.006144,0.001689,-0.072925,1.2000000000000725e-05,8.5e-05,-1.6999999999989246e-05
16264,0.013873,0.010261,-0.069101,-0.00012800000000000138,-8.999999999998592e-06,-0.00021599999999999397
14434,-0.013272,-0.000979,-0.074009,2.9000000000001247e-05,1.500000000000004e-05,-0.0001689999999999886
15581,0.01093,0.002504,-0.06273,5.699999999999976e-05,0.0003570000000000001,7.399999999999074e-05
9738,-0.014147,-0.001268,-0.07062600000000001,2.1000000000000185e-05,7.700000000000003e-05,2.6000000000012125e-05
16626,0.0052190000000000005,0.000876,-0.073452,7.799999999999908e-05,6.0999999999999965e-05,-0.00024399999999999422
15797,0.0034100000000000003,-0.009658,-0.068153,0.00037299999999999963,0.00017799999999999934,-3.699999999999537e-05
11800,0.010228999999999999,-0.008138,-0.0664,4.000000000000184e-05,0.00010499999999999919,5.8000000000002494e-05
15898,-0.000279,0.001898,-0.072859,4.100000000000002e-05,0.00010699999999999989,-0.00021000000000001573
15882,-0.008255,-0.010137,-0.06708700000000001,4.200000000000037e-05,0.0002559999999999993,-6.499999999999562e-05
15854,-0.006395,0.006908,-0.060331,-2.8000000000000247e-05,0.0002829999999999994,2.9000000000001247e-05
16567,-0.008146,-0.002379,-0.062412999999999996,0.0002409999999999999,0.00027500000000000007,8.299999999999974e-05
15772,0.004061,0.007526,-0.07420600000000001,-5.3000000000000096e-05,9.000000000000327e-06,-6.599999999999662e-05
14138,0.001598,-0.003853,-0.075324,-2.3000000000000017e-05,7.999999999999978e-05,-1.7999999999990246e-05
16519,-0.006086,-0.010932,-0.068731,9.099999999999994e-05,0.00039000000000000146,-2.1999999999994246e-05
14881,-0.005515,0.006064,-0.06264600000000001,-6.800000000000035e-05,0.0002519999999999996,-9.199999999999486e-05
15578,-0.012580000000000001,-0.011132999999999999,-0.06631999999999999,0.00021400000000000065,-4.5000000000001636e-05,2.699999999998537e-05
16275,0.011883,-0.007694,-0.06574200000000001,0.00011500000000000052,0.00016000000000000042,-1.0999999999997123e-05
16240,0.012807,-0.012497,-0.066099,0.00017700000000000007,1.600000000000039e-05,-5.7000000000001494e-05
14781,-0.0030529999999999997,0.012143000000000001,-0.071799,6.799999999999992e-05,7.399999999999941e-05,-7.700000000000762e-05
14844,0.008468,-0.0024809999999999997,-0.07270399999999999,3.300000000000004e-05,4.2999999999999636e-05,-0.00015900000000000636
16008,-0.010632999999999998,-0.002173,-0.068105,0.00022699999999999804,0.00028399999999999996,1.5000000000001124e-05
16314,-0.00592,0.009288000000000001,-0.062426999999999996,-8.5e-05,0.000281,0.00010999999999999899
15470,-0.00033,0.006965,-0.076074,-9.900000000000002e-05,4.100000000000024e-05,-8.500000000000174e-05
9840,0.009164,-0.012018000000000001,-0.068443,7.399999999999941e-05,-2.3999999999999716e-05,-0.00011099999999999999
10533,0.011627,0.00651,-0.06467300000000001,-5.699999999999976e-05,0.00020799999999999985,-2.0999999999993246e-05
16071,0.015279,0.010074999999999999,-0.06383,-6.999999999999888e-05,-4.699999999999843e-05,-6.399999999999462e-05
16748,-0.001093,0.004138,-0.073095,-9.500000000000003e-05,6.599999999999922e-05,-0.00026099999999999735
15661,0.016272,-0.009115999999999999,-0.068746,-4.9999999999980616e-06,0.00012799999999999964,8.699999999998986e-05
9763,0.002601,0.007535,-0.063722,4.49999999999999e-05,0.00037500000000000033,-0.00013499999999999623
16204,-0.002832,-0.010315,-0.07220900000000001,0.00018899999999999993,0.00013799999999999923,0.00017600000000000948
16550,-0.010402,0.010605,-0.062319,-9.800000000000086e-05,0.00028800000000000006,-9.999999999999593e-05
9843,0.00261,0.009958,-0.063784,-0.0001250000000000001,0.00026400000000000035,-4.000000000004e-06
14715,0.002474,-0.01123,-0.07037600000000001,7.099999999999988e-05,0.00011000000000000072,5.800000000001637e-05
15229,0.011115,0.008859,-0.070407,-0.00011599999999999978,-2.599999999999998e-05,-0.00023100000000000898
14958,0.0025659999999999997,-0.012682,-0.06503700000000001,2.8000000000000247e-05,0.00010899999999999972,-4.299999999998749e-05
16183,-0.013144,-0.004462,-0.074402,7.200000000000088e-05,8.099999999999948e-05,-5.400000000001237e-05
15810,0.002415,0.0032530000000000002,-0.060164999999999996,8.200000000000004e-05,0.0002639999999999995,4.099999999999243e-05
9650,0.002941,-0.000741,-0.075506,-8.600000000000014e-05,-2.099999999999997e-05,-0.00025199999999998834
14405,0.012163,0.000589,-0.073601,-1.1999999999999858e-05,0.00010899999999999994,-0.00010100000000000386
11414,-0.014501,-0.008093,-0.06906999999999999,-3.600000000000131e-05,6.600000000000009e-05,8.099999999998386e-05
9882,0.009118000000000001,0.000333,-0.071962,6.999999999999888e-05,7.099999999999999e-05,-0.00011399999999998911
16522,-0.009522000000000001,-0.004695,-0.070787,0.00012300000000000158,0.00013200000000000104,8.500000000000174e-05
16605,0.005801,0.004971,-0.062632,0.000183,0.00022500000000000037,4.999999999991123e-06
15454,-0.003736,-0.004457,-0.064668,0.00016100000000000012,0.0002569999999999994,-0.00010899999999999799
15967,0.011276,0.01199,-0.06848,-0.00010199999999999966,-6.000000000000796e-06,-0.00013199999999999323
15095,0.012627000000000001,0.00838,-0.06445000000000001,7.199999999999915e-05,0.00015199999999999936,-0.00013099999999999223
14830,0.0055190000000000005,-0.0074199999999999995,-0.07657800000000001,-2.5000000000000716e-05,0.00012099999999999871,-9.199999999999486e-05
14855,-0.009097,-0.000272,-0.07091800000000001,5.7999999999999025e-05,7e-05,-0.00012899999999999023
13963,0.012464000000000001,-0.00361,-0.071597,-1.9000000000001654e-05,7.399999999999985e-05,-3.200000000000425e-05
12443,0.009720000000000001,-0.012239000000000002,-0.067178,8.499999999999827e-05,2.100000000000192e-05,-2.0999999999993246e-05
13754,-0.008638999999999999,0.008189,-0.063483,0.00010899999999999972,0.0003049999999999997,-0.0001310000000000061
14112,-0.006713,0.009484999999999999,-0.06665399999999999,-5.4999999999999494e-05,0.0003020000000000019,-0.00017500000000000848
16584,0.008591,-0.004839,-0.062429000000000005,0.0001520000000000011,0.00012700000000000038,-0.00015699999999999742
9591,-0.004351,0.012150000000000001,-0.066702,9.000000000000327e-06,0.0002599999999999998,-7.900000000000962e-05
14803,0.013316000000000001,0.0046890000000000005,-0.063678,3.4999999999998574e-05,0.00022299999999999924,2.5999999999998247e-05
15421,0.011469,0.0028239999999999997,-0.062098,3.399999999999931e-05,0.00030900000000000025,7.599999999999968e-05
10207,0.01297,0.011833999999999999,-0.070862,-8.7000000000002e-05,4.49999999999999e-05,-0.0002289999999999931
16247,0.0030459999999999997,-0.004248,-0.066901,0.00016500000000000022,0.0003119999999999998,-8.700000000000374e-05
16787,-0.005884,0.004999,-0.065194,7.200000000000002e-05,0.0002390000000000005,-0.00026199999999999835
16150,-0.00164,0.012214000000000001,-0.07229000000000001,9.199999999999985e-05,4.799999999999943e-05,-0.00012099999999999611
10445,0.00893,-0.011054,-0.072232,-4.49999999999999e-05,1.899999999999992e-05,-9.699999999998599e-05
9747,-0.0024249999999999996,-0.004187000000000001,-0.06994199999999999,1.999999999999398e-06,0.00022300000000000098,1.0999999999997123e-05
16582,-0.012118,0.000798,-0.073032,-1.899999999999992e-05,3.600000000000001e-05,-3.700000000000925e-05
15478,0.0013189999999999999,-0.008637,-0.06585500000000001,0.000214,0.00026900000000000014,-0.00025199999999998834
16538,-0.0054470000000000005,-0.010471,-0.077738,-3.999999999998796e-06,0.00011800000000000005,2.5999999999998247e-05
13548,0.013401,-0.000877,-0.063669,6.600000000000009e-05,0.00030199999999999997,-4.799999999999249e-05
14178,-0.007208,0.010183,-0.06693,-2.2999999999999583e-05,0.0002349999999999991,4.500000000000337e-05
15923,-0.004695,0.003884,-0.062052,0.00010000000000000026,0.00043800000000000045,-0.00011099999999999305
12249,0.014062,-0.005138,-0.075051,3.400000000000104e-05,6.700000000000022e-05,-0.00011899999999999411
15874,0.005588,0.0028399999999999996,-0.059043,0.00012199999999999971,0.0003240000000000005,0.00010999999999999899
14476,0.014835000000000001,0.008807,-0.0733,1.799999999999892e-05,2.999999999999531e-06,-0.00021000000000000185
15586,0.005138,-0.000479,-0.062158,7.499999999999955e-05,0.00030199999999999997,-7.199999999999568e-05
13833,-0.001219,-0.007450999999999999,-0.061686,0.00015400000000000006,0.0002749999999999992,-6.600000000000356e-05
16215,-0.003621,0.005211,-0.060337,-4.199999999999994e-05,0.0002969999999999995,-0.0001830000000000026
14518,-0.004835,0.010973,-0.06910899999999999,-9.99999999999994e-05,0.00036699999999999927,4.7999999999978615e-05
11405,0.001556,0.004083,-0.071747,-3.100000000000021e-05,9.399999999999947e-05,-0.00016099999999999448
14445,-0.008985,-0.006475,-0.067983,0.00020300000000000006,0.00023399999999999983,5.8000000000002494e-05
9655,0.000671,0.0050880000000000005,-0.070931,-1.6000000000000064e-05,0.0001319999999999993,-0.00014400000000000523
13103,-0.0007650000000000001,0.003176,-0.06915600000000001,2.0000000000000052e-05,0.0002199999999999997,-0.0001810000000000006
16347,-0.007467,-0.003278,-0.074585,4.0000000000000105e-05,0.00016100000000000012,6.20000000000065e-05
14914,-0.005617,0.009083,-0.07318999999999999,-9.000000000000067e-05,0.00011599999999999978,-6.90000000000135e-05
15553,0.00028399999999999996,-0.010494999999999999,-0.070783,0.00019800000000000004,0.00011599999999999978,-0.00011600000000000499
16268,0.007741,-0.011366,-0.069986,3.900000000000084e-05,-5.000000000000143e-05,-2.5999999999998247e-05
16332,0.004731,0.00842,-0.060976999999999996,1.599999999999952e-05,0.00013599999999999897,0.00011499999999999705
16672,0.017293,0.007445,-0.06834699999999999,8.999999999998592e-06,2.3999999999999716e-05,-0.00027200000000000835
16165,0.003858,0.012133,-0.072835,-0.00021699999999999975,3.7000000000000574e-05,-7.700000000000762e-05
15778,-0.005136,0.001709,-0.065196,0.00015399999999999962,0.000281,4.300000000000137e-05
14276,0.012493,-0.009044,-0.064743,0.00021999999999999797,0.00022799999999999904,-0.00010999999999999899
16260,-0.011218,0.007415,-0.062077,1.8000000000000654e-05,0.000366,-0.00017299999999999954
16224,-0.002351,0.002958,-0.061162,3.699999999999971e-05,0.00024499999999999956,-0.00011800000000000005
15518,0.008628,0.008778000000000001,-0.074799,-7.700000000000068e-05,4.29999999999979e-05,-9.999999999871223e-07
15785,0.001824,-0.001823,-0.063772,0.000304,0.00026599999999999996,-9.000000000000674e-05
16681,-0.010862,-0.002742,-0.064337,0.00018400000000000014,0.00019700000000000013,7.200000000000262e-05
11434,-0.007973,0.001958,-0.069198,0.00012699999999999864,7.899999999999964e-05,-1.8000000000004124e-05
12809,0.004248,-0.004341,-0.07339100000000001,-5.5999999999999626e-05,5.799999999999989e-05,-0.00013799999999998536
15275,-0.010773,0.005165,-0.065513,4.799999999999943e-05,0.00010799999999999959,-0.0002400000000000041
16427,0.016194,0.009201,-0.069246,-7.199999999999915e-05,-5.20000000000017e-05,-6.899999999999962e-05
9721,-0.0015309999999999998,0.004853,-0.073186,-6.800000000000013e-05,0.00012400000000000085,-0.0002269999999999911
14176,0.001824,-0.006647,-0.072197,-1.5000000000000256e-05,0.00011900000000000018,-4.800000000000637e-05
13421,-0.008833,-0.010214,-0.067005,2.400000000000145e-05,0.00011200000000000099,-3.300000000000525e-05
14114,-0.015211,-0.00999,-0.074242,-0.00012699999999999864,5.199999999999996e-05,-0.00016599999999999948
14242,-0.00876,-0.005931,-0.065253,0.00010500000000000093,8.99999999999998e-05,9.600000000001274e-05
16539,0.001444,-0.007631000000000001,-0.073911,4.3999999999999985e-05,0.0001260000000000011,-8.899999999999186e-05
14687,0.003381,0.010512,-0.076262,-4.199999999999994e-05,-9.999999999999593e-06,-0.0001280000000000031
9696,-0.003346,0.006405,-0.069674,-5.799999999999989e-05,0.0002519999999999996,-0.00010100000000000386
16292,-0.0037949999999999998,0.008997999999999999,-0.07413800000000001,-9.100000000000037e-05,0.0002420000000000009,-0.0002920000000000006
9874,0.014511,0.001917,-0.06862,0.00010800000000000046,0.00014099999999999985,-0.00014200000000000323
12181,0.012757999999999999,0.002049,-0.071802,-3.4999999999998574e-05,0.00015200000000000023,-0.00011600000000000499
14232,0.001355,0.004926,-0.073337,-0.00015300000000000014,4.49999999999999e-05,-0.0001840000000000036
15128,-0.007651,0.012683,-0.07112399999999999,-4.700000000000017e-05,0.00016200000000000069,-5.500000000001337e-05
14435,-0.002964,-0.0023279999999999998,-0.07383799999999999,1.7999999999999787e-05,0.00012299999999999985,1.6999999999989246e-05
14442,-0.0060739999999999995,-0.0038380000000000003,-0.067488,4.0000000000000105e-05,0.00020700000000000059,0.00019600000000000173
15134,0.006694,0.00041299999999999996,-0.063245,6.999999999999194e-06,0.00010500000000000006,8.899999999999186e-05
15433,-0.011186,0.005475,-0.072169,-7.199999999999915e-05,3.300000000000004e-05,-3.199999999999037e-05
15991,-0.002427,0.010863,-0.071534,-8.90000000000001e-05,1.1000000000000593e-05,-5.3999999999998494e-05
9640,-0.0020819999999999996,0.007638,-0.072047,-0.00013500000000000057,0.00013400000000000044,-0.00014400000000000523
14983,0.016579,0.006318,-0.069931,2.1000000000000185e-05,6.499999999999995e-05,-0.00019700000000000273
13575,0.015864,-0.011512,-0.07121899999999999,-1.1000000000000593e-05,0.00017400000000000054,-4.000000000001225e-05
14439,0.0050869999999999995,-0.00307,-0.07083199999999999,6.900000000000048e-05,2.2999999999999583e-05,-0.0001280000000000031
9694,-0.00826,-0.0026920000000000004,-0.06946,-2.999999999999531e-06,8.300000000000061e-05,0.0001270000000000021
14118,-0.008977,-0.00227,-0.06728,8.099999999999948e-05,8.199999999999961e-05,8.900000000000574e-05
15775,-0.015214,0.010692,-0.072857,-0.0001749999999999998,1.8000000000000654e-05,6.0000000000060005e-06
13856,0.002742,0.011653,-0.063583,-9.699999999999986e-05,0.00017700000000000007,-6.399999999999462e-05
9782,-0.001009,-0.007215,-0.07207,-5.800000000000011e-05,5.400000000000023e-05,-2.4999999999997247e-05
16581,0.013470000000000001,0.011116,-0.065842,1.2999999999999123e-05,8.099999999999948e-05,-0.0003559999999999952
15793,0.006731,-0.012932,-0.066417,0.00041200000000000004,0.00013400000000000044,0.00019299999999999873
16220,-0.006255,0.0095,-0.062719,2.599999999999998e-05,0.00030900000000000025,0.0001270000000000021
16540,-0.006874,0.007961000000000001,-0.062383,-8.900000000000054e-05,0.00024099999999999816,-0.00016300000000000342
9797,0.010627000000000001,0.006423,-0.07287300000000001,-0.0001510000000000001,-0.00010299999999999979,-0.00015899999999999248
15201,0.015672000000000002,-0.007787,-0.07458100000000001,-8.000000000000194e-05,3.5999999999999574e-05,-0.0001250000000000001
15840,-0.003285,-0.009192,-0.07023399999999999,3.899999999999997e-05,0.00012599999999999938,5.0999999999981616e-05
16112,0.010589000000000001,0.011967,-0.0631,-7.700000000000068e-05,0.00022900000000000004,-0.0002920000000000006
16479,-0.007575999999999999,-0.005857,-0.06469799999999999,8.099999999999948e-05,0.00013200000000000017,0.0002799999999999886
13418,-0.000378,-0.005745,-0.066697,9.600000000000006e-05,0.00036399999999999974,-8.400000000000074e-05
14794,0.010591,0.005665,-0.066553,2.999999999999531e-06,0.0002199999999999997,-0.00013499999999999623
16690,-0.011125,0.010966,-0.06480899999999999,8.99999999999998e-05,0.00015399999999999962,9.799999999998699e-05
9794,0.0064,0.009693,-0.07389799999999999,-0.00012900000000000064,0.0001260000000000011,-0.0001810000000000006
14099,0.006755,0.0021880000000000003,-0.072086,-4.6000000000000034e-05,2.999999999999531e-06,-0.00015900000000000636
12749,-0.006639,0.00023999999999999998,-0.06817000000000001,5.299999999999923e-05,0.00021800000000000004,-0.00010899999999998411
15788,0.002614,-0.004878,-0.076646,1.4000000000000123e-05,3.600000000000044e-05,-4.899999999999349e-05
9847,-0.009429,0.006123999999999999,-0.070252,0.0,-2.799999999999938e-05,-0.00014800000000000924
16740,-0.000259,-0.009227,-0.067919,0.000219,0.0002580000000000013,-5.400000000001237e-05
12422,-0.013468,0.005341,-0.07395399999999999,-9.49999999999996e-05,1.599999999999952e-05,-1.1999999999998123e-05
16516,-0.005631000000000001,-0.000633,-0.068397,5.6000000000000494e-05,0.00012100000000000001,5.9000000000003494e-05
14440,-0.013195,0.007308,-0.071103,-7.499999999999868e-05,2.0999999999999318e-05,-9.999999999996123e-06
14111,0.007432,-0.004345,-0.07106699999999999,-5.999999999999929e-06,5.9000000000000025e-05,-9.900000000000186e-05
16482,-0.0018260000000000001,-0.0013340000000000001,-0.062435000000000004,0.00018600000000000018,0.0003030000000000001,-0.00016199999999999548
9796,-0.013028,0.010516,-0.06533,-4.999999999999796e-06,5.300000000000096e-05,2.4999999999997247e-05
16145,-0.008010999999999999,0.011439,-0.072574,-5.699999999999976e-05,0.00011400000000000125,3.499999999999337e-05
15832,-0.001443,-0.01277,-0.06833499999999999,5.600000000000006e-05,5.800000000000076e-05,-0.00014400000000000523
15817,-0.001411,0.00088,-0.072006,0.0001209999999999998,0.00017299999999999987,-0.00016099999999999448
10236,0.007057000000000001,0.002944,-0.07249599999999999,-0.00012700000000000124,-4.999999999999796e-06,-0.00020400000000000973
12070,-0.007221,0.009564999999999999,-0.076761,-5.9000000000000025e-05,3.8000000000001574e-05,-0.00011899999999999411
16496,-0.006426,0.01019,-0.069345,-1.899999999999992e-05,0.00032000000000000084,-0.00023799999999998822
13101,-0.011726,0.002313,-0.06339,5.999999999999929e-05,0.0002329999999999997,3.200000000000425e-05
14200,-0.0061470000000000006,0.002258,-0.063691,0.0001460000000000003,0.0002040000000000002,6.0999999999991616e-05
16491,-0.006615,-0.008999,-0.065749,0.00012100000000000045,0.0001559999999999999,-0.00015600000000000336
14264,0.005409,0.0011020000000000001,-0.066208,0.00015300000000000036,0.00020299999999999984,-3.599999999999437e-05
15216,-0.004199,0.001983,-0.068134,-9.000000000000327e-06,0.00021700000000000018,-7.599999999999274e-05
16336,0.007013,0.005436,-0.064836,5.5999999999999626e-05,0.0001280000000000005,-1.0999999999983245e-05
16169,-0.014854,-0.008475,-0.06905599999999999,-7.900000000000094e-05,1.0999999999998858e-05,0.0001779999999999976
15782,0.001407,0.012173999999999999,-0.07092,-8.200000000000004e-05,6.800000000000209e-05,-9.399999999999686e-05
16498,0.013178,-0.006499,-0.07249599999999999,2.300000000000045e-05,5.099999999999896e-05,3.9999999999901226e-06
13780,0.013639,-0.005046,-0.065837,-2.199999999999945e-05,0.0002500000000000002,-0.00011999999999998123
11073,-0.0031520000000000003,-4.4e-05,-0.071588,0.00014900000000000026,0.00019999999999999998,-8.000000000008e-06
14767,-0.007728,-0.005481,-0.066917,9.99999999999994e-05,0.00019099999999999933,0.00021699999999999497
14447,-0.009134999999999999,0.012306,-0.06963899999999999,-9.100000000000254e-05,4.2000000000002105e-05,-1.4000000000014001e-05
9743,-0.000804,-0.006522,-0.067911,0.00014000000000000004,0.00031899999999999984,-9.699999999999986e-05
16556,0.010923,0.006006,-0.063695,7.799999999999821e-05,0.00023700000000000023,-2.5999999999998247e-05
15786,-0.00596,0.004175,-0.074352,-4.80000000000003e-05,3.000000000000398e-06,-0.00015599999999998948
15794,-0.011891,0.009715,-0.065548,9.999999999999593e-06,2.5000000000000716e-05,-3.200000000000425e-05
10067,-0.010497999999999999,0.009641,-0.06392199999999999,2.9999999999998778e-05,0.00013799999999999923,-7.700000000000762e-05
15105,-0.001539,0.010579,-0.062244,-8.699999999999984e-05,0.0002139999999999989,-9.699999999999986e-05
9804,-0.007742,0.002166,-0.064055,8.5e-05,0.00015999999999999999,-6.999999999993123e-06
16153,0.000794,0.000971,-0.061759,4.299999999999996e-05,0.00031999999999999986,-0.00010600000000000193
15851,0.000321,-0.009568,-0.07144,0.00028,0.0002900000000000003,0.00010000000000000286
12061,-0.000472,0.001167,-0.071718,5.499999999999998e-05,0.00016599999999999991,-0.00015199999999999936
13745,0.002499,0.005035,-0.07452299999999999,-0.00010899999999999972,0.00010700000000000032,-0.00020900000000000085
16203,-0.014981999999999999,-0.005788000000000001,-0.07482299999999999,2.4999999999997247e-05,0.00015100000000000096,-0.00020300000000000873
11791,0.010216,-0.009257999999999999,-0.071023,3.300000000000178e-05,0.00012599999999999938,8.000000000008e-06
15319,0.014631,-0.003875,-0.066105,4.000000000000531e-06,0.00018100000000000017,-2.1000000000007124e-05
15527,-0.015050000000000001,0.012074,-0.073004,-0.00010099999999999866,-1.899999999999992e-05,-3.9999999999901226e-06
15866,-0.005503999999999999,-0.0023279999999999998,-0.072924,4.69999999999993e-05,0.0001749999999999998,-2.999999999998837e-05
12518,-0.005784,-8e-05,-0.067558,9.200000000000007e-05,0.000311,-5.7999999999988616e-05
12770,-0.008779,0.01053,-0.06297699999999999,7.199999999999915e-05,0.00022400000000000024,-3.200000000000425e-05
16047,0.016248000000000002,-0.007677,-0.070515,-0.00010900000000000146,4.700000000000017e-05,-8.299999999999974e-05
15966,-0.011585000000000002,0.008671,-0.075009,-6.799999999999862e-05,5.300000000000096e-05,-7.299999999998974e-05
16508,0.003745,-0.010301,-0.067303,0.0003259999999999999,9.799999999999913e-05,-4.900000000000737e-05
15815,0.010127,-0.007494,-0.071369,8.999999999998592e-06,7.799999999999908e-05,-8.400000000000074e-05
14177,-0.003679,-0.0051340000000000005,-0.067,0.00011999999999999988,0.00028300000000000027,0.00011300000000000199
14122,0.013912,-0.00023799999999999998,-0.063285,4.99999999999997e-05,0.000188,-3.700000000000925e-05
16487,0.006795,-0.008919999999999999,-0.063871,6.100000000000029e-05,-3.300000000000004e-05,-1.7000000000003124e-05
16196,0.004886,0.011248,-0.07017799999999999,-0.00016399999999999922,-8.700000000000027e-05,-0.00015900000000000636
9766,0.012650999999999999,0.0054080000000000005,-0.074567,-7.799999999999821e-05,-2.9000000000001247e-05,-0.00021100000000001673
14646,0.015558,-0.0074589999999999995,-0.071812,-8.200000000000048e-05,7.099999999999988e-05,-0.0001799999999999996
9980,0.007554,0.007977,-0.07246999999999999,-0.00013599999999999984,1.1000000000000593e-05,-0.00016000000000000736
14123,0.007187000000000001,-0.005744,-0.068997,-4.7000000000001034e-05,0.00011599999999999978,-2.0999999999993246e-05
13177,-0.011757,0.0014119999999999998,-0.067271,2.8000000000000247e-05,0.000129,1.1999999999998123e-05
16186,-0.010464000000000001,-0.0027559999999999998,-0.07396299999999999,-4.49999999999999e-05,-2.9999999999999645e-06,-9.600000000001274e-05
12212,-0.012727,0.0017230000000000001,-0.07062,1.1000000000000593e-05,-1.8000000000000004e-05,-7.000000000000062e-05
9964,0.002274,-0.01018,-0.071015,0.00012800000000000008,7.899999999999921e-05,-2.1000000000007124e-05
16307,0.002291,-0.009273,-0.070547,0.00010399999999999993,0.00010399999999999993,8.400000000000074e-05
14191,0.008652,-0.004655,-0.073144,-1.799999999999892e-05,7.000000000000062e-05,-1.2000000000012001e-05
14332,0.010515,1.7999999999999997e-05,-0.065824,9.099999999999907e-05,0.000228,-6.70000000000115e-05
15633,0.008096,0.003783,-0.074042,-0.0001749999999999998,4.700000000000017e-05,-0.00022600000000000398
11417,0.007772,0.009573,-0.06558499999999999,-0.0001299999999999999,0.00011599999999999978,-5.900000000001737e-05
11738,0.015567000000000001,0.003339,-0.070665,-0.0001020000000000014,0.00014300000000000033,-0.0001769999999999966
13415,-0.00507,-0.003162,-0.067836,3.899999999999997e-05,0.0002049999999999999,3.699999999998149e-05
14503,-0.006272000000000001,-0.000335,-0.067214,3.000000000000398e-06,0.000323,-6.0000000000004494e-05
12090,0.014119,0.0021520000000000003,-0.070338,-4.9999999999980616e-06,0.00011499999999999965,-0.0001860000000000056
16152,0.007744,0.006188,-0.063544,6.599999999999922e-05,0.00018800000000000067,3.300000000000525e-05
16616,0.003312,-0.00894,-0.063071,2.3000000000000017e-05,0.0003070000000000017,-5.099999999999549e-05
9853,-0.010831,-0.006642,-0.068525,0.00011800000000000178,0.0001990000000000004,9.800000000000086e-05
10573,0.007175,0.00039200000000000004,-0.06987399999999999,0.00012299999999999985,0.00016199999999999998,-0.00015700000000001824
15823,-0.011418,-0.007944,-0.061172,-1.2999999999999123e-05,0.00013900000000000023,-0.00033500000000000196
9679,0.003165,0.010967000000000001,-0.068162,-5.9000000000000025e-05,0.00019699999999999926,-8.999999999999286e-05
9695,0.001503,-0.004038,-0.07084099999999999,-9.99999999999981e-06,0.0002409999999999999,1.0999999999983245e-05
15904,0.007766,0.003734,-0.071083,-0.00015500000000000062,8.000000000000194e-06,-0.00010700000000000986
16452,0.009122,-0.002199,-0.069452,8.200000000000048e-05,9.999999999999983e-05,-8.400000000000074e-05
16147,-0.0054859999999999996,-0.007377,-0.064976,0.0001239999999999991,0.00011299999999999939,-0.00013199999999999323
13792,0.013304999999999999,0.004821,-0.07346899999999999,-2.6999999999999247e-05,4.80000000000003e-05,-0.0003039999999999987
15818,-0.010714,-0.004153,-0.067081,0.00013099999999999917,0.00016299999999999908,0.00020900000000000085
11304,0.005772,-0.003257,-0.071396,1.4999999999999389e-05,9.699999999999986e-05,-0.00014300000000000423
16497,0.004934999999999999,0.009387000000000001,-0.073443,-0.0001929999999999996,0.0001289999999999989,-0.00016500000000001236
15886,0.017851,0.001325,-0.068143,2.2000000000001185e-05,0.00013000000000000012,-0.00015600000000001724
15127,-0.005483,-0.008284000000000001,-0.069968,9.399999999999947e-05,0.00019000000000000267,-0.00010899999999999799
15108,-0.0032559999999999998,0.002097,-0.06643399999999999,0.00010199999999999966,0.00015100000000000053,-1.3000000000013001e-05
9170,-0.007316,0.007335,-0.071354,-8.5e-05,0.00017299999999999954,-0.00019700000000000273
15092,-0.002006,0.006689,-0.068339,-6.100000000000029e-05,0.0002210000000000007,-0.00020000000000000573
9681,0.013354,0.0029820000000000003,-0.072402,-0.00011399999999999952,8.799999999999954e-05,-0.00011500000000000399
15780,0.006077,0.008942,-0.072488,-0.0001330000000000003,2.9999999999998778e-05,-0.00018000000000001348
15441,-0.008168,0.008482,-0.064111,7.000000000000062e-06,0.0003510000000000006,-0.00011900000000000799
14106,-0.0019950000000000002,0.010692,-0.069877,-0.0001359999999999994,3.8999999999999105e-05,-4.000000000004e-06
13209,-0.010154,-0.002503,-0.067164,0.00031799999999999884,0.00032400000000000007,0.0001850000000000046
15480,0.010076,-0.009499,-0.07264,-6.300000000000056e-05,7.399999999999941e-05,-4.600000000000437e-05
16623,0.014292,-0.002142,-0.075309,-3.699999999999884e-05,9.200000000000007e-05,-5.8000000000002494e-05
15784,-0.011929,0.008188,-0.07566500000000001,-0.0001250000000000001,3.8999999999999105e-05,-0.00012299999999998423
16302,-0.014123,-0.007575999999999999,-0.07163,4.099999999999937e-05,0.00011799999999999918,-7.399999999999074e-05
9671,0.000381,0.003964,-0.068854,-1.200000000000002e-05,0.00017800000000000107,-0.00014300000000000423
14652,0.011035999999999999,0.004468,-0.064286,3.300000000000178e-05,0.00017900000000000034,-1.8000000000004124e-05
10371,0.009193,0.007193,-0.06704,-5.10000000000007e-05,0.00018099999999999974,-0.00014000000000000123
9697,0.001453,0.0038740000000000003,-0.069532,-5.400000000000001e-05,0.00014199999999999933,-0.00010399999999999299
16236,-0.006237,0.008529,-0.065375,-1.7999999999999787e-05,0.00022300000000000098,-3.599999999999437e-05
14760,-0.010082,-0.00287,-0.068443,0.00010400000000000166,0.00013900000000000023,0.0
15125,0.009356999999999999,0.003412,-0.063469,6.399999999999982e-05,0.00026999999999999984,-5.2999999999997494e-05
9956,-0.000623,0.001871,-0.069127,8.299999999999996e-05,0.00016200000000000003,-0.00016900000000001636
9206,0.011426,0.010794,-0.070815,-5.300000000000096e-05,-3.0000000000000512e-05,-0.00013299999999999423
14453,-0.007375,-0.007878999999999999,-0.065038,8.299999999999974e-05,0.00016399999999999922,-0.00010699999999999599
15447,-0.007557,0.000447,-0.068537,1.700000000000052e-05,0.00016399999999999997,-5.1999999999996493e-05
16364,-0.005096,0.007036,-0.06597700000000001,-0.00010299999999999979,0.000308000000000001,-6.499999999999562e-05
9901,0.011476,0.007057000000000001,-0.07021,-9.699999999999986e-05,3.2999999999999176e-05,-0.00022200000000001385
9673,0.001813,0.004971,-0.067891,2.1000000000000185e-05,0.00021300000000000052,-0.00010100000000000386
16216,-0.009241,0.001724,-0.0664,9.599999999999886e-05,0.00032300000000000015,0.00016700000000000048
10783,0.005717,0.001374,-0.065645,0.00018300000000000087,0.00018899999999999993,4.699999999999149e-05
10740,0.011652,-0.000393,-0.06999899999999999,9.000000000000327e-06,0.000127,-9.400000000001074e-05
15925,0.009561,-0.0020169999999999997,-0.062738,0.00019500000000000073,0.0002899999999999997,-7.200000000000262e-05
13848,-0.00309,-0.011991,-0.066055,0.0001519999999999998,0.00010999999999999899,-0.00022199999999999998
16143,0.003593,0.009679,-0.070243,-0.00016699999999999961,9.000000000000327e-06,-5.4999999999999494e-05
11803,-0.000544,0.00878,-0.06815600000000001,-0.000134,0.0001320000000000019,5.000000000018878e-06
16284,-0.013356999999999999,0.007098,-0.075048,-0.00014300000000000077,-1.1999999999999858e-05,1.8000000000004124e-05
15224,-0.001063,0.0067009999999999995,-0.07125100000000001,-1.1000000000000159e-05,0.00014800000000000056,-0.00016099999999999448
10415,0.007006999999999999,0.00943,-0.06858700000000001,-0.00010599999999999932,0.00019300000000000046,-0.00014999999999998348
15102,0.005333999999999999,-0.008682,-0.062556,2.8000000000001114e-05,0.0002970000000000004,-0.0001739999999999936
9670,0.0058319999999999995,0.008708,-0.07048600000000001,-4.099999999999937e-05,4.099999999999937e-05,-0.00012299999999998423
13591,0.013345000000000001,-0.000253,-0.06789400000000001,0.00010899999999999972,0.00022100000000000003,-0.00012799999999998923
12283,0.012917999999999999,0.010522,-0.06765900000000001,-0.00010299999999999893,3.200000000000078e-05,-0.00020099999999999285
10005,0.014234,0.0012549999999999998,-0.065883,8.99999999999998e-05,0.0002090000000000002,-9.199999999999486e-05
16480,-0.005189,-0.002464,-0.06889,4.0000000000000105e-05,0.00018000000000000004,0.00010700000000000986
9683,0.008858000000000001,-0.0043289999999999995,-0.069903,8.299999999999974e-05,7.699999999999981e-05,-0.00013299999999999423
10017,-0.0031509999999999997,0.00216,-0.071941,0.00011299999999999982,0.00020100000000000022,-0.00014000000000000123
16214,-0.001703,-0.0006670000000000001,-0.064638,0.00019300000000000003,0.00033000000000000005,-0.00019399999999998585
12743,-0.002538,0.000641,-0.07274599999999999,8.600000000000014e-05,0.000125,-8.200000000001262e-05
15458,-0.002994,-0.011201000000000001,-0.06418800000000001,0.0001870000000000001,0.00017500000000000154,-0.00012999999999999123
16625,0.016391,-0.006921,-0.07106399999999999,-0.00012200000000000058,9.400000000000033e-05,-0.00014700000000000824
16485,0.011992000000000001,-0.004339000000000001,-0.07028100000000001,-3.600000000000131e-05,2.8000000000001114e-05,-3.599999999998049e-05
16269,-0.001993,0.009455,-0.07398600000000001,-9.8e-05,4.4000000000000636e-05,-0.00016099999999999448
9680,0.008223000000000001,0.0027930000000000003,-0.068751,4.999999999999796e-05,0.00016899999999999988,-0.00010699999999999599
12745,0.008088,0.003735,-0.068471,-2.499999999999898e-05,0.00015700000000000002,1.4000000000014001e-05
16558,-0.000694,-0.002411,-0.070563,4.5999999999999925e-05,0.0003610000000000002,-3.899999999999737e-05
9977,0.006894999999999999,-0.0016790000000000002,-0.07094,6.900000000000135e-05,8.90000000000001e-05,-0.0001779999999999976
9835,-0.008178000000000001,0.006885,-0.06504800000000001,-1.0999999999998858e-05,0.00018400000000000014,-5.7999999999988616e-05
14208,0.001983,0.005671000000000001,-0.064503,9.099999999999994e-05,0.00033199999999999983,-5.999999999992123e-06
12475,0.013613,-0.006098,-0.071196,0.00010499999999999919,0.00010199999999999966,-5.9000000000003494e-05
13485,-0.0033599999999999997,0.0039900000000000005,-0.06871899999999999,3.699999999999971e-05,0.0002749999999999992,-0.00010600000000000886
16503,-0.006636,0.000176,-0.061043999999999994,4.30000000000005e-05,0.000312,-8.300000000000668e-05
11102,0.000145,0.008233,-0.072324,-0.00022600000000000002,-4.4000000000000636e-05,-0.00015400000000000136
15599,-0.012968,-0.0035529999999999997,-0.072142,3.7000000000000574e-05,0.00016999999999999958,-2.9000000000015125e-05
16471,0.0033309999999999998,0.0095,-0.06798900000000001,-2.499999999999985e-05,0.0002599999999999998,-7.999999999999674e-05
15096,-0.008339000000000001,-0.008417999999999998,-0.066188,-6.199999999999956e-05,0.00035199999999999815,5.8000000000002494e-05
15462,-0.00044,-0.004188,-0.06923900000000001,0.00013500000000000003,0.00037899999999999956,-0.00012199999999999711
15333,0.017672999999999998,-0.006955,-0.07182,-0.00013499999999999623,5.4999999999999494e-05,-0.00015100000000001224
10367,0.012322,-0.0049180000000000005,-0.06912900000000001,8.299999999999974e-05,0.00016900000000000075,-7.799999999998086e-05
13192,-0.006274,0.004476,-0.06961400000000001,6.299999999999969e-05,5.799999999999989e-05,-0.00012999999999999123
10752,0.006135,-0.00261,-0.065278,9.500000000000047e-05,0.00018899999999999993,-0.0001739999999999936
10756,-0.012308,0.0050620000000000005,-0.06882200000000001,-3.200000000000078e-05,-8.80000000000004e-05,-4.299999999998749e-05
16151,-0.005386,0.007442,-0.072599,-1.7999999999999787e-05,0.00014199999999999977,-9.200000000000874e-05
15920,0.0072759999999999995,0.012060000000000001,-0.07000100000000001,-1.899999999999992e-05,-1.700000000000139e-05,-0.00011099999999998611
14192,0.013034,0.008987,-0.071299,-0.00010899999999999972,2.300000000000045e-05,-0.00021599999999999397
10018,0.010951,-0.005547,-0.066967,3.300000000000004e-05,0.00010899999999999972,-3.0000000000002247e-05
16337,0.014119,-0.013111000000000001,-0.067105,0.00016000000000000042,8.99999999999998e-05,-5.100000000000937e-05
15839,0.015401,-0.012048999999999999,-0.068838,3.400000000000104e-05,0.00020399999999999759,-2.3999999999996247e-05
11107,0.014326,-0.004263,-0.069188,0.00014599999999999856,0.0001940000000000006,-0.00016700000000000048
8985,0.007562,0.009519,-0.070878,-6.000000000000016e-05,-9.999999999999593e-06,-0.00011799999999999311
11420,-0.00965,0.0023940000000000003,-0.06708499999999999,1.8000000000000654e-05,0.00027099999999999954,3.499999999999337e-05
15610,0.016807,0.008903000000000001,-0.06633700000000001,3.799999999999984e-05,3.099999999999804e-05,-0.00030499999999998584
16532,0.01623,0.003702,-0.064852,5.6000000000000494e-05,0.00018899999999999993,-6.599999999999662e-05
15187,-0.002884,0.00609,-0.070515,-7.699999999999981e-05,0.00019000000000000006,-0.0001270000000000021
11523,-0.007224,-0.009106,-0.066593,-2.0999999999999318e-05,0.0003309999999999997,2.9999999999891225e-06
16705,0.012785,-0.010099,-0.06871200000000001,0.0,0.00016000000000000042,-6.599999999999662e-05
12971,-0.002751,0.008073,-0.066464,-6.799999999999992e-05,0.0002020000000000008,-3.200000000000425e-05
15439,0.000888,0.000885,-0.06918899999999999,0.00014899999999999994,0.000174,-0.00021300000000001873
12062,-0.001012,-0.000402,-0.071801,0.00011300000000000004,0.00015300000000000003,-0.00010100000000000386
9660,0.005247,0.002484,-0.06871,1.700000000000052e-05,7.399999999999985e-05,-7.500000000000562e-05
15877,-0.012349,-0.012054,-0.06925100000000001,0.0001410000000000005,0.0003320000000000007,-8.199999999998486e-05
10413,0.005173,0.008150000000000001,-0.070202,-4.99999999999997e-05,1.899999999999992e-05,-0.00010799999999999699
9183,0.009489000000000001,0.004501000000000001,-0.06667400000000001,2.999999999999531e-06,0.0001749999999999998,-0.00013999999999998736
16490,-0.010981999999999999,0.007573000000000001,-0.064186,4.29999999999979e-05,0.000194999999999999,-0.00012799999999998923
13081,0.009769,0.008055999999999999,-0.07048900000000001,-0.00014199999999999977,4.900000000000217e-05,-0.00020499999999999685
16548,0.002557,-0.011804,-0.06651,0.00035400000000000015,0.00013699999999999997,-7.000000000000062e-05
10129,0.014895,-0.0069630000000000004,-0.071563,1.1000000000000593e-05,0.00011400000000000039,-9.900000000000186e-05
9995,-0.002091,-0.001175,-0.071307,9.699999999999986e-05,0.00018599999999999997,-6.399999999999462e-05
10462,0.011981,-0.001605,-0.069663,7.099999999999988e-05,0.00012199999999999993,-2.6999999999999247e-05
11773,0.009586,0.010622,-0.067509,-0.00010700000000000119,0.0,-0.00016500000000001236
10082,0.009234,0.011774,-0.06791,5.500000000000123e-05,4.900000000000043e-05,-0.0001270000000000021
16587,0.013470000000000001,-0.007911,-0.065858,0.00011199999999999925,0.0002180000000000003,-0.00010000000000000286
14446,-0.012144,-7.5e-05,-0.06890099999999999,2.8999999999999512e-05,2.5999999999999988e-05,1.8999999999991246e-05
16494,-0.007342,-0.003981,-0.067318,3.699999999999971e-05,0.00018400000000000014,0.00032100000000000184
9724,0.005013,0.004405,-0.067895,4.799999999999943e-05,9.899999999999926e-05,-9.000000000000674e-05
13766,-0.012792,-0.00774,-0.067983,8.000000000000021e-05,0.0001410000000000005,6.199999999999262e-05
16325,-0.005956,-0.010919,-0.065635,9.30000000000002e-05,0.00017,-0.00013499999999999623
16492,-0.0056500000000000005,-0.0028650000000000004,-0.069044,1.5000000000001124e-05,0.00022400000000000024,0.00014899999999999636
15632,0.009672,0.010617000000000001,-0.069508,-2.999999999999531e-06,-0.00013000000000000164,-7.300000000000362e-05
16470,0.003702,0.003264,-0.069243,-3.600000000000001e-05,0.0001380000000000001,-0.0001250000000000001
9675,0.008773,0.004064,-0.06909399999999999,6.000000000000796e-06,0.00021100000000000025,-0.000126000000000015
14131,0.013721,-0.0029980000000000002,-0.06861400000000001,6.100000000000029e-05,0.00018100000000000017,-0.00010999999999999899
10746,0.008618,0.010682,-0.069331,-2.8999999999999512e-05,0.00011899999999999931,-0.00017999999999998573
9764,0.011113,-0.00182,-0.06851,0.00012000000000000031,0.00010599999999999997,-9.399999999999686e-05
12914,0.012639,-0.001771,-0.069304,8.7000000000002e-05,0.00018699999999999988,-0.00013699999999999823
12819,-0.008021,0.005024,-0.069039,6.600000000000009e-05,6.000000000000016e-05,-0.00012199999999999711
9857,0.006894,0.006737,-0.070328,-0.00020100000000000066,9.60000000000006e-05,-0.00011300000000000199
9845,0.01411,-0.005785,-0.070263,8.6000000000001e-05,0.0001460000000000003,-0.00014399999999999136
13741,0.004053,-0.004298,-0.06632099999999999,0.00017400000000000054,0.00018400000000000014,-0.00017300000000000648
16500,0.01635,-0.001549,-0.0681,0.00011200000000000099,0.00025200000000000005,-0.00014400000000000523
12758,0.00558,-0.00477,-0.065963,5.400000000000023e-05,0.00015699999999999915,-0.00017500000000000848
15103,0.001742,-0.005586000000000001,-0.065526,0.00016700000000000005,0.0003180000000000006,-0.00017000000000000348
16248,0.008872999999999999,0.006301,-0.071827,-0.00011099999999999825,5.099999999999983e-05,-8.800000000000474e-05
13640,0.015505000000000001,0.008267,-0.067551,-4.6000000000002636e-05,3.500000000000031e-05,-0.0002459999999999962
14468,-0.011340999999999999,-0.005332,-0.06897299999999999,5.099999999999896e-05,0.00018400000000000014,3.199999999999037e-05
11113,0.002996,-0.005535,-0.070424,-5.3000000000000096e-05,0.00024100000000000076,-6.799999999999862e-05
15813,0.006866,0.004961999999999999,-0.066849,0.00010999999999999985,7.500000000000041e-05,-7.599999999999274e-05
16469,0.000192,0.001,-0.067283,0.00012199999999999998,0.00032899999999999987,-0.0001410000000000161
10157,0.001585,-0.009753,-0.073099,3.199999999999991e-05,0.00020199999999999906,2.3999999999996247e-05
9772,0.012217,-0.003769,-0.06914400000000001,7.399999999999941e-05,0.00017900000000000034,-2.199999999998037e-05
15121,0.000735,-0.005793,-0.064291,0.00013200000000000006,0.0002980000000000005,-0.0001749999999999946
16139,-0.0047539999999999995,0.00010499999999999999,-0.07058299999999999,8.599999999999927e-05,0.000156,-1.7000000000003124e-05
15880,-0.009087999999999999,-0.012045,-0.069218,0.00010600000000000019,0.0003439999999999988,0.00010399999999999299
