Particle,x,y,z,Vx,Vy,Vz
34564,-0.007489,0.00945,-0.061834,0.0,0.0,0.0
30722,0.005816,0.003484,-0.073972,0.0,0.0,0.0
34736,0.001637,-0.006821,-0.072448,0.0,0.0,0.0
32029,-0.011427,0.006857,-0.069471,0.0,0.0,0.0
33858,-0.010061,-0.010891999999999999,-0.07318899999999999,0.0,0.0,0.0
35319,-0.009470000000000001,-0.007452,-0.064538,0.0,0.0,0.0
31677,-0.008331,0.011094,-0.076499,0.0,0.0,0.0
33650,-0.005746,-0.009894,-0.077251,0.0,0.0,0.0
34994,0.013855000000000001,0.01245,-0.068997,0.0,0.0,0.0
35051,0.002577,0.002258,-0.068233,0.0,0.0,0.0
30402,-0.002513,0.002357,-0.07409,0.0,0.0,0.0
33922,0.004555,0.012083,-0.06820999999999999,0.0,0.0,0.0
32967,0.004386,0.008187,-0.07221899999999999,0.0,0.0,0.0
33630,-0.003697,-0.004697,-0.071188,0.0,0.0,0.0
31361,-0.00285,-0.009686,-0.067703,0.0,0.0,0.0
34162,-0.000651,0.0037040000000000003,-0.073604,0.0,0.0,0.0
34812,0.0063419999999999995,-0.006306,-0.075783,0.0,0.0,0.0
35235,0.007269,0.005703000000000001,-0.075809,0.0,0.0,0.0
31967,-0.0024140000000000003,0.013132,-0.064584,0.0,0.0,0.0
35433,-0.00788,-0.010237,-0.06827899999999999,0.0,0.0,0.0
34849,0.0043879999999999995,0.009898,-0.060734,0.0,0.0,0.0
34230,-0.006677,-0.009601,-0.064903,0.0,0.0,0.0
35182,-0.0052910000000000006,0.000126,-0.06926399999999999,0.0,0.0,0.0
34266,-0.014474,0.001474,-0.067508,0.0,0.0,0.0
33841,-0.004056,0.006418999999999999,-0.07552299999999999,0.0,0.0,0.0
34830,0.003472,0.006941,-0.061863999999999995,0.0,0.0,0.0
35100,0.008617000000000001,-0.000991,-0.061277,0.0,0.0,0.0
31694,-0.003044,0.007157,-0.07361,0.0,0.0,0.0
34820,0.013523,-0.0018919999999999998,-0.061512,0.0,0.0,0.0
35441,0.013435,0.011221,-0.066095,0.0,0.0,0.0
35385,-0.001467,0.010372,-0.058151,0.0,0.0,0.0
35258,-0.009481999999999999,0.003487,-0.062253,0.0,0.0,0.0
34463,-0.011476,-0.008324999999999999,-0.074553,0.0,0.0,0.0
35422,-0.004301999999999999,-0.007351,-0.076393,0.0,0.0,0.0
35453,0.017557,-0.007072,-0.065379,0.0,0.0,0.0
35058,-0.013977,0.01097,-0.073002,0.0,0.0,0.0
35403,0.013483,-0.006679999999999999,-0.06450499999999999,0.0,0.0,0.0
35414,0.012404,0.001288,-0.061277,0.0,0.0,0.0
31811,0.003974,-0.009932999999999999,-0.067021,0.0,0.0,0.0
33908,0.002722,-0.012135,-0.068623,0.0,0.0,0.0
35316,0.008025000000000001,-0.012162000000000001,-0.07695099999999999,0.0,0.0,0.0
35489,0.010924,0.010951,-0.06570000000000001,0.0,0.0,0.0
34187,0.001842,-0.012303000000000001,-0.067168,0.0,0.0,0.0
35060,-0.009157,0.000847,-0.063287,0.0,0.0,0.0
35333,0.012943,0.010175,-0.063833,0.0,0.0,0.0
35551,0.009698,-0.0074210000000000005,-0.065756,0.0,0.0,0.0
35369,0.0028799999999999997,-0.00561,-0.07072,0.0,0.0,0.0
26310,0.001239,0.009932999999999999,-0.069695,0.0,0.0,0.0
33556,-0.00454,0.005873000000000001,-0.06867,0.0,0.0,0.0
34291,-0.007320999999999999,0.000627,-0.061653,0.0,0.0,0.0
34787,0.005041,0.012603999999999999,-0.066346,0.0,0.0,0.0
35343,-0.005556,-0.004784,-0.07125400000000001,0.0,0.0,0.0
34169,0.012553000000000002,-0.003959,-0.06967,0.0,0.0,0.0
35373,0.003505,-0.008345,-0.064849,0.0,0.0,0.0
34805,-0.006575,0.003677,-0.061641,0.0,0.0,0.0
35099,-0.0036680000000000003,-0.008586,-0.07285599999999999,0.0,0.0,0.0
35126,0.013767,-0.005642,-0.070539,0.0,0.0,0.0
35394,-0.00536,0.002041,-0.059376,0.0,0.0,0.0
35437,-0.004803,-0.009599,-0.059595,0.0,0.0,0.0
34894,0.009554,-0.005533000000000001,-0.061780999999999996,0.0,0.0,0.0
35517,0.009283,-8.2e-05,-0.076829,0.0,0.0,0.0
35520,-0.006005,-0.001264,-0.07455200000000001,0.0,0.0,0.0
35534,-0.011720000000000001,0.009243,-0.061574,0.0,0.0,0.0
35538,0.004684,0.004586000000000001,-0.052083,0.0,0.0,0.0
35580,-0.005695,-0.00029,-0.060787,0.0,0.0,0.0
34913,0.011689,-0.006163999999999999,-0.061884,0.0,0.0,0.0
29159,0.00763,0.005407,-0.06632099999999999,0.0,0.0,0.0
32603,-0.005562999999999999,0.013560000000000001,-0.069373,0.0,0.0,0.0
33545,0.002976,0.004874,-0.065467,8.099999999999991e-05,0.00014000000000000037,1.4000000000000123e-05
34758,0.004587,-0.012077,-0.068979,9.599999999999973e-05,0.0001749999999999998,-0.00029000000000001247
34492,-0.005829,0.007086,-0.061699,-2.9999999999999645e-05,9.599999999999973e-05,4.300000000000137e-05
35391,-0.002388,-0.012016,-0.064687,0.00022199999999999998,5.7000000000001494e-05,-0.0001280000000000031
35393,0.008441,-0.0009429999999999999,-0.063325,-3.799999999999984e-05,0.00033199999999999994,0.0001330000000000081
34795,-0.005135,0.003035,-0.064554,8.69999999999994e-05,0.00036800000000000027,-5.7000000000001494e-05
30785,0.0136,0.002195,-0.066681,0.00014000000000000123,0.000147,-0.00038299999999999446
35613,0.001047,0.000916,-0.061761,0.00010300000000000001,0.0002139999999999999,-0.00019199999999999773
31978,-0.001966,-0.010872999999999999,-0.06649899999999999,0.000129,0.00012099999999999785,-0.00016800000000001536
35638,-0.015279,-0.006195,-0.075242,-7.799999999999994e-05,0.0002669999999999999,-8.500000000000174e-05
29806,0.000844,-0.0017809999999999998,-0.07187,0.00014199999999999987,0.00021799999999999988,-8.999999999999286e-05
31040,0.017326,0.002346,-0.068785,2.6999999999999247e-05,1.7000000000000088e-05,-6.199999999999262e-05
33855,-0.009066000000000001,0.0020009999999999997,-0.069047,0.00012700000000000038,0.00020500000000000032,-3.0000000000030003e-06
31545,0.004181,0.002124,-0.06534000000000001,3.0000000000000512e-05,0.00019300000000000003,-0.00012599999999998723
35879,-0.01289,0.005165,-0.078254,6.800000000000209e-05,6.399999999999982e-05,4.700000000000537e-05
30789,0.003306,-0.008817,-0.073468,0.00028200000000000013,0.00014400000000000003,-0.00032699999999999396
35717,-0.002488,0.006368,-0.060427999999999996,7.100000000000032e-05,0.00013399999999999957,-4.600000000000437e-05
34755,-0.012191,-0.005875,-0.07218300000000001,9.400000000000033e-05,0.00023399999999999983,0.000124000000000013
31845,0.011661,0.011175000000000001,-0.068449,6.399999999999982e-05,-0.00020100000000000152,-4.999999999999449e-05
35573,-0.006378,-0.007812,-0.066974,0.00010999999999999985,0.00016000000000000042,-0.0004029999999999867
35637,-0.012864,0.006942,-0.072009,2.999999999999531e-06,1.1999999999999858e-05,-0.00011599999999999111
35104,0.004008,-0.0010840000000000001,-0.060261,0.0001849999999999994,0.0001340000000000001,-5.6999999999994555e-05
35750,0.003976,-0.007483,-0.060338,0.00010999999999999985,0.0001299999999999999,-0.00024300000000000016
35388,0.0017549999999999998,-0.005816,-0.062222,0.0003669999999999999,0.00011599999999999978,-0.00031299999999999384
35082,0.012523999999999999,-0.000975,-0.075833,5.600000000000223e-05,6.69999999999999e-05,-0.00016500000000001236
35790,0.017339,0.009807,-0.074063,0.0001360000000000007,8.5e-05,-0.0001689999999999886
35604,-0.014039999999999999,0.009862,-0.07251200000000001,9.299999999999933e-05,1.800000000000239e-05,8.400000000001462e-05
35089,0.01448,-0.009011,-0.067205,0.00012800000000000138,0.00011599999999999978,1.4000000000000123e-05
35528,0.006991,0.010256,-0.061889,-9.999999999999593e-06,0.00019500000000000073,-1.2999999999999123e-05
29499,-0.0023220000000000003,0.004462,-0.065506,0.00011000000000000029,0.0002680000000000009,-0.00011800000000000699
32310,-0.007606,0.00040899999999999997,-0.06303199999999999,1.299999999999999e-05,0.000165,-1.9000000000005124e-05
35392,-0.003543,-0.011714,-0.064288,0.00012700000000000038,9.60000000000006e-05,2.1999999999994246e-05
35713,0.014601000000000001,-0.004729,-0.062827,0.0001549999999999989,0.00017899999999999947,3.499999999999337e-05
35639,0.00283,0.011457,-0.062146,0.00015999999999999999,0.00025400000000000075,0.00012999999999999817
32214,-0.009432000000000001,-0.009146000000000001,-0.073515,8.300000000000148e-05,0.00016200000000000069,-0.00010400000000000686
35740,0.011471,0.007077,-0.076556,0.0001389999999999985,0.00014500000000000016,-0.00033299999999999996
35360,0.005637,-0.00822,-0.071601,0.00019000000000000006,4.99999999999997e-05,-0.00026400000000000035
35442,0.008329000000000001,-0.003932,-0.060514000000000005,0.000167999999999998,0.00021399999999999978,-0.00018599999999999867
34734,-0.007605000000000001,0.006736,-0.06321399999999999,2.8000000000001114e-05,0.00033600000000000036,9.899999999998799e-05
35309,-0.012535000000000001,0.012477,-0.071654,7.900000000000094e-05,0.00015599999999999815,0.0001880000000000076
35355,0.009582,-0.004691,-0.06490399999999999,0.00014299999999999903,0.00026099999999999995,-0.000126000000000015
32169,0.016785,-0.00138,-0.06706999999999999,5.099999999999549e-05,5.299999999999988e-05,6.599999999998274e-05
29787,0.00311,0.005457,-0.0752,7.900000000000008e-05,0.00025600000000000015,-9.999999999996123e-06
35833,0.003928,0.0046500000000000005,-0.05742,8.100000000000034e-05,0.000253999999999999,-7.800000000000168e-05
35650,0.001666,-0.004051,-0.063246,0.00023300000000000013,0.00018599999999999953,-0.00028200000000000447
34895,0.016760999999999998,-0.005581,-0.06844,0.00012799999999999964,6.100000000000029e-05,3.0000000000002247e-05
35011,-0.006611,-0.000348,-0.069965,8.899999999999967e-05,0.00013800000000000002,-4.800000000000637e-05
35358,0.00879,-0.008664,-0.073202,0.00023100000000000204,3.8999999999999105e-05,-0.00013299999999999423
29175,0.014164999999999999,-0.0015589999999999998,-0.065833,4.700000000000017e-05,0.0001429999999999999,2.5999999999998247e-05
29518,-0.011079,0.010867000000000002,-0.072619,2.300000000000045e-05,0.00020999999999999838,-7.500000000000562e-05
33380,-0.003756,0.011597,-0.07447100000000001,-7.499999999999998e-05,8.200000000000048e-05,3.0000000000030003e-06
30118,-0.009007,0.013266,-0.066576,7.799999999999994e-05,4.4000000000000636e-05,5.9999999999990616e-05
35311,0.000733,-0.010058999999999998,-0.0755,0.00013599999999999994,0.00011899999999999931,-3.400000000000625e-05
32839,-0.002758,0.009016,-0.06840099999999999,7.699999999999981e-05,0.00012700000000000038,-3.1000000000017125e-05
35629,0.00398,0.001817,-0.071034,0.00022699999999999977,0.0002959999999999998,-2.9000000000001247e-05
35632,0.01457,-0.006974,-0.074083,2.2000000000001185e-05,-6.899999999999962e-05,7.399999999999074e-05
35635,0.011518,0.004081,-0.07538299999999999,5.999999999999929e-05,0.0003259999999999999,-0.0001250000000000001
35172,0.015644,-0.010938,-0.074599,4.799999999999943e-05,-1.3000000000000858e-05,-5.400000000001237e-05
35321,0.003306,0.000319,-0.062115000000000004,0.00010600000000000019,0.00014999999999999996,7.400000000000462e-05
34153,0.002774,-0.009736,-0.077546,0.00011699999999999992,0.00011700000000000078,-0.00012199999999999711
35712,0.008054,0.01166,-0.064572,5.4999999999999494e-05,0.00016099999999999969,0.00031899999999999984
35350,-0.010745,0.008188,-0.071908,7.299999999999841e-05,6.599999999999835e-05,-6.699999999999762e-05
35779,0.018006,0.012067,-0.072982,0.00017499999999999807,8.400000000000074e-05,-0.00026399999999998647
34960,0.012063,-0.006611,-0.06526,0.0001489999999999981,0.0001449999999999993,0.0002550000000000052
34478,-0.003196,0.012320000000000001,-0.07274599999999999,-8.000000000000194e-06,0.00010099999999999866,-9.700000000001374e-05
35192,0.017056,-0.01176,-0.073503,0.00020899999999999738,1.6999999999999654e-05,5.3999999999998494e-05
35881,0.0035240000000000002,-0.00040300000000000004,-0.060488,0.00013799999999999967,0.00021200000000000003,0.00010600000000000193
33570,0.001195,0.002816,-0.061742,2.3999999999999933e-05,0.00022600000000000007,1.4000000000000123e-05
32936,0.005639,-0.006235999999999999,-0.07211,0.00018500000000000027,9.900000000000013e-05,-0.00010300000000000586
34730,0.0067670000000000004,0.001845,-0.064731,6.399999999999982e-05,0.000384,-0.0001330000000000081
31666,-0.010266,-0.006186,-0.072843,0.00010800000000000219,0.00020499999999999945,-0.00025499999999999134
34771,0.000776,0.009371,-0.061741,7.399999999999996e-05,0.00023799999999999863,-9.40000000000038e-05
34745,0.0049640000000000005,0.003601,-0.062865,3.799999999999897e-05,0.00027999999999999987,-9.199999999999486e-05
34807,-0.00069,-0.009434,-0.069893,0.00024099999999999995,0.00025400000000000075,4.200000000000037e-05
34959,0.01123,0.012598000000000002,-0.065931,-9.999999999999593e-06,-0.00016600000000000122,6.0000000000060005e-06
35915,-0.010766,-0.002994,-0.069468,0.00013599999999999897,0.00012800000000000008,-0.00021500000000000685
35922,-0.0006730000000000001,-0.0068200000000000005,-0.062876,0.00013700000000000008,0.0002790000000000006,-0.00016800000000000148
34851,-0.012881,0.009581,-0.066839,-9.400000000000033e-05,0.0003060000000000007,2.6999999999999247e-05
31033,0.0052770000000000004,0.008327999999999999,-0.074137,-0.00011500000000000052,0.0002220000000000017,-0.00022199999999999998
35908,-0.014247,0.0033309999999999998,-0.07363,0.00015399999999999962,1.5000000000000256e-05,-0.00018799999999999373
31718,0.012478999999999999,-0.010257,-0.06804,8.500000000000174e-05,0.0001530000000000021,-3.9999999999901226e-06
33263,0.014827,0.002378,-0.068402,-9.999999999999593e-06,1.7000000000000088e-05,-0.0001850000000000046
34815,0.008339000000000001,0.003617,-0.059569000000000004,8.000000000000021e-05,0.0002850000000000001,-0.00019999999999999185
32286,0.00079,0.011623,-0.064291,6.000000000000037e-06,0.0002909999999999996,7.800000000000862e-05
33539,-0.007365999999999999,-0.003597,-0.075568,0.00019399999999999973,0.00013299999999999987,-0.00017600000000000948
29784,0.004306,0.012657,-0.068098,-4.19999999999995e-05,0.00017200000000000028,-6.399999999999462e-05
35143,-0.0022789999999999998,0.008628,-0.076661,-4.000000000000097e-06,0.00012999999999999817,-6.999999999993123e-06
35323,-0.004828000000000001,0.006479,-0.06122,2.4000000000000583e-05,6.999999999999975e-05,-1.000000000001e-06
35722,-0.006705,0.003094,-0.062628,-3.699999999999971e-05,0.00013999999999999993,-5.6000000000000494e-05
35747,-0.006248,-0.012126,-0.075892,0.00016000000000000042,6.299999999999882e-05,-7.999999999999674e-05
31068,0.002715,0.0005110000000000001,-0.06442300000000001,0.00010399999999999993,0.00013699999999999997,-3.499999999999337e-05
36029,-0.006745,-0.001696,-0.059244,-9.999999999999593e-06,6.499999999999995e-05,-0.0001820000000000016
35317,-0.013715999999999999,0.011529,-0.067689,-1.8000000000000654e-05,0.00010100000000000213,9.299999999999586e-05
35411,-0.001932,-0.012356,-0.064584,0.00018800000000000002,3.7000000000000574e-05,-9.699999999999986e-05
35714,0.005985000000000001,0.003502,-0.063121,5.699999999999889e-05,0.00024200000000000046,3.399999999999237e-05
35072,0.0014830000000000002,0.008112999999999999,-0.069006,0.00012299999999999985,0.00013400000000000044,3.999999999999837e-05
29110,0.006091999999999999,0.006656,-0.07215600000000001,-4.49999999999999e-05,0.00019300000000000046,-0.00015599999999998948
35421,0.0061070000000000004,-0.0027389999999999997,-0.07086100000000001,0.00023999999999999976,0.00022199999999999998,-0.0003480000000000011
35940,-0.006618000000000001,-0.004797,-0.066532,0.00032500000000000064,0.00016200000000000069,-0.00023400000000001198
35654,0.0074,-0.000704,-0.060578,0.0001799999999999996,0.000263,-5.7000000000001494e-05
32633,-0.012969,0.011162,-0.06798799999999999,-1.899999999999992e-05,0.00017599999999999907,4.499999999998949e-05
35911,-0.015039,-0.002019,-0.075288,9.999999999999593e-06,0.00020399999999999997,-0.0002600000000000102
34174,-0.013890000000000001,0.007915,-0.065839,-8.599999999999927e-05,-3.099999999999978e-05,-6.0000000000060005e-06
36010,0.013176,0.00032700000000000003,-0.063454,5.000000000000143e-05,0.00026499999999999994,0.00031199999999999284
31672,-0.001738,-0.007312,-0.06967,0.000165,0.0002440000000000003,-0.0001290000000000041
36178,-4.1e-05,-0.012156,-0.063844,0.000225,-1.9999999999999185e-05,-0.00016000000000000736
29811,0.011016999999999999,-0.005224,-0.06711400000000001,0.00010899999999999972,0.0001010000000000004,3.500000000000725e-05
34732,0.003736,-0.0099,-0.067802,0.00014199999999999977,0.00014400000000000003,-0.00025699999999999334
30752,0.002993,3.8e-05,-0.065853,5.9999999999999724e-05,0.000204,-0.00010699999999999599
35784,-0.01506,0.009626,-0.074218,0.00016700000000000048,-7.599999999999794e-05,9.499999999999786e-05
35491,0.001936,0.0059169999999999995,-0.064655,0.0001110000000000002,0.00015700000000000002,-1.9999999999881224e-06
34932,-0.013607,0.000132,-0.06606000000000001,8.99999999999998e-05,0.00036,-0.00027399999999999647
30743,0.015028,0.009582,-0.070337,0.00019300000000000046,-3.900000000000084e-05,-0.00011699999999999211
34195,-0.0012649999999999998,0.011673,-0.07079200000000001,-6.300000000000012e-05,0.00016000000000000042,-6.499999999999562e-05
35188,-0.0059050000000000005,-0.008522,-0.07213800000000001,7.600000000000055e-05,0.00016500000000000022,5.900000000001737e-05
35924,0.0013720000000000002,0.006093,-0.061203,-1.2000000000000075e-05,0.00015399999999999962,-0.00011199999999999405
35946,0.009798999999999999,-0.009563,-0.063749,0.00020400000000000106,0.00010500000000000093,-0.00038099999999999246
34749,-0.003828,-0.011349999999999999,-0.06806100000000001,0.00023199999999999957,9.699999999999813e-05,-0.00026299999999998547
35685,-0.010653000000000001,-0.009185,-0.064391,0.00010500000000000093,7.000000000000062e-05,-0.00010100000000000386
35989,-0.011545,-0.005598,-0.072182,0.0001739999999999988,0.0001979999999999994,-9.200000000000874e-05
35605,-0.0014479999999999999,-0.0012649999999999998,-0.064008,0.0001479999999999999,0.00036899999999999986,2.4999999999997247e-05
35644,0.011666000000000001,-0.000737,-0.062792,4.699999999999843e-05,0.000246,5.0000000000050004e-06
36025,0.013158,-0.007802,-0.06586700000000001,0.00013400000000000044,0.0001330000000000003,9.400000000001074e-05
35676,-0.005931,0.012458,-0.063724,6.799999999999948e-05,0.00037500000000000033,0.00014800000000000924
36047,0.011937,0.002697,-0.061148,6.399999999999982e-05,0.0003369999999999996,-0.00044299999999999895
35746,0.000743,-0.006318,-0.061124000000000005,0.0003160000000000001,0.0001529999999999995,-0.0003929999999999975
36090,0.012566,0.004787,-0.070131,0.0001399999999999995,0.0001510000000000001,-0.00020799999999999985
22010,0.003671,0.002045,-0.073095,0.00014300000000000033,0.0002440000000000003,4.999999999991123e-06
36117,0.015880000000000002,0.010186,-0.06474500000000001,0.00013999999999999777,0.00013599999999999897,-0.00035199999999997733
36176,-0.00736,0.0072510000000000005,-0.06818099999999999,0.00013100000000000004,2.8999999999999512e-05,6.699999999998374e-05
26032,0.012369,-0.003419,-0.071852,0.00011800000000000005,0.0001240000000000004,-6.90000000000135e-05
34929,0.018836,-0.011328,-0.07104,0.00019800000000000026,2.3999999999999716e-05,-5.7999999999988616e-05
35465,-0.009835,0.011734999999999999,-0.05978,5.9000000000000025e-05,0.00016800000000000148,-0.00016800000000000148
35695,6.7e-05,-0.001936,-0.074335,0.000107,0.00022600000000000007,-0.00012199999999999711
34692,-0.008583,0.008527,-0.069295,0.0002360000000000001,4.0000000000000105e-05,-4.200000000001425e-05
34283,-0.000365,0.004283,-0.075709,1.600000000000001e-05,0.00015199999999999936,-8.600000000000274e-05
31724,-0.0055309999999999995,-0.00316,-0.06790900000000001,7.799999999999908e-05,0.0002350000000000004,-0.00021299999999999097
34747,-0.008468999999999999,-0.009087,-0.066236,-3.0000000000002247e-05,7.799999999999994e-05,-0.00019900000000000473
35105,-0.004161,-0.008109,-0.064527,0.00014999999999999996,6.499999999999909e-05,-0.00020599999999999785
35212,0.003701,-0.004999,-0.060464,-2.099999999999975e-05,0.00018899999999999993,-0.00017500000000000848
34457,-0.0008259999999999999,-0.005248999999999999,-0.072779,5.1999999999999854e-05,0.0002469999999999998,4.999999999991123e-06
20709,0.004268,0.007324,-0.07128799999999999,-4.700000000000017e-05,0.0002279999999999999,-5.400000000001237e-05
35910,0.016960999999999997,0.001093,-0.07268899999999999,-1.3999999999996654e-05,1.1000000000000159e-05,-0.0001390000000000141
35090,0.0053159999999999995,-0.001968,-0.072265,0.00016600000000000035,0.0002930000000000001,-0.0003070000000000017
35601,-0.010209,-0.009212,-0.067093,-3.799999999999984e-05,2.199999999999945e-05,-8.900000000000574e-05
32090,0.016174,0.003873,-0.06540699999999999,0.0001879999999999972,1.1999999999999858e-05,-4.000000000001225e-05
34148,0.004006999999999999,-0.00121,-0.064929,0.000171000000000001,0.000264,-0.00014600000000000724
34063,0.000518,0.004787,-0.062507,2.0000000000000052e-05,0.0001479999999999997,-5.9000000000003494e-05
35048,0.016904,0.011111000000000001,-0.067787,0.00019800000000000026,3.999999999999837e-05,-0.00015499999999998848
34837,-0.009229,-5.9999999999999995e-05,-0.073553,9.799999999999913e-05,0.000212,-0.0001330000000000081
35704,0.010351,-0.010969,-0.066286,0.00010999999999999899,6.499999999999909e-05,-0.00014100000000000223
28828,-0.0010400000000000001,0.003962,-0.06517300000000001,-5.999999999999929e-06,0.00016599999999999948,3.800000000001025e-05
35053,-0.013605,-0.007809,-0.07195900000000001,2.5000000000000716e-05,0.00019000000000000006,-0.00016399999999999748
35620,-0.002023,-0.010372,-0.065824,0.000183,7.899999999999921e-05,-0.0003190000000000137
35609,-0.005921999999999999,-0.007528,-0.064016,0.00020099999999999892,-3.999999999999924e-05,-0.0003510000000000041
35902,-0.012338,-0.005464,-0.074225,0.00012799999999999964,0.0002600000000000007,-2.3999999999996247e-05
34748,-0.014371,0.008248,-0.06993600000000001,-0.00016399999999999922,7.200000000000088e-05,-5.999999999978245e-06
35761,0.009055,0.002114,-0.059891,0.00010699999999999946,0.00027800000000000004,-6.500000000000256e-05
36105,0.014673,0.010233,-0.069565,0.00017599999999999907,-0.00023000000000000104,-0.00010099999999998999
35688,-0.003666,0.002057,-0.061034,4.49999999999999e-05,0.0002180000000000003,-7.599999999999968e-05
35179,-0.004824,0.003114,-0.076509,6.400000000000069e-05,0.00016299999999999995,-0.00011400000000001687
34175,0.009544,-0.012386,-0.071197,0.00018400000000000014,9.199999999999833e-05,3.299999999999137e-05
35661,0.005019999999999999,0.011382999999999999,-0.061393,9.000000000000067e-05,0.00029799999999999965,0.00010399999999999993
34955,0.013446999999999999,-0.007402,-0.064114,0.00020799999999999985,0.00011699999999999992,-0.00018999999999999573
29592,-0.013545999999999999,0.0059370000000000004,-0.070175,1.799999999999892e-05,0.0003409999999999993,-7.399999999999074e-05
35376,-0.006404,-0.012383,-0.07156900000000001,0.00011500000000000052,0.00014099999999999877,-3.999999999998449e-05
35630,-0.008147,-0.004911,-0.07758799999999999,3.500000000000031e-05,6.100000000000029e-05,-0.00010100000000000386
36065,0.012739,-0.0070739999999999996,-0.06361699999999999,0.00024799999999999996,0.00020999999999999925,-3.800000000001025e-05
35116,-0.010457000000000001,-0.007173,-0.076746,5.000000000000143e-05,0.00017799999999999934,-8.000000000008e-06
34593,0.013266,0.011124,-0.069008,9.800000000000086e-05,-0.00026900000000000014,-0.00021499999999999297
34785,-0.013822,0.005036,-0.07693000000000001,-8.200000000000048e-05,0.00019499999999999986,-8.999999999997899e-05
34493,-0.005815000000000001,-0.0005769999999999999,-0.07309600000000001,0.00010000000000000113,0.0002369999999999999,-7.599999999999274e-05
36043,-0.000959,-0.001917,-0.06733499999999999,0.000205,0.0002620000000000001,-0.0001250000000000001
34144,-0.006021,0.007872,-0.061926,-7.300000000000015e-05,0.00015799999999999842,0.00014500000000000624
35084,-0.002691,0.002949,-0.062079999999999996,6.999999999999628e-06,0.000258,0.00012899999999999717
31981,0.0029100000000000003,0.012794999999999999,-0.066705,-7.700000000000025e-05,0.00020400000000000106,-3.999999999999837e-05
35653,-0.0056159999999999995,-0.010361,-0.07031100000000001,0.00018899999999999993,0.00016500000000000022,-0.00011799999999999311
35987,0.007515,0.013009999999999999,-0.06586499999999999,-2.0000000000002655e-06,0.00016700000000000048,0.00019899999999999085
34467,0.0025369999999999998,-0.008271,-0.073613,0.00014900000000000026,0.00011300000000000025,-0.0002510000000000012
30460,-0.005103,-0.00141,-0.06664199999999999,7.799999999999994e-05,0.000219,-5.7000000000001494e-05
34922,0.0055910000000000005,-0.011765000000000001,-0.07403499999999999,0.00025600000000000015,0.0001020000000000014,-0.00027500000000001135
35995,0.003036,0.008166,-0.058588,-3.600000000000001e-05,0.0002249999999999995,-0.00017400000000000054
35674,0.012196,0.006882,-0.07668699999999999,0.0001299999999999999,6.999999999999975e-05,-0.0003100000000000047
35617,-0.009471,0.001485,-0.05951,-5.699999999999976e-05,0.00026599999999999996,-0.00022699999999999804
32071,0.014038,-0.005163,-0.063162,0.0001349999999999997,0.00018899999999999993,7.100000000000162e-05
33989,0.014755,0.00694,-0.07382,0.00022900000000000004,0.00011400000000000039,-0.00016900000000000248
17489,0.012265,-0.0012079999999999999,-0.075113,7.799999999999994e-05,7.299999999999993e-05,-0.0003080000000000027
35029,0.006626,0.008966,-0.07468999999999999,3.200000000000078e-05,0.0001010000000000004,-0.00010800000000001087
35766,0.0050620000000000005,0.005528,-0.061725,2.199999999999945e-05,0.00020899999999999998,2.000000000002e-06
35348,0.004236,0.008679000000000001,-0.07410599999999999,-9.30000000000002e-05,0.00019099999999999846,-0.00020000000000000573
32599,-0.000498,-0.000421,-0.062276000000000005,0.00010099999999999996,0.000107,-1.4999999999994185e-05
31680,-0.002902,0.010497999999999999,-0.063248,0.00011200000000000012,0.00018500000000000114,8.999999999999286e-05
34189,-0.008490000000000001,0.012801,-0.06651900000000001,0.00014400000000000177,0.00010300000000000066,-4.499999999998949e-05
34781,-0.003898,0.010542,-0.072336,-2.1999999999999884e-05,0.0001349999999999997,-2.5999999999998247e-05
35500,-0.014216,-0.009661,-0.072877,6.299999999999882e-05,0.00019099999999999846,-3.200000000000425e-05
29217,-0.00554,0.008746,-0.06856100000000001,0.0001429999999999999,7.899999999999921e-05,8.800000000001862e-05
34740,-0.003887,-0.001018,-0.068581,8.699999999999984e-05,0.000389,-0.0001840000000000036
35147,-0.01419,-0.012033,-0.072503,2.5000000000000716e-05,4.2999999999999636e-05,-0.0003470000000000001
33287,0.010228999999999999,0.008504,-0.065108,0.0001020000000000014,0.00010500000000000093,8.800000000000474e-05
34447,0.007324,0.0053609999999999994,-0.06357,0.00013900000000000023,0.00018500000000000114,-2.4999999999997247e-05
35063,0.012538,-0.01092,-0.073017,0.0001839999999999984,-9.000000000000327e-06,-8.000000000008e-06
34979,-0.000243,-0.005718,-0.067574,0.000244,9.900000000000013e-05,-0.00011200000000001487
24491,0.010282,0.005847000000000001,-0.073503,2.300000000000045e-05,0.00020699999999999972,-0.0001910000000000106
35662,0.00134,-0.006732999999999999,-0.07633100000000001,0.00013199999999999996,4.399999999999977e-05,-0.00013299999999999423
28841,-0.00281,0.001917,-0.062418999999999995,2.7000000000000114e-05,0.00015599999999999967,1.8999999999998185e-05
35913,0.01105,0.005655,-0.065133,0.00019399999999999973,0.00013399999999999957,-0.0001350000000000101
35725,0.008293,-0.01281,-0.062037999999999996,0.00014300000000000077,4.49999999999999e-05,-0.00037100000000000327
33025,0.016229,0.006456000000000001,-0.06625700000000001,0.0002119999999999969,0.0002029999999999992,-0.00015599999999998948
32600,-0.0017259999999999999,0.002691,-0.064205,-3.4000000000000176e-05,0.00018500000000000027,1.6999999999989246e-05
35982,0.014753,0.012985,-0.067937,-3.200000000000078e-05,-8.700000000000027e-05,0.0001310000000000061
35408,-0.009117,-0.0042190000000000005,-0.062139,0.00031899999999999984,0.00021000000000000012,-0.00044800000000000395
34761,0.013949999999999999,-0.004968,-0.06536499999999999,0.0001810000000000006,0.00010900000000000059,7.499999999999174e-05
35402,-0.016338000000000002,-0.006634,-0.073571,6.1000000000002025e-05,0.00012399999999999998,-7.699999999999374e-05
33438,-0.004527,0.004972000000000001,-0.077417,4.900000000000043e-05,3.699999999999971e-05,-0.0001810000000000006
35169,-0.008757999999999998,0.004089000000000001,-0.060247999999999996,9.999999999999593e-06,0.00013399999999999957,-1.9000000000005124e-05
33873,0.004481,-0.005498,-0.07349299999999999,0.00013700000000000084,0.00011600000000000065,-0.00015800000000000536
36112,0.002346,-0.009861,-0.072132,0.00020100000000000022,0.00016200000000000069,-0.00044299999999999895
35118,-0.012461999999999999,0.012958,-0.067751,3.199999999999904e-05,5.299999999999923e-05,7.500000000000562e-05
34327,-0.009195,-0.010484,-0.075902,0.0002669999999999999,0.00011400000000000125,-8.799999999999086e-05
35477,-0.006981,-0.005415,-0.07642,9.10000000000008e-05,0.0001319999999999993,-0.00010899999999999799
35476,-0.0047480000000000005,0.010461999999999999,-0.074021,-6.999999999999888e-05,6.300000000000056e-05,2.2999999999995246e-05
35672,0.014428000000000002,-0.009644,-0.06489400000000001,0.0003029999999999977,0.00020700000000000059,-4.200000000000037e-05
34543,-0.0064139999999999996,-0.008886,-0.066466,6.299999999999969e-05,1.4999999999999389e-05,-0.0002360000000000001
35619,0.00415,0.010401,-0.074227,-9.200000000000007e-05,0.00010699999999999946,-0.00010299999999999199
9772,0.016309999999999998,0.00139,-0.074756,-1.4999999999997654e-05,0.00016700000000000005,-0.0002219999999999861
35729,0.009337,-0.011401999999999999,-0.064235,0.00013300000000000117,9.699999999999986e-05,-0.00016099999999999448
34132,0.010381999999999999,0.006896,-0.066871,5.300000000000096e-05,0.00010700000000000032,-0.00010000000000000286
36003,-0.013775,0.000983,-0.07717,0.00019300000000000046,7.900000000000008e-05,-4.000000000004e-06
34508,-0.005127,0.004136999999999999,-0.064068,-1.4000000000000123e-05,0.000256000000000001,1.5000000000001124e-05
29943,0.012723,0.005437,-0.066199,0.00015800000000000015,0.0001250000000000001,-0.00016900000000000248
25119,0.008351,0.003521,-0.070155,0.0001439999999999983,0.0001950000000000003,-0.00016199999999999548
34188,-0.006872,0.007862000000000001,-0.075875,9.6999999999999e-05,7.999999999999848e-05,3.300000000000525e-05
25108,0.007122,0.007937,-0.074397,-4.49999999999999e-05,0.0001520000000000011,-0.00019099999999998285
35314,-0.003401,0.004398,-0.06417700000000001,-7.400000000000028e-05,0.00020700000000000059,4.700000000001925e-05
27005,-0.0001,-0.007001,-0.072982,3.600000000000001e-05,0.00014000000000000037,1.8000000000004124e-05
35337,0.008669,0.010217,-0.065262,5.400000000000196e-05,0.00012699999999999864,-4.600000000000437e-05
35900,-0.009513,-0.007082,-0.067793,8.5e-05,8.000000000000194e-06,-0.00011799999999999311
35345,-0.000348,-0.000373,-0.07656,-9.999999999999972e-06,8.500000000000006e-05,3.0000000000002247e-05
35200,-0.007454,0.011615,-0.069303,0.00014400000000000003,6.0000000000001025e-05,0.0
35770,-0.013242,-0.001048,-0.063415,-4.999999999999796e-06,0.00024800000000000007,-0.0004669999999999952
32679,0.00352,-0.004625,-0.07187600000000001,0.00013999999999999993,0.0001399999999999995,-0.00017999999999998573
34744,0.0039700000000000004,-0.0046760000000000005,-0.074135,0.00010999999999999985,0.00021100000000000025,-3.599999999999437e-05
34141,-0.003942,0.007665,-0.063301,7.400000000000028e-05,0.0001749999999999998,0.0001799999999999996
34829,0.017968,-0.00587,-0.06784399999999999,0.00010600000000000193,4.0000000000000105e-05,-8.700000000000374e-05
29818,0.001842,-0.008806,-0.069988,0.00023400000000000005,0.00022699999999999977,-0.0002500000000000002
35894,-0.00325,0.001621,-0.060812,4.399999999999977e-05,0.00027099999999999976,-0.00011900000000000105
35903,-0.0037029999999999997,0.00016800000000000002,-0.071635,1.5999999999999955e-05,0.00032199999999999997,-8.799999999999086e-05
32672,0.000638,0.002639,-0.07611,4.9999999999999914e-05,0.0001500000000000004,2.6999999999999247e-05
35611,-0.005785,0.011326000000000001,-0.060840000000000005,-3.199999999999991e-05,0.00022099999999999898,-6.0999999999998555e-05
35918,0.016517,-0.006879,-0.071175,2.5999999999998247e-05,5.099999999999983e-05,-1.9999999999992246e-05
35130,0.008718,0.012459,-0.068628,-0.0001310000000000009,2.8999999999999512e-05,-6.0999999999991616e-05
34967,0.0027530000000000002,0.007016,-0.068539,9.299999999999977e-05,0.0001380000000000001,7.999999999999674e-05
35041,-0.004447,-0.007261999999999999,-0.06949,0.00016000000000000042,0.0001899999999999992,8.399999999998686e-05
35312,0.007208,-0.009993,-0.06720699999999999,7.799999999999994e-05,0.00022400000000000024,-0.00018100000000001448
32285,0.005106,-0.010442,-0.07042100000000001,0.00014599999999999943,0.00012400000000000085,-0.0004079999999999778
27240,-0.007925,0.0017729999999999998,-0.06839400000000001,8.299999999999974e-05,0.00017700000000000007,-0.00015999999999999348
29543,0.001623,-0.010625,-0.067059,0.00014399999999999981,8.99999999999998e-05,-0.00012000000000000899
35615,-0.012951,-0.004713,-0.06959,-4.9999999999980616e-06,0.00016900000000000075,-0.00020799999999999985
35907,-0.007807000000000001,-0.005327,-0.06615900000000001,0.00022400000000000024,0.00014700000000000043,-0.0003569999999999962
34443,-0.009179999999999999,0.004224,-0.065458,5.199999999999823e-05,0.0002889999999999993,-4.799999999999249e-05
33952,0.010728999999999999,0.005407,-0.067039,0.0002020000000000008,9.599999999999973e-05,-2.4999999999997247e-05
36159,-0.014315,-0.003286,-0.06579900000000001,0.00010799999999999872,0.0004069999999999998,-0.00010499999999998011
35069,-0.009375,-0.003418,-0.072943,0.00014699999999999956,0.00018800000000000023,-0.0001270000000000021
33724,-0.0038309999999999998,0.002614,-0.067831,0.0001969999999999997,0.0002729999999999998,-2.3999999999996247e-05
35888,-0.00344,0.011457,-0.06608499999999999,9.200000000000007e-05,0.00023500000000000083,-1.3000000000013001e-05
33252,0.00992,-0.006785,-0.065946,8.000000000000021e-05,0.00020199999999999992,-0.00013199999999999323
35999,0.015101000000000002,-0.012456,-0.073546,0.00011599999999999978,-2.1000000000000185e-05,-2.0999999999993246e-05
35596,0.007526,0.0010609999999999999,-0.06469899999999999,4.49999999999999e-05,0.00031400000000000004,-8.600000000000274e-05
33310,-0.0055839999999999996,0.004494,-0.063737,-1.600000000000039e-05,0.0002500000000000002,7.400000000000462e-05
36074,0.000447,0.003449,-0.07593000000000001,6.400000000000004e-05,0.00018500000000000027,-6.999999999993123e-06
31976,-0.009432000000000001,0.0026680000000000002,-0.071822,-0.00010999999999999899,0.00019000000000000006,-9.000000000009e-06
33042,-0.0036179999999999997,-0.008122,-0.07407599999999999,6.799999999999992e-05,0.00015500000000000062,-6.40000000000085e-05
35045,0.010137,-0.011554,-0.072077,0.00021900000000000044,-4.000000000000531e-06,6.399999999999462e-05
34286,0.00999,-0.008099,-0.064273,0.00017699999999999834,0.00014699999999999956,-0.00014000000000000123
33644,0.008258,0.002659,-0.068752,0.00019900000000000126,0.00021300000000000008,-0.00022500000000001685
35305,-0.00958,0.001004,-0.06779099999999999,0.00011099999999999999,0.00033299999999999996,-0.0001390000000000141
31966,0.006538,0.008029,-0.07468000000000001,-2.000000000001133e-06,0.00027500000000000094,-0.0003349999999999881
33652,-0.007243,0.010797000000000001,-0.07488500000000001,2.600000000000085e-05,0.00012199999999999885,-5.2999999999997494e-05
35916,0.001192,-0.004352,-0.065395,0.00022600000000000007,0.00014000000000000037,-0.0002999999999999947
33273,0.012701,-0.005730000000000001,-0.07377,0.00015299999999999862,4.60000000000009e-05,-5.8000000000002494e-05
35034,-0.008566,-0.006731,-0.067035,7.399999999999941e-05,9.8e-05,-0.0003480000000000011
32292,0.011743,-0.011777,-0.07016700000000001,0.00013299999999999944,8.099999999999948e-05,-4.000000000004e-06
34451,-0.004997,-0.00807,-0.06762,9.30000000000002e-05,8.700000000000027e-05,3.200000000000425e-05
35326,-0.012919,0.000323,-0.0685,5.400000000000023e-05,0.00024099999999999995,-0.00015799999999999148
32929,0.000865,0.007242,-0.067416,6.900000000000005e-05,0.00019800000000000026,6.30000000000075e-05
35322,-0.006382,-0.000153,-0.066584,1.7999999999999787e-05,0.000212,9.000000000000674e-05
35721,-0.000457,-0.000279,-0.072556,0.000129,0.000255,-0.0002490000000000131
34811,-0.00983,0.004078,-0.064278,9.999999999992654e-07,0.00028200000000000013,2.4999999999997247e-05
32318,-0.013710000000000002,0.011149,-0.074715,2.800000000000198e-05,0.00020400000000000106,0.00015000000000001124
30838,0.0035369999999999998,-0.00917,-0.06793099999999999,0.0001299999999999999,0.00015699999999999915,-0.00029300000000001547
34205,-0.0017529999999999998,0.010315,-0.065844,6.699999999999979e-05,0.0001770000000000018,3.799999999999637e-05
35906,-0.012111,0.002294,-0.074494,0.0001299999999999999,0.00015600000000000032,-0.00010200000000000486
35320,-0.012064,-0.008705000000000001,-0.066927,5.400000000000023e-05,8.500000000000174e-05,-7.000000000000062e-05
35657,0.011998,0.012456,-0.073482,-5.9000000000000025e-05,-0.00013299999999999944,-5.5999999999986616e-05
28716,0.008983000000000001,0.011318,-0.073112,-6.500000000000256e-05,9.200000000000007e-05,-0.0002550000000000052
34490,-0.008188,0.003391,-0.07571800000000001,5.000000000000143e-05,4.40000000000002e-05,-2.1999999999994246e-05
34483,-0.016191,-0.008103999999999998,-0.075244,-4.799999999999943e-05,0.0002749999999999992,-6.999999999998674e-05
32122,-0.000515,-0.00732,-0.064606,0.00010500000000000006,0.00015399999999999962,-0.00022700000000000498
27014,0.003959,-0.005128,-0.071597,0.00015300000000000036,0.00016099999999999969,-0.00017700000000001048
33341,0.006475,-0.0067480000000000005,-0.073296,0.0003000000000000008,9.900000000000013e-05,-0.0001300000000000051
35473,-0.014384000000000001,-0.010087,-0.072977,2.9000000000001247e-05,0.00011099999999999999,-0.00017000000000000348
34522,0.015087,-0.010086,-0.068524,0.00018500000000000114,9.39999999999986e-05,-0.00011799999999999311
35087,-0.015117,-0.004639,-0.06901600000000001,3.500000000000031e-05,0.00027699999999999947,-0.00012099999999999611
34149,0.0072629999999999995,0.006612,-0.071448,2.900000000000038e-05,0.00016199999999999982,-0.00014899999999999636
34863,0.002879,-0.008605,-0.072425,0.00018599999999999997,0.00014199999999999977,-0.0002960000000000046
35728,-0.006771,-0.010691,-0.07367,0.0001460000000000003,0.00017,3.499999999999337e-05
35711,-0.010244999999999999,0.000579,-0.07068600000000001,-3.300000000000178e-05,0.00026599999999999996,-0.00019799999999998985
35977,0.002397,-0.01251,-0.064375,0.00011200000000000012,0.00021000000000000012,-0.00023699999999998722
22799,0.00275,-0.001143,-0.07312099999999999,0.00012600000000000024,0.000196,-8.299999999999974e-05
35923,-0.00063,-0.0009310000000000001,-0.063091,0.00010000000000000005,0.00016200000000000003,4.299999999998749e-05
35430,-0.009557,0.011337,-0.064704,0.00011399999999999952,0.00020300000000000006,0.00010700000000000986
36104,0.001451,0.000331,-0.064161,0.00013599999999999984,0.00021600000000000005,-3.0000000000030003e-06
33563,0.009998,0.003404,-0.061466,7.799999999999994e-05,0.00029200000000000016,-0.00014999999999999736
35607,-0.012669,0.011167,-0.06587699999999999,0.00011899999999999931,0.00016500000000000022,8.699999999998986e-05
32312,0.010612,-0.001683,-0.06494499999999999,5.299999999999923e-05,0.000356,4.399999999998849e-05
32864,-0.013767,-0.005153,-0.069699,-5.20000000000017e-05,0.00018899999999999906,-0.0001380000000000131
27869,0.005804999999999999,-0.001377,-0.070694,0.00019600000000000086,0.000183,-0.0002920000000000006
34502,-0.001439,-0.011203,-0.065378,0.00020199999999999992,0.00013200000000000017,-5.1999999999996493e-05
35133,0.005797,-0.012598000000000002,-0.065622,-3.799999999999984e-05,7.600000000000141e-05,-0.0002360000000000001
36166,-0.010664,0.011901,-0.06804900000000001,2.8000000000000247e-05,0.00012400000000000085,-1.8999999999991246e-05
35308,0.004322,0.002218,-0.070971,0.00021900000000000044,0.0003159999999999999,-6.599999999999662e-05
35669,-0.001199,-0.0017809999999999998,-0.062056,0.000134,-3.700000000000014e-05,-0.0002529999999999963
32592,-0.0014830000000000002,0.011573,-0.065848,7.400000000000006e-05,0.00017900000000000034,2.5999999999998247e-05
30919,0.011902,-0.0034500000000000004,-0.069084,-6.699999999999935e-05,6.600000000000052e-05,0.0001280000000000031
32605,0.01428,0.006371000000000001,-0.06686700000000001,0.00013799999999999923,0.0001469999999999987,-0.00010899999999998411
33173,-0.011384,0.010353,-0.06652,-2.1000000000000185e-05,0.00018300000000000087,8.199999999999874e-05
36052,-0.005477,0.011205,-0.068272,0.00016400000000000008,0.00011300000000000025,5.8000000000002494e-05
32793,0.002978,-0.012071,-0.064393,9.39999999999999e-05,0.00013299999999999944,-7.799999999999474e-05
26996,0.006182,0.010461,-0.06962900000000001,-1.899999999999992e-05,0.00011300000000000025,-0.00011999999999998123
34449,-0.012001,-0.001625,-0.064479,5.6999999999998024e-05,0.0002639999999999999,-0.0004060000000000036
34146,-0.00588,0.001204,-0.064451,7.500000000000041e-05,0.000245,4.400000000000237e-05
32596,0.007545,0.009688,-0.068732,-1.0000000000001327e-06,6.999999999999888e-05,-0.0001290000000000041
33567,-0.013011,0.00901,-0.068187,-3.399999999999931e-05,0.00030199999999999845,-7.600000000000662e-05
35163,0.005707,-0.0032069999999999998,-0.064269,0.00023800000000000036,0.0003079999999999997,-0.0002309999999999951
31450,0.006266,0.0017330000000000002,-0.068777,0.00022099999999999984,0.000214,-0.0002329999999999971
33266,0.016227000000000002,0.0039049999999999996,-0.070967,6.799999999999862e-05,3.300000000000091e-05,-0.00020100000000000673
31132,0.016179,0.007134000000000001,-0.067015,0.00015500000000000236,0.0002599999999999998,5.9000000000003494e-05
33250,0.011698,0.001004,-0.06528400000000001,-3.799999999999984e-05,0.00028600000000000023,-7.299999999998974e-05
33114,0.000524,0.007149,-0.076181,2.9999999999999645e-06,0.00017700000000000007,-2.2000000000008124e-05
30474,-0.008211,0.0014199999999999998,-0.070413,0.0001559999999999999,0.0002180000000000001,-8.699999999998986e-05
34366,-0.005559000000000001,0.000606,-0.063515,6.900000000000048e-05,0.00022599999999999996,3.500000000000725e-05
35372,0.006964000000000001,-0.008143000000000001,-0.07148099999999999,0.0002489999999999992,0.0001020000000000014,-0.00029400000000001647
34062,0.010979,0.0007830000000000001,-0.070698,9.800000000000086e-05,0.00011399999999999995,-0.00015500000000000236
27870,-0.001454,0.011484,-0.07431499999999999,-6.7e-05,6.700000000000109e-05,-0.00017200000000000548
35042,-0.0031720000000000003,-0.007483,-0.07270900000000001,-6.199999999999956e-05,0.00020700000000000059,-2.0999999999993246e-05
25717,0.009391,0.011743,-0.06647499999999999,1.0999999999998858e-05,6.800000000000035e-05,5.7999999999988616e-05
35625,0.010052,0.001037,-0.062253,8.599999999999927e-05,0.00032700000000000025,-7.399999999999768e-05
24541,-0.010875,0.0033599999999999997,-0.070309,-0.0001020000000000014,0.0002850000000000001,0.00015400000000000136
29472,-0.00085,0.010178000000000001,-0.070312,3.399999999999996e-05,0.00018699999999999967,-3.0000000000030003e-06
28869,0.005702,0.011371000000000001,-0.074034,-6.700000000000022e-05,2.2999999999998716e-05,-0.00020799999999999985
26631,0.013903,0.003731,-0.07,0.00014400000000000003,0.00018500000000000027,-0.00013599999999998336
35772,0.016621,0.011571,-0.068605,0.00013200000000000017,-5.599999999999876e-05,-7.599999999999274e-05
33597,0.003678,-0.0023039999999999996,-0.070515,8.799999999999997e-05,0.00022299999999999967,-0.0001799999999999996
35912,0.005502,-0.0012720000000000001,-0.065308,0.00014999999999999996,0.00016799999999999996,-0.00020199999999999385
29851,-0.005762,0.005498,-0.074097,6.499999999999995e-05,0.00013399999999999957,1.5999999999988246e-05
33566,0.01246,0.0010249999999999999,-0.06679500000000001,0.00017799999999999934,0.00011000000000000007,-0.00024399999999999422
17123,0.014347,0.0079,-0.070272,0.00011700000000000078,5.3999999999998494e-05,-0.00022900000000000698
35893,-0.0060090000000000005,0.010808,-0.066631,0.00018800000000000067,0.0002459999999999997,3.299999999999137e-05
34561,-0.0025459999999999997,0.01046,-0.069718,4.2999999999999636e-05,9.099999999999907e-05,2.0999999999993246e-05
35383,0.016361999999999998,0.010759000000000001,-0.073044,0.00020800000000000332,0.00014799999999999883,-0.00010100000000000386
35706,-0.000611,-0.0017430000000000002,-0.068008,0.000306,0.00028300000000000027,9.000000000009e-06
35909,-0.006495,-0.005732,-0.076003,0.00022400000000000024,0.00014700000000000043,6.1000000000005494e-05
34453,-0.015444000000000001,0.0029590000000000003,-0.071294,8.299999999999974e-05,0.00013299999999999987,8.700000000000374e-05
34138,-0.002989,0.009868,-0.07155800000000001,0.00020899999999999998,0.0001899999999999992,-9.199999999999486e-05
29920,0.008896000000000001,-0.002036,-0.066466,2.8999999999999512e-05,0.0002980000000000001,-5.1999999999996493e-05
25719,-0.002222,-0.00029099999999999997,-0.071098,0.00015299999999999992,0.00023499999999999997,-0.00010200000000000486
34437,-0.001835,-0.009233,-0.06955599999999999,0.00012600000000000003,0.0001260000000000011,-0.00018999999999999573
27600,-0.0063479999999999995,0.005469,-0.07257999999999999,7.299999999999928e-05,0.00011800000000000005,1.000000000001e-06
33241,-0.012209,-0.001111,-0.065594,-2.999999999999531e-06,0.000331,-0.0003110000000000057
36126,-0.003884,0.000446,-0.06714400000000001,0.0001399999999999995,0.00023500000000000007,0.00010700000000000986
35857,0.006183,0.007736,-0.065672,4.99999999999997e-05,0.00013799999999999923,2.2999999999995246e-05
30414,-0.009359,-0.001769,-0.06820399999999999,0.0001999999999999988,0.00039999999999999996,-7.30000000000175e-05
21412,-0.001304,0.010159000000000001,-0.06453300000000001,2.5000000000000066e-05,0.00024199999999999916,5.7000000000001494e-05
26625,0.004222,0.005396,-0.071363,7.400000000000028e-05,0.00025100000000000035,-5.0000000000050004e-06
35606,-0.001466,-0.000885,-0.06465699999999999,0.00011099999999999999,0.0004090000000000001,-6.499999999999562e-05
35032,-0.004315,0.005254,-0.070091,8.000000000000021e-05,8.799999999999954e-05,1.2999999999999123e-05
20723,0.011933999999999998,0.008289999999999999,-0.071881,0.00017100000000000275,5.400000000000023e-05,-8.099999999999774e-05
36118,0.013645,0.006756,-0.070017,0.00011500000000000052,0.00013699999999999997,-0.00017300000000000648
33874,-0.003061,-0.008555,-0.06904099999999999,0.00013200000000000017,0.00015199999999999936,-4.800000000000637e-05
28871,-0.003294,0.007267,-0.062348,0.00016700000000000048,0.0003060000000000007,8.400000000000074e-05
29965,0.004883,-0.002388,-0.071545,0.00016299999999999995,0.00023900000000000006,-0.0001820000000000016
32937,0.002964,0.0062,-0.064743,0.0001550000000000002,0.0001990000000000004,-1.000000000001e-06
15121,0.003828,0.010723,-0.070294,-9.99999999999994e-05,0.000168999999999999,-2.9000000000001247e-05
31430,-0.0010509999999999999,0.009769,-0.07169199999999999,8.299999999999985e-05,0.00017700000000000007,-8.900000000001962e-05
31815,-0.001095,0.007892,-0.07422799999999999,8.700000000000005e-05,0.00023399999999999983,-5.600000000001437e-05
34173,-0.010919,-0.001017,-0.070589,3.099999999999978e-05,0.00018999999999999996,-0.00021500000000000685
32590,0.00509,-0.001663,-0.071394,0.00021400000000000065,0.00026500000000000004,-0.0002349999999999991
35400,-0.016030000000000003,-0.006126,-0.07059900000000001,6.800000000000209e-05,0.00023300000000000057,-4.699999999999149e-05
28579,0.004071,0.009996,-0.069964,-2.7000000000000114e-05,0.00025900000000000055,1.9999999999992246e-05
33540,-0.009795,0.009004,-0.066197,-9.000000000000327e-06,0.00043299999999999936,-5.999999999992123e-06
34494,-0.0023450000000000003,-0.004261999999999999,-0.063721,6.300000000000012e-05,0.00015999999999999868,-0.0003969999999999946
35598,-0.004507,-0.006333999999999999,-0.063261,7.499999999999955e-05,8.69999999999994e-05,-0.00014000000000000123
35931,-0.004605000000000001,0.008811999999999999,-0.072127,8.500000000000087e-05,0.0001520000000000011,4.800000000000637e-05
31183,-0.000893,0.000578,-0.071333,0.00015400000000000006,0.000183,-0.00016700000000000048
35038,-0.003898,-0.003512,-0.065814,0.00014800000000000013,0.000196,-0.00011999999999999511
36060,0.012923,0.0035369999999999998,-0.070816,0.00018299999999999914,0.00013900000000000023,-0.00015299999999998648
35327,0.005225,-0.005151,-0.064704,0.00035099999999999975,0.00020599999999999959,-0.0003579999999999972
24195,-0.003888,-0.002538,-0.07096,2.599999999999998e-05,0.00024899999999999966,9.999999999996123e-06
31679,0.003392,-0.011308,-0.06694199999999999,0.00012300000000000028,6.800000000000035e-05,-0.00023500000000001298
31513,0.01124,0.009966,-0.069617,6.899999999999962e-05,-0.00019299999999999873,-3.500000000000725e-05
35221,0.0035139999999999998,-0.002105,-0.068091,0.00012000000000000031,0.0001550000000000002,-0.00022300000000000098
35675,0.016989999999999998,-0.0006969999999999999,-0.067405,-5.5999999999997024e-05,8.399999999999998e-05,-0.00010099999999998999
30741,-0.011151999999999999,0.009659000000000001,-0.07008,9.699999999999986e-05,0.0001799999999999996,1.4000000000000123e-05
34791,0.000149,0.007097,-0.065386,3.500000000000001e-05,0.00021000000000000012,0.0001229999999999981
35892,0.009693,0.009201,-0.06767400000000001,-2.8000000000000247e-05,0.000168999999999999,-0.00010199999999999099
34762,0.012387,0.010695999999999999,-0.067373,-8.299999999999974e-05,-5.599999999999876e-05,-0.00016100000000000836
33849,0.001553,0.005625,-0.071976,6.800000000000013e-05,0.00016400000000000008,1.000000000001e-06
31057,0.002626,0.004056,-0.06502899999999999,6.200000000000042e-05,0.00015000000000000083,-0.00015700000000001824
32953,-0.001552,-0.006636,-0.06727,0.00019799999999999983,0.00015300000000000036,-0.0002479999999999982
35033,-0.009888999999999998,0.0027240000000000003,-0.063135,1.7999999999997185e-05,0.0002549999999999996,-4.600000000000437e-05
35631,0.012505,0.008249000000000001,-0.068331,1.3000000000000858e-05,4.9999999999980616e-06,1.9000000000005124e-05
35981,0.00202,-0.012119,-0.073614,8.99999999999998e-05,0.0001760000000000008,-0.00022199999999999998
31428,-0.008119,-0.001817,-0.074086,0.0001349999999999997,0.00016300000000000017,-9.599999999999886e-05
29525,0.008223000000000001,-0.001869,-0.066158,6.100000000000029e-05,0.00038599999999999984,-0.00011600000000000499
35963,-0.007268,-0.004914,-0.062509,0.0002570000000000003,0.00010000000000000026,-0.00038300000000000833
30829,0.000363,-0.007322,-0.065238,0.000136,0.00015000000000000083,-0.0002259999999999901
27546,-0.001218,0.009214,-0.066693,7.099999999999988e-05,0.00027099999999999867,5.7000000000001494e-05
35039,-0.004285,0.008372,-0.06439199999999999,0.00010099999999999953,0.00022400000000000024,0.0002289999999999931
30892,-0.000156,0.006129,-0.069358,9.2e-05,0.00025799999999999955,3.0000000000030003e-06
35340,-0.013866,0.008704,-0.06935899999999999,-5.699999999999976e-05,0.00011599999999999978,-3.300000000000525e-05
33868,0.004533000000000001,-0.009859999999999999,-0.066146,0.0001369999999999991,0.0001250000000000001,-0.00023000000000000798
35928,-0.014342,-0.000848,-0.074919,-4.999999999999796e-06,0.00011300000000000004,-7.000000000007001e-06
34200,0.007006,-0.003943,-0.067846,0.00010899999999999972,0.00020500000000000032,-0.0003480000000000011
31794,0.004365,-0.004167,-0.07331399999999999,0.00016899999999999988,0.0001749999999999998,-0.0001340000000000091
28873,-0.005586000000000001,-0.0034609999999999997,-0.069524,1.299999999999999e-05,0.00032399999999999964,-0.00010500000000000786
35306,-0.001418,0.01007,-0.06820999999999999,4.599999999999982e-05,0.0001849999999999994,5.0999999999981616e-05
29125,0.006077,0.006982,-0.064851,9.99999999999994e-05,0.00011699999999999992,-6.599999999999662e-05
35037,0.004557,-0.000472,-0.06936,0.00016099999999999969,0.000221,-0.0002299999999999941
25160,-0.004690000000000001,0.0011610000000000001,-0.072533,0.0001330000000000003,0.0002899999999999999,-8.700000000000374e-05
23520,-0.006974,0.005986,-0.072369,8.299999999999974e-05,0.00011999999999999945,7.999999999994123e-06
32616,-0.014204000000000001,0.010387,-0.074139,7.800000000000168e-05,6.299999999999882e-05,6.799999999999862e-05
35427,-0.002686,-0.01057,-0.06494899999999999,0.00018199999999999987,3.7000000000000574e-05,-0.00020499999999999685
35917,0.011914,-0.000998,-0.071573,-9.999999999999593e-06,0.00013900000000000002,-3.100000000000325e-05
30120,0.0060019999999999995,-0.00372,-0.06852599999999999,8.100000000000034e-05,0.0002660000000000002,-0.0003070000000000156
34264,-0.001479,-0.0046630000000000005,-0.06461599999999999,0.00015800000000000015,0.00020400000000000106,-0.00019700000000000273
26185,-0.013513,0.0015840000000000001,-0.067634,3.0000000000000512e-05,0.0002229999999999999,-8.799999999999086e-05
34432,0.003999,0.008805,-0.068978,4.799999999999943e-05,0.00022900000000000004,-5.999999999992123e-06
32284,0.005749,0.009561,-0.07219,5.999999999999929e-06,0.00010800000000000046,-4.899999999999349e-05
33845,-0.008349,0.008175,-0.066713,7.300000000000015e-05,0.00018699999999999967,2.799999999998637e-05
33626,-0.004282,0.00613,-0.065182,0.0001460000000000003,0.00024600000000000056,0.00010400000000000686
35891,-0.012202,0.007660999999999999,-0.067084,-0.00010699999999999946,0.00029400000000000086,-0.00013199999999999323
20570,0.011401,-0.007857,-0.066121,6.700000000000109e-05,7.799999999999908e-05,0.0001769999999999966
28625,0.00289,0.003946,-0.07029099999999999,0.00015099999999999966,0.00035899999999999994,-9.300000000000974e-05
34496,-0.0014930000000000002,0.007444,-0.068982,0.00014000000000000015,0.00019200000000000033,-8.999999999995123e-06
31743,0.003305,-0.0055,-0.07076,0.00015099999999999966,0.00020300000000000006,-0.0001239999999999991
30836,0.014523999999999999,0.006283,-0.0693,0.00014300000000000077,0.0001979999999999994,-0.00021200000000000385
35920,-0.002092,-0.011242,-0.068991,0.00017100000000000014,6.100000000000029e-05,-0.00028100000000000347
27607,-0.010676,0.010368,-0.07051900000000001,0.0001399999999999995,0.00015899999999999942,-8.699999999997599e-05
35621,0.010806,0.005029,-0.068603,0.00020900000000000085,0.00012200000000000058,-0.00021399999999999197
32643,0.012135,-0.002828,-0.065338,1.600000000000039e-05,0.0002239999999999998,-7.800000000000862e-05
31968,0.001887,0.002841,-0.069117,0.00010000000000000005,0.0002539999999999999,-2.5999999999998247e-05
31369,0.008022999999999999,-0.006296,-0.06769,-6.499999999999909e-05,0.00011500000000000052,-6.299999999999362e-05
35681,-0.008298999999999999,-0.002856,-0.066324,0.000167999999999998,0.00017599999999999994,-0.00032900000000000984
24806,-0.005795,0.001712,-0.070631,0.00010599999999999932,0.00016799999999999996,-5.2999999999997494e-05
34733,-0.005235,0.008164999999999999,-0.066072,9.800000000000086e-05,0.00024900000000000096,0.0002460000000000101
33562,-0.0011459999999999999,0.0009360000000000001,-0.064828,7.499999999999998e-05,0.00021099999999999992,-0.00011800000000000699
36008,0.0005809999999999999,-0.0030710000000000004,-0.068316,0.00022100000000000017,0.00027400000000000037,-0.0001779999999999976
32995,-0.009427,0.000241,-0.071916,-7.000000000000062e-06,0.000221,-0.0001290000000000041
34527,0.005263,-0.012695,-0.065664,2.199999999999945e-05,8.200000000000048e-05,-0.00019799999999998985
16139,0.0007239999999999999,0.009461,-0.068091,6.000000000000016e-05,0.00015199999999999936,2.0000000000006124e-05
34940,-0.010872999999999999,-0.0046879999999999995,-0.07175100000000001,8.3999999999999e-05,0.00028599999999999893,-0.00011300000000000199
35901,0.006729,-0.004711,-0.066189,0.00015300000000000036,0.00022699999999999977,-0.00020299999999999485
30409,0.009894,-0.005992,-0.067934,0.00011999999999999858,1.0000000000001327e-06,-0.00012100000000000999
33852,0.009353,-0.003088,-0.069966,5.400000000000023e-05,5.000000000000013e-05,-7.200000000000262e-05
35929,0.017048999999999998,-0.00722,-0.069477,-5.999999999999062e-06,9.30000000000002e-05,3.100000000000325e-05
32309,0.001955,-0.010402,-0.06464199999999999,0.0002599999999999998,0.00016700000000000048,-0.0002349999999999991
33245,0.006477,-0.0005290000000000001,-0.068557,0.0001849999999999994,0.00023900000000000006,-0.00025799999999999434
35693,0.008164,-0.006659,-0.065444,0.00012599999999999938,0.0002230000000000001,-0.00020799999999999985
25418,0.001557,0.010166,-0.06675700000000001,-1.6000000000000172e-05,0.00016700000000000048,0.000124000000000013
34035,0.009388,-0.009132999999999999,-0.06932899999999999,2.499999999999898e-05,7.399999999999941e-05,-7.70000000000215e-05
26013,-0.009923,-0.000588,-0.07093899999999999,5.300000000000096e-05,0.000214,-9.900000000000186e-05
35939,0.00411,-0.000358,-0.068368,9.200000000000007e-05,0.00022399999999999997,-0.00026199999999999835
34231,0.005076,-0.006269,-0.06657099999999999,0.00019600000000000086,0.0002149999999999999,-0.00029200000000001447
25194,-0.0026019999999999997,0.007579,-0.069075,0.00012799999999999964,0.00024300000000000103,0.0
31974,0.007475,0.005226,-0.067792,0.00015300000000000036,0.00018500000000000027,-9.999999999998899e-05
34250,-0.0037839999999999996,0.004174000000000001,-0.061813,3.5999999999999574e-05,0.00019099999999999933,-9.699999999999986e-05
35938,0.0038239999999999997,-0.0008900000000000001,-0.06919199999999999,0.00015200000000000066,0.00021699999999999996,-0.00028500000000000747
31131,0.00697,0.003042,-0.06761700000000001,0.00017200000000000115,0.00021100000000000025,-0.00012199999999999711
36005,0.007214000000000001,-0.011705,-0.064872,6.799999999999948e-05,0.00010399999999999993,-0.00016800000000000148
32320,0.007405,0.0026669999999999997,-0.06501,0.00016199999999999982,0.0002520000000000005,-0.00018799999999999373
22096,-0.011781,0.005476,-0.071226,6.699999999999935e-05,0.00022599999999999964,2.2000000000008124e-05
29657,0.001303,0.003369,-0.070929,7.700000000000003e-05,0.00022000000000000014,0.00010200000000000486
32657,-0.0037749999999999997,0.00432,-0.068312,0.00013999999999999993,0.0002989999999999998,-3.199999999999037e-05
35897,0.014637,-0.005208999999999999,-0.07052,0.00013200000000000017,8.299999999999887e-05,9.000000000009e-06
27255,-0.010089,0.003068,-0.068288,-1.3999999999998389e-05,0.0002660000000000002,1.000000000001e-06
34753,-0.015026,0.005059,-0.071123,7.000000000000062e-06,0.00010499999999999919,-0.00012199999999999711
29467,0.008432,0.000718,-0.06869499999999999,0.00010300000000000066,0.00022399999999999992,-0.00023200000000000998
33296,-0.0014370000000000001,-0.004339000000000001,-0.064664,0.000147,0.00019300000000000133,-0.00026600000000000235
33298,-0.009904,0.005795,-0.071476,4.89999999999987e-05,0.00021400000000000065,9.199999999999486e-05
34139,0.000937,-0.008878,-0.06543600000000001,0.000205,0.0001760000000000008,-0.00011999999999999511
29876,-0.008935,-0.000929,-0.074619,0.00014799999999999883,0.00016300000000000006,-8.799999999999086e-05
34746,0.010576,-0.001932,-0.068173,-6.399999999999982e-05,6.0999999999999856e-05,4.999999999991123e-06
33543,-0.0069770000000000006,0.004068,-0.064729,6.000000000000796e-06,0.0002550000000000009,-2.0000000000006124e-05
28570,-0.008874,0.010294000000000001,-0.069231,0.00017900000000000034,0.00010699999999999946,3.200000000000425e-05
32050,0.003624,-0.011811,-0.065866,0.0001439999999999996,2.100000000000192e-05,-0.0001880000000000076
30446,-0.008969,0.008881,-0.071795,3.099999999999978e-05,9.099999999999907e-05,4.500000000000337e-05
35102,-0.009105,-0.009075,-0.06615399999999999,2.1000000000000185e-05,9.89999999999984e-05,-0.0001350000000000101
29830,0.0006730000000000001,0.008091,-0.07026,8.199999999999993e-05,0.000283000000000002,7.200000000000262e-05
35610,-0.00758,-0.006193,-0.07259,0.00016100000000000055,0.00019399999999999973,-5.100000000000937e-05
17102,-0.000518,0.005252,-0.068653,4.3000000000000015e-05,0.00021400000000000065,6.50000000000095e-05
34728,0.000299,0.00552,-0.06866,3.600000000000001e-05,0.00024600000000000056,1.1999999999998123e-05
35113,0.010061,-0.0013440000000000001,-0.06611700000000001,1.2999999999999123e-05,0.00022999999999999995,-9.099999999999386e-05
36082,0.001711,-0.001471,-0.06419799999999999,0.000134,0.00027300000000000024,6.399999999999462e-05
22358,0.008192,-0.003384,-0.067829,4.1000000000001105e-05,0.00027199999999999967,-2.4999999999997247e-05
27266,0.001772,0.003743,-0.07271899999999999,4.500000000000012e-05,0.0002900000000000003,6.999999999998674e-05
28193,-0.002282,0.003322,-0.07246599999999999,0.00011300000000000025,0.0001820000000000003,4.899999999999349e-05
29483,0.006255,0.0018759999999999998,-0.065458,5.400000000000023e-05,0.00030500000000000037,-0.0001729999999999926
32999,0.0011970000000000001,0.0056040000000000005,-0.068035,6.599999999999965e-05,0.00022099999999999984,2.799999999998637e-05
34145,0.013967,0.000244,-0.068253,5.599999999999876e-05,6.6e-05,-1.0000000000148779e-06
35128,0.01148,-0.0008060000000000001,-0.066806,9.499999999999786e-05,0.000129,-5.5999999999986616e-05
35618,-0.0077800000000000005,-0.001049,-0.06261800000000001,3.0000000000000512e-05,0.00019300000000000003,-0.00019999999999999185
15880,-0.0016519999999999998,0.0022919999999999998,-0.070237,3.4999999999999875e-05,0.00021200000000000038,1.5000000000001124e-05
34833,0.009337,-0.006176,-0.062444,0.00015500000000000062,0.00016600000000000035,-0.0002960000000000046
34209,0.0022299999999999998,0.002247,-0.06881100000000001,0.00013600000000000027,0.0002590000000000001,-0.00011999999999998123
33280,0.00926,-0.0037370000000000003,-0.066611,5.400000000000023e-05,0.00021300000000000008,-6.0000000000004494e-05
