Particle,x,y,z,Vx,Vy,Vz
34491,-0.005377,0.012821999999999998,-0.06946200000000001,0.0,0.0,0.0
30871,0.000705,0.012435,-0.071257,0.0,0.0,0.0
32682,-0.0006360000000000001,0.008385,-0.06418800000000001,0.0,0.0,0.0
34289,-0.009122,-0.001965,-0.06503700000000001,0.0,0.0,0.0
34806,0.006533000000000001,-0.004999,-0.065762,0.0,0.0,0.0
29141,-0.005126,0.005207,-0.062969,0.0,0.0,0.0
34665,-0.007059,-0.003137,-0.064817,0.0,0.0,0.0
33917,0.002493,0.008353999999999999,-0.060751,0.0,0.0,0.0
26029,0.007481,0.01293,-0.06572199999999999,0.0,0.0,0.0
33725,0.007940000000000001,-0.011457,-0.066638,0.0,0.0,0.0
31284,-0.013334,0.005666,-0.067917,0.0,0.0,0.0
35186,0.007322,0.006133,-0.059045,0.0,0.0,0.0
31398,0.008468,-0.004554,-0.068163,0.0,0.0,0.0
31731,0.012959,0.006582,-0.07201300000000001,0.0,0.0,0.0
33988,-0.002113,-0.011367,-0.06901900000000001,0.0,0.0,0.0
34459,-0.012313000000000001,0.008645,-0.062994,0.0,0.0,0.0
35066,-0.002921,-0.005677,-0.077793,0.0,0.0,0.0
33150,0.007902,0.00895,-0.062329999999999997,0.0,0.0,0.0
31795,-0.011028,0.006123999999999999,-0.07406,0.0,0.0,0.0
33857,0.01426,-0.00265,-0.069146,0.0,0.0,0.0
34337,0.017016,-0.00731,-0.06940099999999999,0.0,0.0,0.0
34646,-0.008063,-0.004391,-0.069508,0.0,0.0,0.0
35215,-0.0049960000000000004,-0.002321,-0.063774,0.0,0.0,0.0
28547,-0.012121,0.007308,-0.06712699999999999,0.0,0.0,0.0
10157,0.0036469999999999996,0.003569,-0.073557,0.0,0.0,0.0
31059,-0.005561,-0.001663,-0.061287999999999995,0.0,0.0,0.0
35046,-0.0038889999999999997,-0.007683,-0.0631,0.0,0.0,0.0
33940,-0.001893,-0.011662,-0.06457500000000001,0.0,0.0,0.0
34440,0.002621,-0.00047599999999999997,-0.063353,0.0,0.0,0.0
34821,0.01156,-0.004008,-0.064165,0.0,0.0,0.0
32623,0.012448,0.004574,-0.069721,0.0,0.0,0.0
31685,-0.0132,0.003258,-0.07284099999999999,0.0,0.0,0.0
32822,0.013127000000000002,-0.007953,-0.065521,0.0,0.0,0.0
32689,-0.0023740000000000002,-0.006084,-0.063761,0.0,0.0,0.0
32970,-0.012727,0.004443,-0.073659,0.0,0.0,0.0
34395,-0.013609999999999999,-0.004383,-0.075862,0.0,0.0,0.0
28198,0.008909,0.001149,-0.064857,0.0,0.0,0.0
34161,0.002557,0.0014550000000000001,-0.07140300000000001,0.0,0.0,0.0
31977,0.007817000000000001,-0.008551999999999999,-0.074637,0.0,0.0,0.0
30301,0.009943,-0.003143,-0.07170699999999999,0.0,0.0,0.0
33751,-0.013260999999999998,0.005375,-0.064766,0.0,0.0,0.0
34773,0.015035,-0.000184,-0.066354,0.0,0.0,0.0
34539,0.004809,0.009717,-0.063598,0.0,0.0,0.0
31410,0.014839999999999999,0.001426,-0.075098,0.0,0.0,0.0
34775,0.011285,0.012536,-0.06459699999999999,0.0,0.0,0.0
34310,-0.011327,0.011988,-0.059421999999999996,0.0,0.0,0.0
34615,-0.009214,-0.0013109999999999999,-0.064431,0.0,0.0,0.0
34510,0.018274000000000002,0.010046,-0.071152,0.0,0.0,0.0
34534,-0.0042510000000000004,0.012138999999999999,-0.061359000000000004,0.0,0.0,0.0
35040,0.009765000000000001,0.009071999999999998,-0.06773,0.0,0.0,0.0
27238,0.010308,0.002399,-0.07375,0.0,0.0,0.0
34729,0.0031579999999999998,-0.004267,-0.063337,0.0,0.0,0.0
30751,-0.013548,0.011979,-0.074306,0.0,0.0,0.0
31796,0.009371,0.0014399999999999999,-0.073783,0.0,0.0,0.0
33270,-0.008499000000000001,0.002206,-0.06375600000000001,0.0,0.0,0.0
34464,0.011311,0.0077080000000000004,-0.062005000000000005,0.0,0.0,0.0
34487,0.006697,0.00722,-0.075692,0.0,0.0,0.0
35080,0.0014579999999999999,-0.009929,-0.06677,0.0,0.0,0.0
31971,0.0068520000000000005,0.008455,-0.072992,0.0,0.0,0.0
34589,-0.012222,0.002139,-0.07429000000000001,0.0,0.0,0.0
34460,-0.004837,0.009732,-0.074301,0.0,0.0,0.0
35109,-0.011044,-0.010523999999999999,-0.062212,0.0,0.0,0.0
34756,0.007517,-0.005450999999999999,-0.063137,0.0,0.0,0.0
35157,0.014992,-0.012342,-0.073491,0.0,0.0,0.0
34875,0.016074,-0.003923,-0.063342,0.0,0.0,0.0
35190,0.012439,-0.007287,-0.063855,0.0,0.0,0.0
35206,-0.0006770000000000001,-0.011464,-0.07481600000000001,0.0,0.0,0.0
32942,-0.002127,0.010305,-0.073428,0.0,0.0,0.0
35301,-0.005203,-0.010263,-0.065653,0.0,0.0,0.0
34778,0.002063,-0.011260999999999998,-0.06744,0.0,0.0,0.0
32930,-0.005814,-0.010966,-0.075541,0.0,0.0,0.0
34346,0.013543,0.006592,-0.07001600000000001,0.0,0.0,0.0
32473,-0.010827,-0.003094,-0.06961,0.0,0.0,0.0
33578,-0.012594,0.0031869999999999997,-0.071698,0.0,0.0,0.0
34564,-0.00747,0.009271000000000001,-0.061954999999999996,-1.899999999999992e-05,0.0001789999999999986,0.00012099999999999611
30722,0.0057859999999999995,0.003189,-0.07391500000000001,3.0000000000000512e-05,0.0002950000000000001,-5.6999999999987616e-05
34736,0.0014479999999999999,-0.007063,-0.07204,0.00018900000000000015,0.00024200000000000003,-0.0004079999999999917
32029,-0.011524,0.00645,-0.069382,9.699999999999986e-05,0.00040700000000000024,-8.900000000000574e-05
33858,-0.010133,-0.010974,-0.07308100000000001,7.199999999999915e-05,8.200000000000048e-05,-0.00010799999999998311
35319,-0.009685000000000001,-0.0075899999999999995,-0.06433499999999999,0.0002149999999999999,0.00013799999999999923,-0.00020300000000000873
31677,-0.008285,0.01104,-0.076474,-4.5999999999999167e-05,5.400000000000023e-05,-2.4999999999997247e-05
33650,-0.005875,-0.009913,-0.077134,0.00012899999999999977,1.899999999999992e-05,-0.00011700000000000599
34994,0.013769,0.012551999999999999,-0.06905,8.6000000000001e-05,-0.00010199999999999966,5.2999999999997494e-05
35051,0.0023940000000000003,0.002025,-0.06809,0.00018299999999999957,0.00023300000000000013,-0.00014300000000000423
30402,-0.002579,0.002197,-0.074107,6.600000000000009e-05,0.00015999999999999999,1.7000000000003124e-05
33922,0.0046040000000000005,0.011902,-0.068245,-4.900000000000043e-05,0.0001810000000000006,3.500000000000725e-05
32967,0.0044269999999999995,0.008013,-0.072054,-4.099999999999937e-05,0.00017400000000000054,-0.0001649999999999846
33630,-0.0038039999999999997,-0.004929,-0.071175,0.00010699999999999946,0.00023200000000000044,-1.2999999999999123e-05
31361,-0.0030459999999999997,-0.009696,-0.06765399999999999,0.00019599999999999956,9.999999999999593e-06,-4.900000000000737e-05
34162,-0.000634,0.003473,-0.07363299999999999,-1.699999999999998e-05,0.0002310000000000003,2.899999999998737e-05
34812,0.006214000000000001,-0.0065910000000000005,-0.07585800000000001,0.00012799999999999877,0.00028500000000000053,7.500000000000562e-05
35235,0.007268,0.0054800000000000005,-0.075658,1.0000000000001327e-06,0.0002230000000000001,-0.00015099999999999836
31967,-0.0025009999999999998,0.012848,-0.064719,8.69999999999994e-05,0.00028399999999999953,0.00013499999999999623
35433,-0.007985,-0.010364,-0.068176,0.00010500000000000093,0.00012700000000000038,-0.00010299999999999199
34849,0.004409,0.009513,-0.060465000000000005,-2.1000000000000185e-05,0.0003849999999999999,-0.0002689999999999984
34230,-0.006787,-0.009670999999999999,-0.06468399999999999,0.00010999999999999985,6.999999999999888e-05,-0.00021900000000001085
35182,-0.005415,-0.000114,-0.069089,0.0001239999999999991,0.00024,-0.0001749999999999946
34266,-0.014506999999999999,0.001163,-0.067305,3.299999999999831e-05,0.0003110000000000001,-0.00020299999999999485
33841,-0.004142000000000001,0.006320999999999999,-0.075477,8.6000000000001e-05,9.8e-05,-4.599999999999049e-05
34830,0.003421,0.0068070000000000006,-0.061757,5.099999999999983e-05,0.00013399999999999957,-0.00010699999999999599
35100,0.008464000000000001,-0.001262,-0.061218,0.00015300000000000036,0.0002710000000000002,-5.8999999999996555e-05
31694,-0.003213,0.007149,-0.073764,0.0001690000000000003,8.000000000000194e-06,0.00015400000000000136
34820,0.013314,-0.002072,-0.06153,0.00020900000000000085,0.00018000000000000026,1.8000000000004124e-05
35441,0.013473,0.011155,-0.066324,-3.799999999999984e-05,6.600000000000009e-05,0.0002289999999999931
35385,-0.0015329999999999999,0.010119999999999999,-0.05825,6.599999999999987e-05,0.0002520000000000005,9.900000000000186e-05
35258,-0.00945,0.003163,-0.062106,-3.199999999999904e-05,0.00032400000000000007,-0.0001470000000000013
34463,-0.011515000000000001,-0.008574,-0.074627,3.900000000000084e-05,0.00024900000000000096,7.400000000000462e-05
35422,-0.004369,-0.007439,-0.076411,6.700000000000022e-05,8.80000000000004e-05,1.8000000000004124e-05
35453,0.017242,-0.0072770000000000005,-0.065259,0.0003149999999999993,0.00020500000000000032,-0.00012000000000000899
35058,-0.014065,0.010877000000000001,-0.07306399999999999,8.799999999999954e-05,9.299999999999933e-05,6.199999999999262e-05
35403,0.013391,-0.006842,-0.064485,9.200000000000007e-05,0.00016200000000000069,-1.9999999999992246e-05
35414,0.01225,0.00094,-0.061037,0.00015399999999999962,0.0003480000000000001,-0.00023999999999999716
31811,0.0037679999999999996,-0.010097,-0.066664,0.00020600000000000045,0.00016400000000000095,-0.0003569999999999962
33908,0.002599,-0.012222,-0.068527,0.00012299999999999985,8.700000000000027e-05,-9.599999999999886e-05
35316,0.007971,-0.012131,-0.076886,5.400000000000023e-05,-3.100000000000151e-05,-6.499999999999562e-05
35489,0.010971,0.010946999999999998,-0.065933,-4.700000000000017e-05,4.000000000002266e-06,0.0002329999999999971
34187,0.001734,-0.012471999999999999,-0.067017,0.00010800000000000002,0.00016899999999999728,-0.00015100000000001224
35060,-0.00925,0.0006720000000000001,-0.063353,9.299999999999933e-05,0.00017499999999999992,6.60000000000105e-05
35333,0.012731,0.010051000000000001,-0.063858,0.00021200000000000038,0.0001239999999999991,2.4999999999997247e-05
35551,0.00958,-0.007529,-0.06564199999999999,0.00011800000000000005,0.00010799999999999959,-0.00011400000000000299
35369,0.002689,-0.005802,-0.070517,0.00019099999999999976,0.00019199999999999946,-0.00020300000000000873
26310,0.001323,0.009715,-0.069779,-8.399999999999987e-05,0.00021799999999999944,8.400000000000074e-05
33556,-0.004575,0.005681,-0.068653,3.500000000000031e-05,0.00019200000000000033,-1.6999999999989246e-05
34291,-0.007337,0.000456,-0.061427,1.600000000000039e-05,0.00017099999999999993,-0.00022599999999999704
34787,0.005077,0.012532999999999999,-0.066273,-3.5999999999999574e-05,7.099999999999988e-05,-7.300000000000362e-05
35343,-0.0056619999999999995,-0.005054,-0.07123600000000001,0.00010599999999999932,0.0002700000000000003,-1.8000000000004124e-05
34169,0.012541,-0.004017000000000001,-0.069677,1.2000000000001593e-05,5.800000000000076e-05,7.000000000007001e-06
35373,0.003148,-0.008369,-0.064543,0.0003569999999999997,2.3999999999999716e-05,-0.0003060000000000007
34805,-0.006483,0.003554,-0.061488999999999995,-9.200000000000007e-05,0.00012300000000000028,-0.0001520000000000063
35099,-0.0036309999999999997,-0.008747999999999999,-0.072722,-3.7000000000000574e-05,0.00016199999999999895,-0.00013399999999999523
35126,0.013504,-0.005687,-0.07072400000000001,0.00026299999999999935,4.49999999999999e-05,0.0001850000000000046
35394,-0.005311,0.0018440000000000002,-0.059106,-4.900000000000043e-05,0.0001969999999999997,-0.0002699999999999994
35437,-0.005056,-0.009468,-0.059179,0.00025299999999999975,-0.00013099999999999917,-0.0004159999999999997
34894,0.009441000000000001,-0.005801,-0.061704999999999996,0.00011299999999999852,0.00026799999999999914,-7.599999999999968e-05
35517,0.009409,-0.000123,-0.076729,-0.0001260000000000011,4.100000000000001e-05,-9.999999999998899e-05
35520,-0.00617,-0.001443,-0.074506,0.00016500000000000022,0.00017900000000000012,-4.600000000000437e-05
35534,-0.011802,0.009071,-0.061661,8.199999999999874e-05,0.00017200000000000028,8.700000000000374e-05
35538,0.004687,0.004386999999999999,-0.052056,-3.000000000000398e-06,0.00019900000000000126,-2.6999999999999247e-05
35580,-0.005654,-0.00042699999999999997,-0.06064,-4.100000000000024e-05,0.00013699999999999997,-0.0001470000000000013
34913,0.011592,-0.006282,-0.061718,9.699999999999986e-05,0.00011800000000000092,-0.00016599999999999948
29159,0.007472,0.005183,-0.066223,0.0001579999999999993,0.00022400000000000024,-9.799999999998699e-05
32603,-0.005564,0.013406000000000001,-0.069365,1.000000000001e-06,0.00015399999999999962,-8.000000000008e-06
33545,0.002821,0.004727,-0.065301,0.00015499999999999976,0.00014699999999999956,-0.00016599999999999948
34758,0.004485,-0.012279,-0.06867,0.00010199999999999966,0.0002020000000000008,-0.0003090000000000037
34492,-0.005779,0.007014,-0.061835999999999995,-4.99999999999997e-05,7.200000000000002e-05,0.00013699999999999823
35391,-0.0025960000000000002,-0.012074,-0.064619,0.00020800000000000029,5.7999999999999025e-05,-6.799999999999862e-05
35393,0.008492000000000001,-0.001248,-0.063338,-5.10000000000007e-05,0.00030500000000000004,1.2999999999999123e-05
34795,-0.005224,0.0026829999999999996,-0.064428,8.900000000000054e-05,0.0003520000000000003,-0.0001260000000000011
30785,0.013519,0.002003,-0.066416,8.099999999999948e-05,0.0001919999999999999,-0.00026500000000000135
35613,0.0009080000000000001,0.000655,-0.061749000000000005,0.0001389999999999999,0.00026100000000000006,-1.1999999999998123e-05
31978,-0.002114,-0.010986000000000001,-0.066422,0.00014800000000000013,0.00011300000000000199,-7.699999999999374e-05
35638,-0.015219,-0.006468,-0.075209,-5.999999999999929e-05,0.0002729999999999998,-3.300000000000525e-05
29806,0.000725,-0.002003,-0.071664,0.00011900000000000007,0.0002220000000000002,-0.00020599999999999785
31040,0.017300999999999997,0.002299,-0.068718,2.5000000000004186e-05,4.700000000000017e-05,-6.699999999999762e-05
33855,-0.009196,0.00176,-0.068876,0.00012999999999999817,0.00024099999999999968,-0.0001709999999999906
31545,0.004144999999999999,0.001943,-0.065278,3.600000000000044e-05,0.00018099999999999995,-6.20000000000065e-05
35879,-0.012928,0.005083,-0.078315,3.799999999999984e-05,8.200000000000048e-05,6.0999999999991616e-05
30789,0.003156,-0.008943,-0.073247,0.00014999999999999996,0.00012599999999999938,-0.00022099999999999898
35717,-0.002543,0.006221,-0.060457000000000004,5.499999999999993e-05,0.00014700000000000043,2.9000000000008186e-05
34755,-0.012327999999999999,-0.006143,-0.072157,0.00013699999999999823,0.000268,-2.6000000000012125e-05
31845,0.011637,0.011371000000000001,-0.06830599999999999,2.3999999999999716e-05,-0.000196,-0.00014300000000000423
35573,-0.006458,-0.007971,-0.066703,8.000000000000021e-05,0.0001590000000000003,-0.00027100000000000735
35637,-0.012872,0.006898,-0.071911,7.999999999999327e-06,4.4000000000000636e-05,-9.800000000000086e-05
35104,0.003794,-0.001256,-0.060195,0.00021400000000000021,0.00017199999999999984,-6.600000000000356e-05
35750,0.0038410000000000002,-0.007611,-0.060113999999999994,0.00013500000000000014,0.00012799999999999964,-0.00022400000000000891
35388,0.001381,-0.005968,-0.061725,0.00037399999999999977,0.00015200000000000023,-0.0004969999999999974
35082,0.012433999999999999,-0.001021,-0.07566800000000001,8.99999999999998e-05,4.6000000000000034e-05,-0.0001649999999999846
35790,0.01719,0.009701000000000001,-0.073937,0.00014899999999999983,0.00010599999999999846,-0.0001260000000000011
35604,-0.014096000000000001,0.009845000000000001,-0.072505,5.600000000000223e-05,1.699999999999792e-05,-7.000000000007001e-06
35089,0.014352,-0.009115999999999999,-0.067224,0.00012799999999999964,0.00010499999999999919,1.9000000000005124e-05
35528,0.006881,0.010039,-0.061973999999999994,0.00010999999999999985,0.00021700000000000018,8.49999999999948e-05
29499,-0.002427,0.004175,-0.065548,0.00010499999999999962,0.00028699999999999993,4.200000000000037e-05
32310,-0.007582,0.00027100000000000003,-0.062885,-2.3999999999999716e-05,0.00013799999999999994,-0.00014699999999999436
35392,-0.003641,-0.011788,-0.064179,9.8e-05,7.399999999999941e-05,-0.00010899999999999799
35713,0.01445,-0.004916,-0.062895,0.00015100000000000183,0.00018700000000000053,6.80000000000125e-05
35639,0.002676,0.011169,-0.062143000000000004,0.00015400000000000006,0.00028800000000000006,-2.9999999999960614e-06
32214,-0.009529,-0.009293,-0.073338,9.699999999999813e-05,0.00014699999999999783,-0.0001769999999999966
35740,0.011311,0.006957,-0.076148,0.00016000000000000042,0.00012000000000000031,-0.0004080000000000056
35360,0.005442,-0.008275000000000001,-0.07134,0.00019499999999999986,5.500000000000123e-05,-0.00026099999999999735
35442,0.008154,-0.004106,-0.06038,0.00017500000000000154,0.00017400000000000054,-0.00013400000000000217
34734,-0.0075899999999999995,0.006417,-0.063149,-1.5000000000001124e-05,0.00031899999999999984,-6.499999999999562e-05
35309,-0.012606,0.012321,-0.071691,7.099999999999815e-05,0.0001559999999999999,3.700000000000925e-05
35355,0.009471,-0.004923,-0.06477200000000001,0.00011099999999999999,0.00023200000000000044,-0.00013199999999997936
32169,0.016738,-0.001427,-0.067121,4.70000000000019e-05,4.700000000000017e-05,5.100000000000937e-05
29787,0.003043,0.005197,-0.075209,6.699999999999979e-05,0.0002599999999999998,8.999999999995123e-06
35833,0.003876,0.004397,-0.057386,5.199999999999996e-05,0.0002530000000000006,-3.399999999999931e-05
35650,0.0013469999999999999,-0.00429,-0.062947,0.00031900000000000006,0.0002390000000000005,-0.0002989999999999937
34895,0.016623000000000002,-0.005668,-0.06850400000000001,0.00013799999999999576,8.700000000000027e-05,6.40000000000085e-05
35011,-0.0067469999999999995,-0.00055,-0.069941,0.00013599999999999984,0.00020200000000000003,-2.3999999999996247e-05
35358,0.008542,-0.008693,-0.07307599999999999,0.00024799999999999996,2.8999999999999512e-05,-0.000126000000000015
29175,0.014057,-0.0016690000000000001,-0.065989,0.00010799999999999872,0.00011000000000000029,0.00015600000000000336
29518,-0.011127000000000001,0.010689,-0.07264100000000001,4.800000000000117e-05,0.00017800000000000107,2.2000000000008124e-05
33380,-0.0037029999999999997,0.011493,-0.074446,-5.3000000000000096e-05,0.00010399999999999993,-2.5000000000011124e-05
30118,-0.009066000000000001,0.013193,-0.06661199999999999,5.900000000000176e-05,7.300000000000015e-05,3.599999999999437e-05
35311,0.000622,-0.010189,-0.075433,0.00011099999999999999,0.00013000000000000164,-6.699999999999762e-05
32839,-0.002867,0.00887,-0.068542,0.00010900000000000016,0.0001460000000000003,0.0001410000000000161
35629,0.003735,0.0015069999999999999,-0.070953,0.000245,0.00031000000000000016,-8.099999999999774e-05
35632,0.014556,-0.006959,-0.074082,1.4000000000000123e-05,-1.5000000000000256e-05,-1.000000000001e-06
35635,0.011401999999999999,0.0037930000000000004,-0.075196,0.00011600000000000152,0.00028800000000000006,-0.00018699999999999273
35172,0.015585000000000002,-0.010898999999999999,-0.07459,5.9000000000000025e-05,-3.900000000000084e-05,-8.999999999995123e-06
35321,0.0032240000000000003,0.00020899999999999998,-0.062064999999999995,8.199999999999961e-05,0.00011000000000000002,-5.000000000000837e-05
34153,0.002677,-0.009813,-0.077344,9.699999999999986e-05,7.700000000000068e-05,-0.00020200000000000773
35712,0.008031,0.011479,-0.064896,2.300000000000045e-05,0.0001810000000000006,0.00032399999999999096
35350,-0.010792,0.008082,-0.071916,4.700000000000017e-05,0.00010600000000000019,7.999999999994123e-06
35779,0.017852,0.011933,-0.07259499999999999,0.00015400000000000136,0.00013400000000000044,-0.00038700000000001233
34960,0.011916,-0.006731,-0.065334,0.0001470000000000013,0.00012000000000000031,7.400000000000462e-05
34478,-0.003165,0.012241,-0.072635,-3.100000000000021e-05,7.900000000000094e-05,-0.00011099999999998611
35192,0.016864999999999998,-0.011762,-0.0735,0.00019100000000000367,2.0000000000002655e-06,-3.0000000000030003e-06
35881,0.00333,-0.000618,-0.060457000000000004,0.00019400000000000016,0.0002149999999999999,-3.099999999999631e-05
33570,0.001138,0.0026030000000000003,-0.061758,5.700000000000019e-05,0.00021299999999999965,1.6000000000002124e-05
32936,0.005479,-0.00632,-0.071949,0.00015999999999999955,8.400000000000074e-05,-0.00016099999999999448
34730,0.006708,0.001521,-0.064599,5.9000000000000025e-05,0.00032400000000000007,-0.00013199999999999323
31666,-0.010404,-0.006428,-0.07263700000000001,0.00013799999999999923,0.00024200000000000003,-0.00020599999999999785
34771,0.000703,0.009145,-0.061542,7.300000000000004e-05,0.0002260000000000005,-0.0001989999999999978
34745,0.004921,0.003339,-0.06278,4.30000000000005e-05,0.0002620000000000001,-8.500000000000174e-05
34807,-0.000971,-0.009721,-0.069925,0.000281,0.0002870000000000008,3.200000000000425e-05
34959,0.011222,0.012755,-0.066042,8.000000000001062e-06,-0.00015699999999999915,0.00011099999999999999
34851,-0.012796,0.009275,-0.066858,-8.5e-05,0.000305999999999999,1.9000000000005124e-05
31033,0.005363000000000001,0.008124000000000001,-0.07389100000000001,-8.600000000000014e-05,0.00020399999999999759,-0.00024599999999998234
31718,0.01242,-0.010398,-0.068005,5.899999999999829e-05,0.00014099999999999877,-3.500000000000725e-05
33263,0.014788,0.002355,-0.06826399999999999,3.8999999999999105e-05,2.3000000000000017e-05,-0.0001380000000000131
34815,0.008269,0.003353,-0.059375,7.000000000000062e-05,0.0002639999999999999,-0.00019400000000000667
32286,0.0007790000000000001,0.01134,-0.06436499999999999,1.0999999999999942e-05,0.00028300000000000027,7.399999999999074e-05
33539,-0.007538,-0.003781,-0.075514,0.00017200000000000115,0.00018400000000000014,-5.3999999999998494e-05
29784,0.00433,0.012486,-0.068022,-2.3999999999999716e-05,0.00017099999999999928,-7.600000000000662e-05
35143,-0.0022240000000000003,0.008531,-0.076544,-5.4999999999999494e-05,9.699999999999986e-05,-0.00011700000000000599
35323,-0.004856,0.006423,-0.061255000000000004,2.799999999999938e-05,5.6000000000000494e-05,3.500000000000725e-05
35722,-0.00667,0.0029500000000000004,-0.062531,-3.500000000000031e-05,0.0001439999999999996,-9.699999999999986e-05
35747,-0.006359,-0.012166,-0.075696,0.00011099999999999999,4.0000000000000105e-05,-0.00019600000000000173
31068,0.002606,0.000366,-0.064406,0.00010900000000000016,0.00014500000000000006,-1.7000000000003124e-05
35317,-0.013614000000000001,0.011459,-0.06776399999999999,-0.00010199999999999793,6.999999999999888e-05,7.499999999999174e-05
35411,-0.002063,-0.012404,-0.06442700000000001,0.00013100000000000026,4.799999999999943e-05,-0.00015699999999999048
35714,0.005934999999999999,0.003301,-0.063073,5.000000000000143e-05,0.0002009999999999998,-4.799999999999249e-05
35072,0.0013109999999999999,0.008028,-0.069003,0.00017200000000000028,8.499999999999827e-05,-3.0000000000030003e-06
29110,0.00613,0.006401,-0.072014,-3.800000000000071e-05,0.000255,-0.0001420000000000171
35421,0.005878,-0.002955,-0.07051900000000001,0.00022900000000000004,0.00021600000000000048,-0.0003419999999999951
35654,0.007168,-0.000985,-0.060688000000000006,0.00023200000000000044,0.000281,0.00011000000000000593
32633,-0.012979,0.011006,-0.067975,9.999999999999593e-06,0.0001559999999999999,-1.2999999999999123e-05
34174,-0.013832,0.007892999999999999,-0.065915,-5.800000000000076e-05,2.2000000000001185e-05,7.600000000000662e-05
31672,-0.001896,-0.007574,-0.06953,0.00015799999999999994,0.0002620000000000001,-0.00014000000000000123
29811,0.01091,-0.005292,-0.067202,0.00010699999999999946,6.799999999999948e-05,8.799999999999086e-05
34732,0.003576,-0.010044,-0.067512,0.00015999999999999999,0.00014400000000000003,-0.0002899999999999986
30752,0.002906,-0.000204,-0.065714,8.699999999999984e-05,0.000242,-0.00013900000000000023
35784,-0.015209,0.009647000000000001,-0.074344,0.00014899999999999983,-2.100000000000192e-05,0.00012599999999998723
35491,0.001813,0.0057599999999999995,-0.06463200000000001,0.00012300000000000006,0.00015700000000000002,-2.2999999999995246e-05
34932,-0.013654999999999999,-0.000222,-0.06586700000000001,4.799999999999943e-05,0.00035400000000000004,-0.00019299999999999873
30743,0.014841,0.009631,-0.070173,0.00018699999999999967,-4.900000000000043e-05,-0.00016399999999999748
34195,-0.001234,0.011497,-0.070779,-3.099999999999978e-05,0.00017599999999999907,-1.3000000000013001e-05
35188,-0.005981,-0.008718,-0.072198,7.599999999999968e-05,0.000196,5.9999999999990616e-05
34749,-0.004014,-0.011451000000000001,-0.06786700000000001,0.0001860000000000004,0.00010100000000000213,-0.00019399999999999973
35685,-0.010753,-0.009282,-0.064247,9.99999999999994e-05,9.699999999999986e-05,-0.00014400000000000523
35605,-0.001606,-0.001618,-0.06386,0.00015800000000000015,0.00035300000000000023,-0.00014799999999999536
35644,0.011616,-0.000963,-0.06286800000000001,5.000000000000143e-05,0.00022599999999999996,7.600000000000662e-05
35676,-0.005976,0.012188000000000001,-0.063915,4.500000000000077e-05,0.0002699999999999994,0.00019099999999999673
35746,0.00034300000000000004,-0.006402,-0.060712,0.0003999999999999999,8.399999999999987e-05,-0.00041200000000000264
22010,0.003539,0.001735,-0.073071,0.00013199999999999974,0.00030999999999999995,-2.3999999999996247e-05
26032,0.012218,-0.003521,-0.07177299999999999,0.0001510000000000001,0.00010199999999999966,-7.900000000000962e-05
34929,0.018653,-0.011380000000000001,-0.071012,0.00018299999999999914,5.20000000000017e-05,-2.8000000000000247e-05
35465,-0.009892,0.011594,-0.059722000000000004,5.699999999999976e-05,0.00014099999999999877,-5.7999999999995555e-05
35695,-2.9999999999999997e-05,-0.0021230000000000003,-0.074167,9.7e-05,0.00018700000000000032,-0.00016800000000000148
34692,-0.00877,0.008494,-0.06939100000000001,0.00018699999999999967,3.300000000000004e-05,9.600000000001274e-05
34283,-0.000389,0.004136999999999999,-0.075637,2.400000000000004e-05,0.00014600000000000116,-7.200000000000262e-05
31724,-0.005607,-0.003356,-0.06786,7.600000000000055e-05,0.000196,-4.900000000000737e-05
34747,-0.008444,-0.009158,-0.066028,-2.499999999999898e-05,7.099999999999988e-05,-0.00020799999999999985
35105,-0.004377,-0.008154,-0.06424200000000001,0.00021600000000000005,4.49999999999999e-05,-0.0002849999999999936
35212,0.0036880000000000003,-0.005183,-0.06041,1.2999999999999557e-05,0.00018400000000000014,-5.3999999999998494e-05
34457,-0.000906,-0.005479,-0.072791,8.00000000000001e-05,0.00023000000000000104,1.1999999999998123e-05
20709,0.004326,0.007068,-0.071244,-5.799999999999989e-05,0.00025600000000000015,-4.399999999998849e-05
35090,0.0051660000000000005,-0.002226,-0.072002,0.0001499999999999991,0.000258,-0.00026299999999999935
35601,-0.010166,-0.009218,-0.06700400000000001,-4.2999999999999636e-05,6.000000000000796e-06,-8.899999999999186e-05
32090,0.015958,0.0038399999999999997,-0.065338,0.0002160000000000009,3.300000000000048e-05,-6.899999999999962e-05
34148,0.003839,-0.0014370000000000001,-0.06480200000000001,0.0001679999999999993,0.0002270000000000002,-0.00012699999999998823
34063,0.00046,0.004632,-0.06235,5.8e-05,0.00015499999999999976,-0.00015699999999999048
35048,0.016728,0.011087999999999999,-0.067668,0.00017599999999999907,2.3000000000002185e-05,-0.00011899999999999411
34837,-0.009304,-0.00026000000000000003,-0.073392,7.500000000000041e-05,0.00020000000000000004,-0.00016099999999999448
35704,0.01024,-0.011094,-0.065963,0.00011099999999999999,0.0001250000000000001,-0.00032300000000000384
28828,-0.00106,0.003799,-0.065316,1.9999999999999836e-05,0.00016300000000000038,0.00014299999999999036
35053,-0.013661,-0.008015000000000001,-0.071782,5.599999999999876e-05,0.00020600000000000132,-0.00017700000000001048
35620,-0.0022,-0.010403,-0.065679,0.00017700000000000007,3.100000000000151e-05,-0.00014499999999999236
35609,-0.006123999999999999,-0.007492,-0.063649,0.00020199999999999992,-3.5999999999999574e-05,-0.0003670000000000062
34748,-0.014237999999999999,0.008162,-0.069922,-0.00013300000000000117,8.599999999999927e-05,-1.4000000000014001e-05
35761,0.008948000000000001,0.0018360000000000002,-0.059857,0.00010699999999999946,0.0002779999999999998,-3.399999999999931e-05
35688,-0.0037440000000000004,0.0018540000000000002,-0.060937,7.800000000000038e-05,0.00020299999999999962,-9.699999999999986e-05
35179,-0.0049039999999999995,0.002938,-0.07646800000000001,7.999999999999934e-05,0.00017599999999999994,-4.099999999998549e-05
34175,0.009472,-0.012452999999999999,-0.07131,7.200000000000088e-05,6.699999999999935e-05,0.00011300000000000199
35661,0.004948,0.01117,-0.061473999999999994,7.199999999999915e-05,0.00021299999999999965,8.09999999999908e-05
34955,0.013287,-0.00756,-0.063981,0.00015999999999999868,0.00015800000000000015,-0.0001330000000000081
29592,-0.013558,0.00563,-0.070021,1.2000000000001593e-05,0.00030700000000000085,-0.00015400000000000136
35376,-0.006498,-0.012473000000000001,-0.071434,9.400000000000033e-05,9.000000000000154e-05,-0.0001350000000000101
35630,-0.008198,-0.004997,-0.077444,5.10000000000007e-05,8.600000000000014e-05,-0.00014399999999999136
35116,-0.010478,-0.007417,-0.076872,2.099999999999845e-05,0.0002440000000000003,0.0001260000000000011
34593,0.013151999999999999,0.011365,-0.068803,0.00011400000000000125,-0.0002409999999999999,-0.00020499999999999685
34785,-0.013725,0.004816,-0.076913,-9.699999999999986e-05,0.0002199999999999997,-1.7000000000017e-05
34493,-0.005885,-0.000864,-0.07293000000000001,6.999999999999888e-05,0.00028700000000000004,-0.00016599999999999948
34144,-0.005952,0.0076950000000000005,-0.062042,-6.900000000000048e-05,0.00017700000000000007,0.00011599999999999805
35084,-0.002705,0.002738,-0.062113999999999996,1.4000000000000123e-05,0.00021099999999999982,3.399999999999931e-05
31981,0.002976,0.012609,-0.066718,-6.599999999999965e-05,0.00018599999999999867,1.2999999999999123e-05
35653,-0.005856,-0.010558,-0.07019299999999999,0.00024000000000000063,0.00019699999999999926,-0.00011800000000002087
34467,0.002391,-0.008402,-0.07336100000000001,0.00014599999999999986,0.00013099999999999917,-0.00025199999999998834
30460,-0.005183,-0.001639,-0.06658599999999999,8.000000000000021e-05,0.00022900000000000004,-5.6000000000000494e-05
34922,0.005309,-0.011817,-0.07375100000000001,0.00028200000000000013,5.199999999999823e-05,-0.0002839999999999787
35674,0.012088,0.00684,-0.076214,0.00010800000000000046,4.200000000000037e-05,-0.0004729999999999873
35617,-0.009445,0.001269,-0.059405,-2.599999999999998e-05,0.00021600000000000005,-0.00010500000000000093
32071,0.01385,-0.00541,-0.063253,0.00018800000000000067,0.0002469999999999998,9.100000000000774e-05
33989,0.014511,0.0068319999999999995,-0.07363299999999999,0.00024400000000000116,0.00010800000000000046,-0.0001870000000000066
17489,0.012173,-0.001315,-0.074884,9.200000000000007e-05,0.00010700000000000011,-0.0002289999999999931
35029,0.006575,0.008846,-0.074605,5.099999999999983e-05,0.00012000000000000031,-8.499999999998786e-05
35766,0.004965,0.005285,-0.061666,9.700000000000073e-05,0.00024300000000000016,-5.9000000000003494e-05
35348,0.0043490000000000004,0.008448,-0.07391800000000001,-0.00011300000000000025,0.0002310000000000003,-0.00018799999999997985
32599,-0.000593,-0.0005340000000000001,-0.062244999999999995,9.500000000000003e-05,0.00011300000000000009,-3.1000000000010186e-05
31680,-0.003036,0.010278,-0.063447,0.000134,0.00021999999999999797,0.00019900000000000473
34189,-0.008637,0.012706,-0.06647700000000001,0.00014699999999999956,9.49999999999996e-05,-4.200000000000037e-05
34781,-0.003888,0.010398999999999999,-0.07229300000000001,-1.0000000000000026e-05,0.00014300000000000077,-4.299999999998749e-05
35500,-0.014289,-0.009783,-0.072738,7.300000000000015e-05,0.00012200000000000058,-0.00013900000000000023
29217,-0.005715,0.008664999999999999,-0.068551,0.0001749999999999998,8.100000000000121e-05,-1.0000000000010001e-05
34740,-0.003951,-0.0014010000000000001,-0.068576,6.399999999999982e-05,0.0003830000000000001,-5.0000000000050004e-06
35147,-0.014253,-0.012078,-0.072247,6.300000000000056e-05,4.49999999999999e-05,-0.00025599999999999234
33287,0.010112,0.008356,-0.064978,0.00011699999999999905,0.00014799999999999883,-0.0001300000000000051
34447,0.00718,0.0050940000000000004,-0.063468,0.00014400000000000003,0.000266999999999999,-0.00010200000000000486
35063,0.012306,-0.01089,-0.073004,0.0002320000000000013,-2.9999999999998778e-05,-1.2999999999999123e-05
34979,-0.000518,-0.005861,-0.067652,0.000275,0.0001429999999999999,7.800000000000862e-05
24491,0.01028,0.005672,-0.07334600000000001,2.0000000000002655e-06,0.00017500000000000068,-0.00015699999999999048
35662,0.0012150000000000002,-0.006791999999999999,-0.07618699999999999,0.0001249999999999999,5.9000000000000025e-05,-0.0001440000000000191
28841,-0.002827,0.001722,-0.0625,1.7000000000000088e-05,0.00019500000000000008,8.100000000000468e-05
35725,0.008109,-0.012874,-0.061814999999999995,0.00018400000000000014,6.399999999999982e-05,-0.00022300000000000098
33025,0.016007,0.00625,-0.06601900000000001,0.00022199999999999998,0.00020600000000000045,-0.0002380000000000021
32600,-0.001694,0.002505,-0.06422199999999999,-3.199999999999991e-05,0.00018599999999999997,1.6999999999989246e-05
35408,-0.009342000000000001,-0.004416000000000001,-0.061734000000000004,0.00022500000000000124,0.00019700000000000013,-0.00040499999999999564
34761,0.013784000000000001,-0.005073,-0.065513,0.00016599999999999775,0.00010500000000000006,0.00014800000000000924
35402,-0.016342,-0.006776,-0.07342499999999999,3.9999999999970615e-06,0.00014199999999999977,-0.00014600000000000724
33438,-0.004628,0.004835,-0.077342,0.0001010000000000004,0.00013700000000000084,-7.500000000000562e-05
35169,-0.008764,0.0039049999999999996,-0.060281999999999995,6.000000000000796e-06,0.000184000000000001,3.399999999999931e-05
33873,0.004344000000000001,-0.005607,-0.073392,0.0001369999999999991,0.00010899999999999972,-0.00010099999999998999
35118,-0.012495,0.012921,-0.067833,3.300000000000004e-05,3.7000000000000574e-05,8.199999999999874e-05
34327,-0.009487,-0.010581,-0.075824,0.0002920000000000006,9.699999999999986e-05,-7.799999999999474e-05
35477,-0.007163,-0.005621,-0.076467,0.00018199999999999987,0.00020600000000000045,4.699999999999149e-05
35476,-0.00467,0.010333,-0.073989,-7.800000000000081e-05,0.0001289999999999989,-3.200000000000425e-05
35672,0.014143000000000001,-0.009854,-0.064826,0.00028500000000000053,0.00021000000000000012,-6.80000000000125e-05
34543,-0.0064459999999999995,-0.008945999999999999,-0.06638,3.199999999999991e-05,5.999999999999929e-05,-8.600000000000274e-05
35619,0.004256,0.010312,-0.074135,-0.00010600000000000019,8.900000000000054e-05,-9.199999999999486e-05
9772,0.016277,0.001239,-0.074619,3.299999999999831e-05,0.00015099999999999988,-0.00013699999999999823
35729,0.009224999999999999,-0.011538999999999999,-0.064039,0.00011200000000000099,0.00013699999999999997,-0.00019600000000000173
34132,0.010291999999999999,0.006769,-0.066829,8.99999999999998e-05,0.00012700000000000038,-4.200000000000037e-05
34508,-0.005136999999999999,0.003871,-0.06414700000000001,9.999999999999593e-06,0.0002659999999999993,7.900000000000962e-05
29943,0.01255,0.00529,-0.066032,0.00017299999999999954,0.00014699999999999956,-0.00016700000000000048
25119,0.00821,0.0033239999999999997,-0.06998,0.0001410000000000005,0.00019700000000000013,-0.0001749999999999946
34188,-0.0069630000000000004,0.007777,-0.07590000000000001,9.10000000000008e-05,8.500000000000087e-05,2.5000000000011124e-05
25108,0.007144,0.007704,-0.07412300000000001,-2.2000000000000318e-05,0.0002329999999999997,-0.00027399999999999647
35314,-0.003306,0.004152,-0.064291,-9.500000000000003e-05,0.0002459999999999997,0.00011399999999998911
27005,-0.00015,-0.0071449999999999994,-0.072991,4.999999999999998e-05,0.00014399999999999916,8.999999999995123e-06
35337,0.008612999999999999,0.010095,-0.06524500000000001,5.6000000000000494e-05,0.00012200000000000058,-1.6999999999989246e-05
35345,-0.00034899999999999997,-0.000504,-0.076516,9.9999999999997e-07,0.00013099999999999999,-4.400000000000237e-05
35200,-0.007584,0.011538999999999999,-0.069353,0.0001299999999999999,7.600000000000141e-05,4.999999999999449e-05
35770,-0.013228,-0.0012720000000000001,-0.062934,-1.4000000000000123e-05,0.00022400000000000002,-0.0004809999999999953
32679,0.003384,-0.0048070000000000005,-0.07169400000000001,0.00013600000000000027,0.00018200000000000074,-0.0001820000000000016
34744,0.0038439999999999998,-0.004933,-0.07407899999999999,0.00012600000000000068,0.0002569999999999994,-5.600000000001437e-05
34141,-0.003956,0.007494,-0.063536,1.4000000000000123e-05,0.00017100000000000014,0.0002349999999999991
34829,0.01785,-0.00591,-0.06774,0.00011800000000000005,4.0000000000000105e-05,-0.00010399999999999299
29818,0.0016619999999999998,-0.008981999999999999,-0.069794,0.00018000000000000026,0.00017599999999999907,-0.00019399999999999973
32672,0.00058,0.002487,-0.076098,5.8e-05,0.0001519999999999998,-1.1999999999998123e-05
35611,-0.005729,0.011035,-0.060731,-5.6000000000000494e-05,0.0002910000000000013,-0.00010900000000000493
35130,0.008799,0.012425,-0.06858,-8.099999999999948e-05,3.399999999999931e-05,-4.799999999999249e-05
34967,0.0026089999999999998,0.00683,-0.068596,0.00014400000000000046,0.00018599999999999953,5.7000000000001494e-05
35041,-0.004587,-0.007427,-0.069522,0.0001399999999999995,0.00016500000000000022,3.200000000000425e-05
35312,0.007113,-0.010372,-0.067012,9.49999999999996e-05,0.00037899999999999913,-0.00019499999999998685
32285,0.004972000000000001,-0.010566,-0.070017,0.00013399999999999957,0.00012400000000000085,-0.00040400000000001546
27240,-0.008028,0.001571,-0.068224,0.00010300000000000066,0.00020199999999999992,-0.00017000000000000348
29543,0.001472,-0.010724000000000001,-0.066927,0.0001510000000000001,9.900000000000013e-05,-0.00013199999999999323
35615,-0.012993000000000001,-0.004815000000000001,-0.069448,4.200000000000037e-05,0.00010200000000000053,-0.00014200000000000323
34443,-0.009259,0.0039380000000000005,-0.065432,7.900000000000094e-05,0.0002859999999999998,-2.5999999999998247e-05
33952,0.010593,0.00529,-0.06693,0.00013599999999999897,0.00011699999999999992,-0.00010899999999999799
35069,-0.009526999999999999,-0.003614,-0.072675,0.00015199999999999936,0.000196,-0.00026799999999999047
33724,-0.0040750000000000005,0.0022789999999999998,-0.06781999999999999,0.00024400000000000073,0.00033500000000000023,-1.1000000000011001e-05
33252,0.00983,-0.0070220000000000005,-0.06589400000000001,8.99999999999998e-05,0.00023700000000000023,-5.1999999999996493e-05
35596,0.007515,0.000666,-0.06462000000000001,1.0999999999999725e-05,0.00039499999999999984,-7.899999999998186e-05
33310,-0.005561,0.004223,-0.063639,-2.2999999999999583e-05,0.00027099999999999954,-9.800000000000086e-05
31976,-0.00931,0.00246,-0.07193000000000001,-0.00012200000000000058,0.00020800000000000029,0.00010800000000001087
33042,-0.0036160000000000003,-0.008367000000000001,-0.074104,-1.999999999999398e-06,0.0002450000000000004,2.8000000000014125e-05
35045,0.00994,-0.011549,-0.072101,0.000197000000000001,-4.999999999999796e-06,2.3999999999996247e-05
34286,0.009807999999999999,-0.008272999999999999,-0.06406300000000001,0.0001820000000000016,0.0001739999999999988,-0.00020999999999998797
33644,0.008115,0.002473,-0.06853000000000001,0.00014299999999999903,0.00018599999999999997,-0.0002219999999999861
35305,-0.009731,0.000607,-0.067641,0.0001510000000000001,0.0003969999999999999,-0.00014999999999998348
31966,0.006592,0.007847,-0.074437,-5.399999999999936e-05,0.00018199999999999987,-0.0002430000000000071
33652,-0.007285,0.010683,-0.074844,4.19999999999995e-05,0.00011400000000000125,-4.100000000001325e-05
33273,0.012506,-0.005736,-0.073644,0.00019500000000000073,5.999999999999062e-06,-0.0001260000000000011
35034,-0.008645,-0.006836,-0.0668,7.899999999999921e-05,0.00010500000000000006,-0.0002349999999999991
32292,0.011608,-0.01188,-0.07017799999999999,0.0001349999999999997,0.00010300000000000066,1.0999999999983245e-05
34451,-0.0050739999999999995,-0.008147999999999999,-0.067651,7.699999999999981e-05,7.799999999999821e-05,3.100000000000325e-05
35326,-0.012981999999999999,5.8e-05,-0.068358,6.299999999999882e-05,0.000265,-0.00014200000000000323
32929,0.0007970000000000001,0.0070469999999999994,-0.067486,6.799999999999992e-05,0.00019500000000000073,7.000000000000062e-05
35322,-0.006396,-0.000298,-0.066625,1.4000000000000123e-05,0.00014499999999999997,4.099999999999937e-05
35721,-0.000643,-0.00057,-0.07245099999999999,0.00018600000000000002,0.00029099999999999997,-0.00010500000000000786
34811,-0.009796,0.0037679999999999996,-0.064155,-3.400000000000104e-05,0.0003100000000000004,-0.0001229999999999981
32318,-0.013752,0.011026999999999999,-0.07476000000000001,4.1999999999998636e-05,0.00012200000000000058,4.500000000000337e-05
30838,0.003406,-0.009329,-0.067637,0.0001309999999999996,0.00015900000000000115,-0.0002939999999999887
34205,-0.001843,0.010111,-0.065863,9.000000000000024e-05,0.00020399999999999932,1.9000000000005124e-05
35320,-0.012114000000000002,-0.008792,-0.066824,5.000000000000143e-05,8.699999999999854e-05,-0.00010300000000000586
35657,0.012082,0.012585,-0.0734,-8.400000000000074e-05,-0.00012900000000000064,-8.199999999999874e-05
28716,0.009053,0.011244,-0.072842,-6.999999999999888e-05,7.399999999999941e-05,-0.00026999999999999247
34490,-0.008208,0.003313,-0.075639,1.9999999999999185e-05,7.799999999999994e-05,-7.900000000000962e-05
34483,-0.016146,-0.008421,-0.075197,-4.49999999999999e-05,0.0003170000000000013,-4.700000000000537e-05
32122,-0.0006580000000000001,-0.007445,-0.064452,0.000143,0.0001250000000000001,-0.00015400000000000136
27014,0.0038439999999999998,-0.0052380000000000005,-0.071473,0.00011500000000000008,0.00011000000000000072,-0.0001239999999999991
33341,0.006293999999999999,-0.006821,-0.073166,0.0001810000000000006,7.299999999999928e-05,-0.0001300000000000051
35473,-0.014433999999999999,-0.010201,-0.072783,4.999999999999796e-05,0.00011399999999999952,-0.00019399999999999973
34522,0.014896000000000001,-0.010171,-0.068371,0.00019099999999999846,8.5e-05,-0.00015300000000000036
35087,-0.015079,-0.004902999999999999,-0.06881100000000001,-3.799999999999984e-05,0.0002639999999999995,-0.00020499999999999685
34149,0.007259000000000001,0.00642,-0.071208,3.999999999998796e-06,0.00019199999999999946,-0.0002400000000000041
34863,0.002684,-0.00874,-0.07211,0.00019499999999999986,0.0001349999999999997,-0.0003150000000000097
35728,-0.00688,-0.01087,-0.073711,0.00010899999999999972,0.0001789999999999986,4.099999999999937e-05
35711,-0.010226,0.00028599999999999996,-0.070572,-1.8999999999998185e-05,0.000293,-0.00011400000000001687
22799,0.0026030000000000003,-0.0013369999999999999,-0.073025,0.00014699999999999956,0.00019399999999999995,-9.599999999998499e-05
35430,-0.009687,0.011111000000000001,-0.064801,0.0001299999999999999,0.00022599999999999877,9.699999999999986e-05
33563,0.009945,0.0031720000000000003,-0.061311,5.299999999999923e-05,0.00023199999999999957,-0.00015500000000000236
35607,-0.012813000000000001,0.010971,-0.066025,0.00014400000000000177,0.000196,0.00014800000000000924
32312,0.010575,-0.00199,-0.064921,3.7000000000000574e-05,0.000307,-2.399999999998237e-05
32864,-0.013734999999999999,-0.005351,-0.069588,-3.200000000000078e-05,0.00019800000000000026,-0.00011099999999999999
27869,0.005634,-0.001528,-0.07055299999999999,0.00017099999999999928,0.0001510000000000001,-0.0001410000000000161
34502,-0.00164,-0.011327,-0.065301,0.000201,0.00012400000000000085,-7.700000000000762e-05
35133,0.005836,-0.012659,-0.06539199999999999,-3.899999999999997e-05,6.0999999999998555e-05,-0.00023000000000000798
35308,0.004099,0.001913,-0.070869,0.0002230000000000001,0.00030499999999999993,-0.00010200000000000486
35669,-0.0013360000000000002,-0.001734,-0.06175,0.00013700000000000019,-4.699999999999973e-05,-0.0003060000000000007
32592,-0.0015609999999999999,0.011391,-0.065868,7.799999999999973e-05,0.00018199999999999987,1.9999999999992246e-05
30919,0.011939,-0.0035369999999999998,-0.069172,-3.7000000000000574e-05,8.69999999999994e-05,8.799999999999086e-05
32605,0.014126,0.006213,-0.06672700000000001,0.00015399999999999962,0.00015800000000000102,-0.00014000000000000123
33173,-0.011409,0.010203,-0.06663200000000001,2.5000000000000716e-05,0.0001499999999999991,0.00011200000000001487
32793,0.002863,-0.012221,-0.064223,0.00011500000000000008,0.0001499999999999991,-0.00017000000000000348
26996,0.006213,0.010348000000000001,-0.06953400000000001,-3.099999999999978e-05,0.00011299999999999852,-9.499999999999786e-05
34449,-0.01207,-0.0018549999999999999,-0.063998,6.900000000000135e-05,0.00022999999999999995,-0.0004809999999999953
34146,-0.005923,0.0009220000000000001,-0.06432500000000001,4.30000000000005e-05,0.0002819999999999999,-0.00012599999999998723
32596,0.007508,0.009613,-0.06853000000000001,3.699999999999971e-05,7.500000000000041e-05,-0.00020199999999999385
33567,-0.012944,0.008679000000000001,-0.06820999999999999,-6.699999999999935e-05,0.0003309999999999997,2.2999999999995246e-05
35163,0.005455,-0.0035110000000000002,-0.06400199999999999,0.0002520000000000005,0.00030400000000000045,-0.0002670000000000172
31450,0.00605,0.0015,-0.06852599999999999,0.00021600000000000005,0.00023300000000000013,-0.0002510000000000151
33266,0.016192,0.003873,-0.070908,3.500000000000031e-05,3.199999999999948e-05,-5.9000000000003494e-05
31132,0.016021,0.006898,-0.067,0.00015799999999999842,0.00023600000000000097,-1.5000000000001124e-05
33250,0.011753999999999999,0.000731,-0.065176,-5.599999999999876e-05,0.0002729999999999999,-0.00010800000000001087
33114,0.000482,0.006958,-0.076059,4.2000000000000045e-05,0.0001910000000000002,-0.00012199999999999711
30474,-0.008359,0.0011979999999999998,-0.07034699999999999,0.00014800000000000056,0.00022199999999999998,-6.60000000000105e-05
34366,-0.005613000000000001,0.000367,-0.06352300000000001,5.400000000000023e-05,0.000239,8.000000000008e-06
35372,0.006689,-0.008252,-0.07114,0.00027500000000000094,0.00010899999999999972,-0.0003409999999999941
34062,0.010901999999999998,0.000656,-0.07052,7.700000000000068e-05,0.00012700000000000005,-0.0001779999999999976
27870,-0.0013959999999999999,0.011436,-0.07419100000000001,-5.800000000000011e-05,4.799999999999943e-05,-0.00012399999999998523
35042,-0.0031179999999999997,-0.007713,-0.072707,-5.400000000000066e-05,0.00023000000000000017,-2.000000000015878e-06
25717,0.009382,0.011674,-0.066516,9.000000000000327e-06,6.899999999999962e-05,4.100000000001325e-05
35625,0.009988,0.000771,-0.062210999999999995,6.399999999999982e-05,0.00026599999999999996,-4.200000000000731e-05
24541,-0.010827999999999999,0.0030009999999999998,-0.07032200000000001,-4.700000000000017e-05,0.00035899999999999994,1.3000000000013001e-05
29472,-0.000888,0.01001,-0.070312,3.8000000000000056e-05,0.00016800000000000148,0.0
28869,0.005758,0.011344,-0.07382899999999999,-5.6000000000000494e-05,2.700000000000098e-05,-0.00020500000000001073
26631,0.013782,0.003532,-0.069872,0.00012099999999999958,0.00019899999999999996,-0.0001280000000000031
35772,0.016475999999999998,0.01157,-0.06858199999999999,0.00014500000000000277,9.999999999992654e-07,-2.3000000000009124e-05
33597,0.003589,-0.0025299999999999997,-0.07033400000000001,8.899999999999967e-05,0.00022600000000000007,-0.00018099999999998673
29851,-0.005855000000000001,0.005373,-0.074104,9.300000000000107e-05,0.0001250000000000001,7.000000000007001e-06
33566,0.01233,0.0008950000000000001,-0.06650700000000001,0.0001299999999999999,0.0001299999999999998,-0.0002879999999999966
17123,0.014204000000000001,0.007877,-0.070037,0.00014299999999999903,2.300000000000045e-05,-0.0002349999999999991
34561,-0.002594,0.010353,-0.069726,4.80000000000003e-05,0.00010700000000000119,7.999999999994123e-06
35383,0.016215,0.010612,-0.072946,0.00014699999999999783,0.0001470000000000013,-9.800000000000086e-05
35706,-0.000864,-0.001988,-0.06798699999999999,0.00025299999999999997,0.000245,-2.1000000000007124e-05
34453,-0.015519,0.002895,-0.071295,7.499999999999868e-05,6.400000000000025e-05,1.000000000001e-06
34138,-0.003196,0.009677,-0.071462,0.00020700000000000015,0.0001910000000000002,-9.600000000001274e-05
29920,0.008928,-0.0023769999999999998,-0.066433,-3.199999999999904e-05,0.0003409999999999997,-3.299999999999137e-05
25719,-0.002343,-0.000506,-0.071008,0.00012100000000000001,0.00021500000000000008,-8.999999999999286e-05
34437,-0.001941,-0.009372,-0.069405,0.00010599999999999997,0.00013900000000000023,-0.00015099999999999836
27600,-0.006422,0.00535,-0.072608,7.400000000000028e-05,0.00011900000000000018,2.8000000000014125e-05
33241,-0.012214000000000001,-0.001452,-0.065233,5.000000000001531e-06,0.00034099999999999994,-0.0003610000000000002
35857,0.0061070000000000004,0.007549,-0.065729,7.599999999999968e-05,0.00018699999999999967,5.7000000000001494e-05
30414,-0.009498,-0.002055,-0.068127,0.00013900000000000023,0.000286,-7.699999999999374e-05
21412,-0.001322,0.009928000000000001,-0.064613,1.8000000000000004e-05,0.0002310000000000003,7.999999999999674e-05
26625,0.004187000000000001,0.005208999999999999,-0.07132,3.499999999999944e-05,0.00018700000000000053,-4.300000000000137e-05
35606,-0.001563,-0.001194,-0.064543,9.699999999999986e-05,0.0003089999999999999,-0.00011399999999998911
35032,-0.004403,0.005154,-0.07011400000000001,8.799999999999954e-05,0.00010000000000000026,2.3000000000009124e-05
20723,0.011753,0.008263,-0.07177700000000001,0.00018099999999999887,2.6999999999999247e-05,-0.00010399999999999299
33874,-0.0032040000000000003,-0.008712,-0.068953,0.00014300000000000033,0.00015699999999999915,-8.799999999999086e-05
28871,-0.003375,0.0069759999999999996,-0.06253600000000001,8.099999999999991e-05,0.00029100000000000046,0.0001880000000000076
29965,0.004662,-0.00268,-0.071223,0.00022099999999999984,0.00029200000000000016,-0.00032200000000000284
32937,0.00278,0.006014,-0.06472199999999999,0.00018400000000000014,0.00018599999999999953,-2.1000000000007124e-05
15121,0.003925,0.010539,-0.070259,-9.699999999999986e-05,0.00018400000000000014,-3.499999999999337e-05
31430,-0.001131,0.009576000000000001,-0.07161,8.000000000000021e-05,0.00019299999999999873,-8.199999999999874e-05
31815,-0.001188,0.007652,-0.07422799999999999,9.299999999999998e-05,0.00023999999999999976,0.0
34173,-0.010942,-0.001202,-0.07037900000000001,2.300000000000045e-05,0.00018500000000000005,-0.00020999999999998797
32590,0.004889,-0.0019010000000000001,-0.07116,0.0002009999999999998,0.00023800000000000015,-0.0002339999999999981
35400,-0.016067,-0.006341,-0.07050400000000001,3.699999999999884e-05,0.0002149999999999999,-9.499999999999786e-05
28579,0.004073,0.009760999999999999,-0.069935,-2.0000000000002655e-06,0.00023500000000000083,-2.9000000000001247e-05
33540,-0.009737,0.008587999999999998,-0.066151,-5.7999999999999025e-05,0.00041600000000000144,-4.600000000000437e-05
34494,-0.002442,-0.004503999999999999,-0.063362,9.699999999999986e-05,0.00024200000000000003,-0.0003589999999999982
35598,-0.00456,-0.00643,-0.063086,5.3000000000000096e-05,9.60000000000006e-05,-0.0001749999999999946
31183,-0.001035,0.00035499999999999996,-0.071223,0.00014199999999999987,0.000223,-0.00010999999999999899
35038,-0.004086,-0.003721,-0.065718,0.00018800000000000023,0.00020899999999999998,-9.599999999999886e-05
35327,0.004825,-0.005358,-0.064426,0.0003999999999999993,0.00020699999999999972,-0.00027800000000000047
24195,-0.003908,-0.0027679999999999996,-0.070978,2.0000000000000052e-05,0.00022999999999999974,1.8000000000004124e-05
31679,0.0032949999999999998,-0.011389,-0.06670999999999999,9.70000000000003e-05,8.099999999999948e-05,-0.0002319999999999961
31513,0.011174,0.01018,-0.069545,6.600000000000009e-05,-0.00021400000000000065,-7.200000000000262e-05
35221,0.003391,-0.002265,-0.067858,0.00012299999999999985,0.00015999999999999999,-0.0002329999999999971
35675,0.017024,-0.000766,-0.067407,-3.400000000000278e-05,6.900000000000005e-05,1.9999999999881224e-06
30741,-0.011209,0.009493999999999999,-0.069993,5.7000000000001494e-05,0.00016500000000000195,-8.700000000000374e-05
34791,0.00014099999999999998,0.006906,-0.065491,8.000000000000005e-06,0.0001910000000000002,0.00010499999999999399
34762,0.012464000000000001,0.01075,-0.067316,-7.700000000000068e-05,-5.400000000000023e-05,-5.7000000000001494e-05
33849,0.0015,0.005469,-0.07202299999999999,5.299999999999988e-05,0.0001559999999999999,4.699999999999149e-05
31057,0.0025670000000000003,0.003898,-0.064869,5.899999999999959e-05,0.00015799999999999972,-0.00015999999999999348
32953,-0.001747,-0.006804,-0.067041,0.00019500000000000008,0.00016799999999999975,-0.0002289999999999931
35033,-0.00992,0.0024289999999999997,-0.063156,3.100000000000151e-05,0.00029500000000000056,2.1000000000007124e-05
35631,0.01251,0.008241,-0.06837,-4.999999999999796e-06,8.000000000001062e-06,3.899999999999737e-05
31428,-0.008236,-0.001952,-0.074012,0.00011700000000000078,0.00013499999999999992,-7.400000000000462e-05
29525,0.008183999999999999,-0.002227,-0.066146,3.9000000000002574e-05,0.0003579999999999998,-1.1999999999998123e-05
30829,0.000199,-0.007437999999999999,-0.065088,0.00016399999999999997,0.00011599999999999892,-0.00015000000000001124
27546,-0.0012629999999999998,0.008945,-0.066866,4.49999999999999e-05,0.00026900000000000014,0.0001729999999999926
35039,-0.004385,0.00821,-0.064591,0.00010000000000000026,0.00016199999999999895,0.00019900000000000473
30892,-0.000231,0.005849999999999999,-0.069355,7.500000000000001e-05,0.0002790000000000006,-3.0000000000030003e-06
35340,-0.013759,0.008492000000000001,-0.069242,-0.00010699999999999946,0.00021199999999999865,-0.00011699999999999211
33868,0.0044269999999999995,-0.010010999999999999,-0.065881,0.00010600000000000106,0.0001510000000000001,-0.00026500000000000135
34200,0.00688,-0.004144999999999999,-0.067532,0.00012600000000000024,0.00020199999999999906,-0.0003140000000000087
31794,0.0042510000000000004,-0.004362,-0.073267,0.00011399999999999952,0.00019500000000000073,-4.699999999999149e-05
28873,-0.005606,-0.0038439999999999998,-0.06933199999999999,1.9999999999999185e-05,0.0003830000000000001,-0.0001920000000000116
35306,-0.0014730000000000001,0.009885,-0.068265,5.5000000000000144e-05,0.00018500000000000114,5.500000000001337e-05
29125,0.005979,0.006867,-0.06479,9.8e-05,0.00011500000000000052,-6.1000000000005494e-05
35037,0.004437,-0.0006770000000000001,-0.0692,0.00012000000000000031,0.0002050000000000001,-0.00016000000000000736
25160,-0.004814,0.0008950000000000001,-0.072464,0.0001239999999999991,0.00026600000000000007,-6.899999999999962e-05
23520,-0.007059,0.005864,-0.07238,8.5e-05,0.00012199999999999971,1.0999999999997123e-05
32616,-0.014325,0.010308,-0.07423099999999999,0.00012099999999999785,7.900000000000094e-05,9.199999999999486e-05
35427,-0.002853,-0.010621,-0.064778,0.00016700000000000005,5.10000000000007e-05,-0.0001709999999999906
30120,0.005913,-0.003919,-0.06819700000000001,8.899999999999967e-05,0.00019899999999999952,-0.0003289999999999821
34264,-0.0016259999999999998,-0.004849999999999999,-0.06429900000000001,0.00014699999999999978,0.0001869999999999988,-0.00031699999999998396
26185,-0.013521,0.001387,-0.067599,7.999999999999327e-06,0.00019700000000000013,-3.499999999999337e-05
34432,0.003926,0.008603999999999999,-0.068959,7.300000000000015e-05,0.00020100000000000152,-1.8999999999991246e-05
32284,0.005746,0.009457,-0.072145,2.999999999999531e-06,0.00010399999999999993,-4.500000000000337e-05
33845,-0.008419000000000001,0.007989,-0.06672499999999999,7.000000000000062e-05,0.0001860000000000004,1.1999999999998123e-05
33626,-0.004445999999999999,0.005860000000000001,-0.065238,0.00016399999999999922,0.0002699999999999994,5.6000000000000494e-05
20570,0.011367,-0.007981,-0.066168,3.399999999999931e-05,0.00012400000000000085,4.700000000000537e-05
28625,0.002742,0.003604,-0.07020799999999999,0.00014800000000000013,0.00034199999999999986,-8.299999999999974e-05
34496,-0.0016339999999999998,0.007253999999999999,-0.069005,0.00014099999999999963,0.00019000000000000093,2.2999999999995246e-05
31743,0.003129,-0.005708,-0.070575,0.00017600000000000037,0.00020800000000000072,-0.0001850000000000046
30836,0.014387,0.006097,-0.0691,0.00013699999999999823,0.0001860000000000004,-0.00020000000000000573
27607,-0.010801,0.010228999999999999,-0.070491,0.0001250000000000001,0.00013900000000000197,-2.8000000000014125e-05
35621,0.010603,0.004867,-0.06826399999999999,0.00020300000000000006,0.00016199999999999982,-0.00033900000000000596
32643,0.012091,-0.003029,-0.065291,4.4000000000000636e-05,0.00020100000000000022,-4.699999999999149e-05
31968,0.0017929999999999999,0.002597,-0.06906699999999999,9.400000000000012e-05,0.0002440000000000003,-5.000000000000837e-05
31369,0.008032,-0.00646,-0.06762,-9.000000000000327e-06,0.00016399999999999922,-7.000000000000062e-05
35681,-0.008539999999999999,-0.003023,-0.06612699999999999,0.0002409999999999999,0.00016700000000000005,-0.00019700000000000273
24806,-0.005900000000000001,0.0015580000000000001,-0.070603,0.00010500000000000093,0.00015399999999999984,-2.8000000000000247e-05
34733,-0.005339,0.007940000000000001,-0.066278,0.00010399999999999993,0.00022499999999999777,0.00020599999999999785
33562,-0.001227,0.000723,-0.06472199999999999,8.100000000000013e-05,0.00021300000000000008,-0.00010600000000000886
32995,-0.009417,4.2999999999999995e-05,-0.071794,-9.999999999999593e-06,0.00019800000000000002,-0.00012199999999999711
34527,0.005241,-0.012768,-0.065488,2.2000000000000318e-05,7.300000000000015e-05,-0.0001759999999999956
16139,0.000631,0.009332,-0.068193,9.299999999999988e-05,0.00012900000000000064,0.00010200000000000486
34940,-0.011016,-0.004983,-0.07165600000000001,0.00014300000000000077,0.0002950000000000001,-9.499999999999786e-05
30409,0.009779999999999999,-0.006042,-0.06773399999999999,0.00011400000000000125,4.99999999999997e-05,-0.00020000000000000573
33852,0.009281000000000001,-0.003157,-0.069941,7.199999999999915e-05,6.900000000000005e-05,-2.4999999999997247e-05
32309,0.001739,-0.010544000000000001,-0.064432,0.00021600000000000005,0.0001420000000000015,-0.00020999999999998797
33245,0.006304000000000001,-0.000867,-0.06836199999999999,0.00017299999999999954,0.000338,-0.0001950000000000146
35693,0.008002,-0.006879,-0.06521500000000001,0.00016199999999999895,0.0002199999999999997,-0.0002289999999999931
25418,0.001574,0.010010999999999999,-0.066855,-1.7000000000000088e-05,0.00015500000000000062,9.799999999998699e-05
34035,0.009346,-0.009224,-0.06925400000000001,4.200000000000037e-05,9.10000000000008e-05,-7.499999999997786e-05
26013,-0.009977,-0.000798,-0.070868,5.400000000000023e-05,0.00021,-7.099999999998774e-05
34231,0.00488,-0.006497,-0.06618600000000001,0.000196,0.0002279999999999999,-0.0003849999999999826
25194,-0.0027440000000000003,0.007316,-0.069172,0.00014200000000000063,0.0002630000000000002,9.699999999999986e-05
31974,0.007295,0.005025,-0.067777,0.0001799999999999996,0.0002009999999999998,-1.5000000000001124e-05
34250,-0.0038450000000000003,0.004012,-0.061859000000000004,6.1000000000000724e-05,0.00016200000000000069,4.600000000000437e-05
31131,0.006791,0.002815,-0.067497,0.00017899999999999947,0.0002270000000000002,-0.00012000000000000899
32320,0.007285,0.002376,-0.064951,0.00012000000000000031,0.0002909999999999996,-5.9000000000003494e-05
22096,-0.011826,0.005226,-0.071123,4.49999999999999e-05,0.0002500000000000002,-0.00010299999999999199
29657,0.0012490000000000001,0.003173,-0.070978,5.3999999999999795e-05,0.000196,4.899999999999349e-05
32657,-0.003907,0.0040490000000000005,-0.068268,0.00013200000000000017,0.00027099999999999954,-4.400000000000237e-05
27255,-0.010087,0.002823,-0.068218,-2.0000000000002655e-06,0.000245,-7.000000000000062e-05
34753,-0.015026,0.004961,-0.071007,0.0,9.8e-05,-0.00011600000000000499
29467,0.00828,0.000515,-0.06848399999999999,0.0001520000000000011,0.00020299999999999995,-0.00021100000000000285
33296,-0.001557,-0.004503,-0.064312,0.00011999999999999988,0.00016399999999999922,-0.0003520000000000051
33298,-0.010016,0.005543,-0.071547,0.00011200000000000099,0.0002519999999999996,7.100000000000162e-05
34139,0.0007109999999999999,-0.00906,-0.065319,0.00022600000000000007,0.00018199999999999987,-0.00011700000000000599
29876,-0.009087,-0.0010760000000000001,-0.07455800000000001,0.00015199999999999936,0.0001470000000000001,-6.0999999999991616e-05
34746,0.010614,-0.001998,-0.068184,-3.799999999999984e-05,6.60000000000003e-05,1.0999999999997123e-05
33543,-0.007001,0.0038650000000000004,-0.064653,2.3999999999999716e-05,0.0002029999999999992,-7.599999999999274e-05
28570,-0.009014,0.010187,-0.06928,0.0001399999999999995,0.00010700000000000119,4.899999999999349e-05
32050,0.003464,-0.011843,-0.065714,0.00015999999999999999,3.199999999999904e-05,-0.00015199999999999936
30446,-0.008997,0.008795,-0.071843,2.8000000000000247e-05,8.599999999999927e-05,4.800000000000637e-05
35102,-0.009117,-0.009166,-0.066053,1.1999999999999858e-05,9.10000000000008e-05,-0.00010099999999998999
29830,0.000583,0.007818,-0.07032899999999999,9.000000000000013e-05,0.00027299999999999894,6.899999999998574e-05
35610,-0.007685,-0.006407,-0.072426,0.00010500000000000006,0.00021400000000000065,-0.00016399999999999748
17102,-0.0005620000000000001,0.005051,-0.068672,4.4000000000000094e-05,0.0002009999999999998,1.8999999999991246e-05
34728,0.000252,0.005298,-0.068648,4.7000000000000004e-05,0.00022199999999999998,-1.1999999999998123e-05
35113,0.010053000000000001,-0.0016040000000000002,-0.06605,7.999999999999327e-06,0.00026000000000000003,-6.70000000000115e-05
22358,0.008166,-0.0036379999999999997,-0.067839,2.599999999999998e-05,0.0002539999999999999,9.999999999996123e-06
27266,0.0017410000000000001,0.003521,-0.072776,3.099999999999978e-05,0.00022199999999999998,5.7000000000001494e-05
28193,-0.002385,0.003137,-0.072561,0.00010299999999999979,0.00018499999999999983,9.500000000001174e-05
29483,0.006196,0.001567,-0.065296,5.9000000000000025e-05,0.0003089999999999998,-0.00016199999999999548
32999,0.0011259999999999998,0.005377,-0.068066,7.100000000000032e-05,0.00022700000000000064,3.100000000000325e-05
34145,0.013901,0.00015900000000000002,-0.068307,6.600000000000009e-05,8.499999999999998e-05,5.400000000001237e-05
35128,0.011384,-0.0009260000000000001,-0.066747,9.60000000000006e-05,0.00011999999999999999,-5.9000000000003494e-05
35618,-0.007829,-0.001252,-0.062361,4.89999999999987e-05,0.00020300000000000006,-0.0002570000000000072
15880,-0.001673,0.0020870000000000003,-0.070241,2.1000000000000185e-05,0.00020499999999999945,4.000000000004e-06
34833,0.009146000000000001,-0.006354,-0.062259,0.00019099999999999846,0.0001780000000000002,-0.00018499999999999767
34209,0.002088,0.002013,-0.068765,0.00014199999999999977,0.00023399999999999983,-4.600000000000437e-05
33280,0.009215999999999998,-0.003928,-0.066524,4.4000000000000636e-05,0.00019099999999999976,-8.700000000000374e-05
