Particle,x,y,z,Vx,Vy,Vz
3767,-0.0069900000000000006,-0.0013180000000000002,-0.073847,0.0,0.0,0.0
51,-0.006526,0.006122,-0.072364,0.0,0.0,0.0
160,0.009177,0.007316,-0.070893,0.0,0.0,0.0
71,0.002654,0.001615,-0.072772,0.0,0.0,0.0
53,0.0038290000000000004,0.007977,-0.072592,0.0,0.0,0.0
57,-5.8e-05,0.005036,-0.06919499999999999,0.0,0.0,0.0
6051,-0.012551999999999999,-0.0019270000000000001,-0.07240600000000001,0.0,0.0,0.0
6134,0.014376,0.004056,-0.07229600000000001,0.0,0.0,0.0
1855,-0.002177,0.006896,-0.070437,0.0,0.0,0.0
7811,-0.005202,0.004925,-0.072112,0.0,0.0,0.0
48,-0.001093,0.006442,-0.069922,0.0,0.0,0.0
3115,-0.000748,0.009481999999999999,-0.070839,0.0,0.0,0.0
6058,0.002112,-0.003214,-0.071127,0.0,0.0,0.0
2800,0.0027080000000000003,0.0058330000000000005,-0.068063,0.0,0.0,0.0
7070,-0.006697,-0.009788999999999999,-0.071691,0.0,0.0,0.0
6129,-0.0034449999999999997,0.0006730000000000001,-0.067948,0.0,0.0,0.0
5494,-0.001822,-0.003196,-0.069357,0.0,0.0,0.0
151,-0.001832,0.009403,-0.073239,0.0,0.0,0.0
3114,-0.004381,0.002948,-0.07101600000000001,0.0,0.0,0.0
5053,0.0026880000000000003,0.0033020000000000002,-0.068827,0.0,0.0,0.0
6400,0.0058,0.011842,-0.069427,0.0,0.0,0.0
1211,0.0004,0.002022,-0.06835,0.0,0.0,0.0
1594,-0.001057,0.001658,-0.069539,0.0,0.0,0.0
106,-0.0020659999999999997,0.010171,-0.069384,0.0,0.0,0.0
4723,0.005352,0.001517,-0.06756699999999999,0.0,0.0,0.0
6612,3e-06,-0.010646000000000001,-0.072233,0.0,0.0,0.0
5832,-0.00858,-0.00445,-0.069823,0.0,0.0,0.0
6311,0.010114000000000001,0.007872,-0.071767,0.0,0.0,0.0
123,0.004667,-0.00719,-0.070596,0.0,0.0,0.0
7401,0.005152,0.003105,-0.06589300000000001,0.0,0.0,0.0
6048,-0.001508,-0.007607999999999999,-0.073604,0.0,0.0,0.0
77,-0.004071,0.01024,-0.07157899999999999,0.0,0.0,0.0
2229,0.007882,0.000847,-0.06749200000000001,0.0,0.0,0.0
7072,0.006714,-0.00626,-0.068083,0.0,0.0,0.0
4724,-0.010007,0.0037099999999999998,-0.06915,0.0,0.0,0.0
807,0.001443,0.006069,-0.07217900000000001,0.0,0.0,0.0
7407,0.012545,0.007058,-0.071912,0.0,0.0,0.0
7157,0.00525,0.009183,-0.067121,0.0,0.0,0.0
7487,-0.000993,0.0040869999999999995,-0.068026,0.0,0.0,0.0
5697,0.003084,-0.008353,-0.072525,0.0,0.0,0.0
5504,0.004804,0.010342,-0.072102,0.0,0.0,0.0
5364,0.001109,0.0034100000000000003,-0.067652,0.0,0.0,0.0
4475,0.000718,-0.007356,-0.071154,0.0,0.0,0.0
7732,0.004685,0.005176,-0.06919700000000001,0.0,0.0,0.0
180,-0.002421,0.012223000000000001,-0.066589,0.0,0.0,0.0
3190,-0.006652999999999999,0.009536,-0.07081100000000001,0.0,0.0,0.0
3449,-0.011278999999999999,0.0035169999999999997,-0.063015,0.0,0.0,0.0
7397,0.004339000000000001,0.001287,-0.071494,0.0,0.0,0.0
7399,0.012302,0.012749,-0.06865399999999999,0.0,0.0,0.0
2550,0.008384,0.010904,-0.068047,0.0,0.0,0.0
7765,0.011507,-0.002705,-0.069069,0.0,0.0,0.0
3109,0.000406,-0.000622,-0.06608499999999999,0.0,0.0,0.0
7394,-0.008188,0.011077,-0.072217,0.0,0.0,0.0
4063,0.010247,0.002727,-0.07075,0.0,0.0,0.0
1298,-0.009394999999999999,0.002953,-0.065834,0.0,0.0,0.0
2871,0.003487,0.008549,-0.067248,0.0,0.0,0.0
7749,0.007784,0.009727,-0.07019700000000001,0.0,0.0,0.0
7817,-0.006624,0.005372,-0.06543,0.0,0.0,0.0
92,0.001601,0.0016339999999999998,-0.068289,0.0,0.0,0.0
1857,-0.001784,0.008609,-0.07073900000000001,0.0,0.0,0.0
3504,-0.010457000000000001,-0.00317,-0.068187,0.0,0.0,0.0
6053,0.005861,0.011869999999999999,-0.066556,0.0,0.0,0.0
7404,-0.007709,-0.011392,-0.067193,0.0,0.0,0.0
7744,0.01016,0.0024449999999999997,-0.06909699999999999,0.0,0.0,0.0
6745,-0.00928,-0.008459,-0.07095,0.0,0.0,0.0
6407,-0.002453,0.001071,-0.067591,0.0,0.0,0.0
2815,-0.00746,-0.005138,-0.070535,0.0,0.0,0.0
1225,0.017313,0.0021709999999999998,-0.07039400000000001,0.0,0.0,0.0
5806,-0.006449,-0.010820999999999999,-0.067553,0.0,0.0,0.0
7736,-0.003403,-0.004236,-0.076846,0.0,0.0,0.0
6526,-0.009472,-0.007413,-0.070977,0.0,0.0,0.0
7419,0.013699999999999999,-0.006128,-0.071322,0.0,0.0,0.0
229,-0.008082,0.004224,-0.06658700000000001,0.0,0.0,0.0
6064,0.000505,0.005497,-0.07080800000000001,0.0,0.0,0.0
6118,-0.003038,-0.002255,-0.071673,0.0,0.0,0.0
5827,-0.011992000000000001,-0.009061999999999999,-0.069523,0.0,0.0,0.0
3272,0.00109,-0.000531,-0.065755,0.0,0.0,0.0
7402,-0.011272,-0.009743,-0.069794,0.0,0.0,0.0
6046,0.0020819999999999996,-0.006151,-0.06785,0.0,0.0,0.0
7852,-0.001913,-0.011868,-0.074533,0.0,0.0,0.0
7075,-0.011658,-0.004235,-0.068093,0.0,0.0,0.0
1531,-0.014003,0.005019999999999999,-0.069512,0.0,0.0,0.0
7217,0.007077,0.012439,-0.067665,0.0,0.0,0.0
1559,-0.003816,0.005439,-0.068052,0.0,0.0,0.0
7079,-0.001011,0.006469,-0.061691,0.0,0.0,0.0
2463,-0.007659,0.004649,-0.063721,0.0,0.0,0.0
6326,0.001624,-0.011882,-0.07596599999999999,0.0,0.0,0.0
124,0.012372,-0.005508,-0.069747,0.0,0.0,0.0
7412,-0.010163,0.006335,-0.062426,0.0,0.0,0.0
7403,-0.0054800000000000005,0.0033490000000000004,-0.062558,0.0,0.0,0.0
281,-0.010425,0.0025150000000000003,-0.070676,0.0,0.0,0.0
4812,0.004395,0.001575,-0.065871,0.0,0.0,0.0
836,-0.011273,-0.001129,-0.07097,0.0,0.0,0.0
97,0.013583999999999999,0.00020999999999999998,-0.069123,0.0,0.0,0.0
7400,-0.0050750000000000005,-0.0023740000000000002,-0.072282,0.0,0.0,0.0
5706,-0.00543,0.00149,-0.065863,0.0,0.0,0.0
6759,-0.010203,-0.009198,-0.06761400000000001,0.0,0.0,0.0
7416,-0.011292,-0.010372999999999999,-0.06579399999999999,0.0,0.0,0.0
5368,-0.011172000000000001,0.006181,-0.062473999999999995,0.0,0.0,0.0
5391,0.014378,-0.00723,-0.072426,0.0,0.0,0.0
7824,-0.007278,0.010393000000000001,-0.06701900000000001,0.0,0.0,0.0
6147,-0.007450999999999999,0.011994,-0.07223099999999999,0.0,0.0,0.0
6839,0.002589,0.005673,-0.06276,0.0,0.0,0.0
6831,0.002634,-0.010692,-0.0628,0.0,0.0,0.0
7411,-0.005979,0.004586000000000001,-0.064221,0.0,0.0,0.0
6509,0.005105,-0.007791,-0.063503,0.0,0.0,0.0
1572,-0.001244,0.010199,-0.066891,0.0,0.0,0.0
2452,0.009031,-0.009089999999999999,-0.06953100000000001,0.0,0.0,0.0
7484,0.003588,0.004730000000000001,-0.06481100000000001,0.0,0.0,0.0
6144,-0.003611,-0.004829,-0.06622700000000001,0.0,0.0,0.0
66,0.007248,-0.0023439999999999997,-0.07350100000000001,0.0,0.0,0.0
837,-0.005871,0.00376,-0.073351,0.0,0.0,0.0
7429,-0.011041,-0.0047,-0.069966,0.0,0.0,0.0
5366,0.004671000000000001,0.00417,-0.071735,0.0,0.0,0.0
3447,0.009288000000000001,0.0011539999999999999,-0.06551,0.0,0.0,0.0
4151,-0.011852999999999999,0.004243,-0.07055700000000001,0.0,0.0,0.0
6176,0.0018859999999999999,0.002311,-0.060409,0.0,0.0,0.0
6851,0.0054210000000000005,-0.011609999999999999,-0.068708,0.0,0.0,0.0
6549,0.01201,-0.003421,-0.064441,0.0,0.0,0.0
19,0.0028090000000000003,-0.0052510000000000005,-0.075215,0.0,0.0,0.0
1217,0.012237,0.000996,-0.07092100000000001,0.0,0.0,0.0
5078,0.0053,-0.005539,-0.0712,0.0,0.0,0.0
7410,-0.011848000000000001,-0.005016,-0.06991,0.0,0.0,0.0
7553,0.015823,-0.005254,-0.068307,0.0,0.0,0.0
2949,0.008967000000000001,0.0006630000000000001,-0.06951900000000001,0.0,0.0,0.0
6518,-0.003076,-0.009923999999999999,-0.061630000000000004,0.0,0.0,0.0
7500,0.009103,0.008311,-0.061314,0.0,0.0,0.0
829,0.00626,-0.0042699999999999995,-0.07273600000000001,0.0,0.0,0.0
6519,-0.013256,-0.008277,-0.06726399999999999,0.0,0.0,0.0
6273,0.010532999999999999,-0.004925,-0.06792000000000001,0.0,0.0,0.0
6613,0.005359,-0.0025139999999999997,-0.072006,0.0,0.0,0.0
3145,0.012581,0.010539999999999999,-0.0682,0.0,0.0,0.0
4759,-0.002663,0.011399,-0.062582,0.0,0.0,0.0
7413,-0.011552,0.000648,-0.072037,0.0,0.0,0.0
4735,-0.014305,-0.004799,-0.07529000000000001,0.0,0.0,0.0
7478,0.000728,-0.011858,-0.06945399999999999,0.0,0.0,0.0
7095,0.000539,0.005801,-0.060567,0.0,0.0,0.0
7746,-0.0041600000000000005,0.011441000000000002,-0.06299,0.0,0.0,0.0
6435,0.002576,-0.000539,-0.062005000000000005,0.0,0.0,0.0
7883,0.009407,0.009326000000000001,-0.065149,0.0,0.0,0.0
7076,0.005076,-0.006417,-0.06375600000000001,0.0,0.0,0.0
7750,-0.006993,-0.006357,-0.06727200000000001,0.0,0.0,0.0
4088,0.002348,-0.003929,-0.064027,0.0,0.0,0.0
3777,0.004561,0.006223,-0.063321,0.0,0.0,0.0
4090,0.007448000000000001,0.0076230000000000004,-0.06724200000000001,0.0,0.0,0.0
5698,-0.004413,0.00191,-0.061179000000000004,0.0,0.0,0.0
7901,0.014764,-0.009181,-0.070009,0.0,0.0,0.0
4469,-0.006672,-0.008114000000000001,-0.067934,0.0,0.0,0.0
287,-0.011996,0.003013,-0.068675,0.0,0.0,0.0
5330,0.0067350000000000005,0.002803,-0.07227700000000001,0.0,0.0,0.0
7884,-0.010484,0.009358,-0.075734,0.0,0.0,0.0
3127,-0.004598,-0.003234,-0.069657,0.0,0.0,0.0
7526,-0.003839,0.005036,-0.074869,0.0,0.0,0.0
4413,0.009089,0.003199,-0.065209,0.0,0.0,0.0
6536,0.017006,-0.000324,-0.06739400000000001,0.0,0.0,0.0
7114,0.002693,0.000253,-0.076673,0.0,0.0,0.0
6746,0.009968,-0.000116,-0.069298,0.0,0.0,0.0
982,-0.005339,-0.006051999999999999,-0.07054,0.0,0.0,0.0
6075,0.010811,-0.008211,-0.06794700000000001,0.0,0.0,0.0
3138,0.006691,-0.004496000000000001,-0.066653,0.0,0.0,0.0
817,0.001846,0.001031,-0.067456,0.0,0.0,0.0
7737,-0.00722,-0.002284,-0.070677,0.0,0.0,0.0
3475,0.009188,-0.000597,-0.071744,0.0,0.0,0.0
7152,0.005625,0.009028000000000001,-0.070069,0.0,0.0,0.0
4738,-0.011123,0.009405,-0.071176,0.0,0.0,0.0
7745,-0.007099,0.004692,-0.072904,0.0,0.0,0.0
393,-0.0063620000000000005,0.011387000000000001,-0.07291299999999999,0.0,0.0,0.0
7100,0.0027370000000000003,0.008798,-0.062916,0.0,0.0,0.0
6445,0.013262000000000001,0.00796,-0.069453,0.0,0.0,0.0
7103,0.010192999999999999,0.011325,-0.066297,0.0,0.0,0.0
7921,0.006477999999999999,0.002971,-0.062535,0.0,0.0,0.0
7068,0.013566,0.009037000000000002,-0.074157,0.0,0.0,0.0
1956,-0.010921,-0.00117,-0.067578,0.0,0.0,0.0
4775,-0.0060279999999999995,0.008917999999999999,-0.065524,0.0,0.0,0.0
6401,-0.001393,-0.001135,-0.06920799999999999,0.0,0.0,0.0
7432,-0.01393,-0.010038,-0.067858,0.0,0.0,0.0
1250,0.011212999999999999,0.011936,-0.067792,0.0,0.0,0.0
5876,-0.007556,0.0021509999999999997,-0.067286,0.0,0.0,0.0
1864,0.014278,0.001907,-0.072547,0.0,0.0,0.0
2570,0.00624,-0.0072050000000000005,-0.06428199999999999,0.0,0.0,0.0
353,0.009946,0.005623,-0.07361,0.0,0.0,0.0
7467,0.003932,-0.011843999999999999,-0.07189799999999999,0.0,0.0,0.0
5738,0.012436,0.006729,-0.066564,0.0,0.0,0.0
7616,0.009328,-0.011015,-0.067066,0.0,0.0,0.0
4403,0.007121000000000001,-0.012443,-0.066979,0.0,0.0,0.0
5720,-0.008913,-0.00106,-0.064836,0.0,0.0,0.0
89,0.006866,1.7e-05,-0.066959,0.0,0.0,0.0
7761,0.003155,-0.011124,-0.063143,0.0,0.0,0.0
4404,-0.010038,0.00083,-0.067626,0.0,0.0,0.0
7756,-0.003622,-0.006027,-0.063176,0.0,0.0,0.0
849,-0.002979,0.008542,-0.072089,0.0,0.0,0.0
5048,0.014304,0.004098,-0.069407,0.0,0.0,0.0
6585,-0.00379,-4.2000000000000004e-05,-0.07132,0.0,0.0,0.0
88,0.011257999999999999,0.007401,-0.069147,0.0,0.0,0.0
7415,0.016499,-0.0034,-0.073137,0.0,0.0,0.0
4747,0.004345,-0.00026900000000000003,-0.063114,0.0,0.0,0.0
5809,0.010234,0.012864,-0.066699,0.0,0.0,0.0
2605,0.014833,-0.011307000000000001,-0.068827,0.0,0.0,0.0
6452,0.009129,-0.011768,-0.070056,0.0,0.0,0.0
4764,0.014671,0.012727,-0.06995799999999999,0.0,0.0,0.0
30,0.00043,0.001647,-0.07337300000000001,0.0,0.0,0.0
5058,0.015137000000000001,0.008140000000000001,-0.066824,0.0,0.0,0.0
6763,0.005973,-0.012067,-0.066677,0.0,0.0,0.0
7244,-0.004305,0.003528,-0.05943,0.0,0.0,0.0
5714,0.012948000000000001,-0.002134,-0.069142,0.0,0.0,0.0
7783,0.011712,-0.007001,-0.066548,0.0,0.0,0.0
3555,-0.001592,0.003791,-0.06526,0.0,0.0,0.0
6598,-0.015457,0.007533000000000001,-0.07517499999999999,0.0,0.0,0.0
6760,0.009340999999999999,-0.009124,-0.069038,0.0,0.0,0.0
5451,0.007911,-0.002075,-0.068868,0.0,0.0,0.0
5456,-0.013537,0.00864,-0.071177,0.0,0.0,0.0
6551,0.013256,0.004117,-0.063454,0.0,0.0,0.0
7237,0.009988,0.0008810000000000001,-0.06399,0.0,0.0,0.0
6432,0.009923,0.011333,-0.068994,0.0,0.0,0.0
7406,-0.008037,-0.0022719999999999997,-0.062638,0.0,0.0,0.0
5068,-0.0051909999999999994,-0.011442,-0.070713,0.0,0.0,0.0
6766,-0.0037679999999999996,-0.00148,-0.07360599999999999,0.0,0.0,0.0
6472,-0.008705000000000001,-0.00378,-0.073619,0.0,0.0,0.0
8052,-0.012308999999999999,-0.007837,-0.071812,0.0,0.0,0.0
315,-0.013872,-0.0009649999999999999,-0.06934399999999999,0.0,0.0,0.0
6787,0.012422,-0.007082,-0.07203799999999999,0.0,0.0,0.0
6405,-0.006999,-0.004831,-0.066441,0.0,0.0,0.0
3439,0.00411,-0.0034500000000000004,-0.067338,0.0,0.0,0.0
7871,-0.007691,-0.007051,-0.074154,0.0,0.0,0.0
7395,-0.003141,-0.006633,-0.072865,0.0,0.0,0.0
7077,-0.010727,-0.006269,-0.06926500000000001,0.0,0.0,0.0
5055,0.01244,-0.000328,-0.073857,0.0,0.0,0.0
7557,0.013185,-0.008877000000000001,-0.06765399999999999,0.0,0.0,0.0
7779,0.009452,-0.000501,-0.077347,0.0,0.0,0.0
4428,0.008336999999999999,0.003786,-0.074212,0.0,0.0,0.0
6426,0.000655,0.003377,-0.070255,0.0,0.0,0.0
6055,0.006894,-0.005432,-0.069253,0.0,0.0,0.0
7772,0.008673,0.003124,-0.07431600000000001,0.0,0.0,0.0
7099,0.011578,0.008198,-0.066911,0.0,0.0,0.0
7098,0.009434,-0.0022890000000000002,-0.073828,0.0,0.0,0.0
7459,0.016562999999999998,0.0009809999999999999,-0.06870399999999999,0.0,0.0,0.0
600,-0.00694,0.011654999999999999,-0.073208,0.0,0.0,0.0
7893,0.005333,0.008237,-0.059985,0.0,0.0,0.0
7118,0.016536000000000002,-0.009057,-0.06887900000000001,0.0,0.0,0.0
6101,0.007317000000000001,-0.011779,-0.069931,0.0,0.0,0.0
7758,0.00907,-0.007165,-0.063561,0.0,0.0,0.0
5226,0.012441,0.006386,-0.065626,0.0,0.0,0.0
6403,-0.009561,0.002437,-0.062923,0.0,0.0,0.0
7991,0.011127000000000001,-0.004237,-0.06915600000000001,0.0,0.0,0.0
7137,0.015803,-0.001003,-0.071676,0.0,0.0,0.0
7771,-0.01577,0.003516,-0.071858,0.0,0.0,0.0
7303,-0.015319000000000001,0.004126,-0.07383100000000001,0.0,0.0,0.0
7143,0.000152,0.010731999999999998,-0.067289,0.0,0.0,0.0
7788,0.0077220000000000006,0.012071,-0.06700300000000001,0.0,0.0,0.0
2789,0.007405,0.0057469999999999995,-0.076924,0.0,0.0,0.0
2191,0.0038290000000000004,-0.005898,-0.06768300000000001,0.0,0.0,0.0
7611,-0.009955,0.010036,-0.072182,0.0,0.0,0.0
7414,0.014759,-0.000129,-0.071358,0.0,0.0,0.0
8062,0.014944,0.004227000000000001,-0.061369,0.0,0.0,0.0
7123,0.011517,-0.000959,-0.063958,0.0,0.0,0.0
4123,-0.011205,0.011758,-0.067322,0.0,0.0,0.0
8027,-0.008641,0.01175,-0.063049,0.0,0.0,0.0
7582,-0.00222,-0.009643,-0.071158,0.0,0.0,0.0
5433,-0.003877,-0.004311,-0.071174,0.0,0.0,0.0
4143,0.003156,0.008644,-0.07284099999999999,0.0,0.0,0.0
7436,0.0039369999999999995,0.011516,-0.07386,0.0,0.0,0.0
70,0.002469,0.011805999999999999,-0.069313,0.0,0.0,0.0
219,-0.012971,0.006225,-0.06863,0.0,0.0,0.0
7154,-0.0069050000000000005,-0.012052,-0.070008,0.0,0.0,0.0
259,0.0011020000000000001,-0.011267,-0.068998,0.0,0.0,0.0
7827,-0.0035009999999999998,-0.002185,-0.060408,0.0,0.0,0.0
7163,0.000229,0.009077,-0.06392,0.0,0.0,0.0
6203,0.003866,0.004757,-0.06623,0.0,0.0,0.0
4,-0.0038250000000000003,0.006255,-0.07140200000000001,0.0,0.0,0.0
5699,-0.0062759999999999995,0.000161,-0.07009399999999999,0.0,0.0,0.0
6497,-0.010398,0.005644,-0.067143,0.0,0.0,0.0
5762,0.0030009999999999998,-0.001982,-0.070327,0.0,0.0,0.0
7757,-0.007798,0.000825,-0.062553,0.0,0.0,0.0
7148,0.00237,0.012762,-0.064993,0.0,0.0,0.0
6163,-0.003231,-0.000559,-0.060205,0.0,0.0,0.0
7738,0.012321,0.00282,-0.062037999999999996,0.0,0.0,0.0
7833,0.000602,-0.01051,-0.06541899999999999,0.0,0.0,0.0
7084,-0.009662,0.007804,-0.07524299999999999,0.0,0.0,0.0
405,-0.001472,0.001956,-0.06546500000000001,0.0,0.0,0.0
422,0.004216,0.006293,-0.06750400000000001,0.0,0.0,0.0
7743,0.012602,-0.004732999999999999,-0.07156100000000001,0.0,0.0,0.0
3456,0.011699,0.001343,-0.07474599999999999,0.0,0.0,0.0
5070,-0.013928000000000001,-0.001057,-0.067093,0.0,0.0,0.0
7879,-0.001006,-0.011468,-0.062645,0.0,0.0,0.0
6785,0.002314,-0.001474,-0.076905,0.0,0.0,0.0
7409,0.009205999999999999,0.003626,-0.06217,0.0,0.0,0.0
993,0.013795,0.012978,-0.069963,0.0,0.0,0.0
112,0.009759,0.010650999999999999,-0.06748,0.0,0.0,0.0
5814,0.015061999999999999,-0.006795,-0.06612399999999999,0.0,0.0,0.0
38,-0.000966,0.01052,-0.06863,0.0,0.0,0.0
7767,0.000957,0.011380000000000001,-0.076348,0.0,0.0,0.0
7449,0.009567,-0.002823,-0.062204,0.0,0.0,0.0
7855,-0.00996,-0.0026579999999999998,-0.060938,0.0,0.0,0.0
8058,-0.00249,-0.0012,-0.058559,0.0,0.0,0.0
6595,0.011163000000000001,0.005148,-0.06824200000000001,0.0,0.0,0.0
6481,-0.011412,-0.003902,-0.07526999999999999,0.0,0.0,0.0
6456,0.003057,-0.011702,-0.069054,0.0,0.0,0.0
7171,0.015542,-0.010754,-0.065756,0.0,0.0,0.0
7074,-0.00053,0.005496,-0.063142,0.0,0.0,0.0
6818,-0.004174000000000001,-0.007409,-0.071287,0.0,0.0,0.0
7902,-0.0010789999999999999,-0.011378000000000001,-0.074359,0.0,0.0,0.0
5899,-0.014837,-0.002305,-0.073264,0.0,0.0,0.0
7177,0.00587,-0.0038250000000000003,-0.062487,0.0,0.0,0.0
466,-0.010688000000000001,0.0024609999999999996,-0.068178,0.0,0.0,0.0
6868,-0.00265,-0.007522999999999999,-0.06252100000000001,0.0,0.0,0.0
7623,0.015470000000000001,0.006057000000000001,-0.065822,0.0,0.0,0.0
7975,0.010819,-0.010143000000000001,-0.06610200000000001,0.0,0.0,0.0
4394,-0.011249,0.004357000000000001,-0.067805,0.0,0.0,0.0
7506,0.012313000000000001,0.001228,-0.063185,0.0,0.0,0.0
6164,0.015929,0.008589000000000001,-0.069667,0.0,0.0,0.0
7838,-0.009873,-0.001554,-0.068271,0.0,0.0,0.0
6886,0.008882,-0.011734,-0.065013,0.0,0.0,0.0
5732,0.01418,0.0014010000000000001,-0.07134,0.0,0.0,0.0
7453,0.013015,-0.000379,-0.06955,0.0,0.0,0.0
7485,0.000669,-0.006577,-0.076747,0.0,0.0,0.0
5733,-0.003126,0.011262000000000001,-0.07672799999999999,0.0,0.0,0.0
7092,-0.0017330000000000002,-0.001036,-0.073684,0.0,0.0,0.0
7185,-0.00296,-0.011106999999999999,-0.07743699999999999,0.0,0.0,0.0
7518,0.007194,0.009523,-0.071283,0.0,0.0,0.0
5643,0.012948000000000001,-0.009212,-0.07370399999999999,0.0,0.0,0.0
3124,0.004541000000000001,0.001655,-0.07440000000000001,0.0,0.0,0.0
7752,0.011426,0.011574,-0.067996,0.0,0.0,0.0
7966,-0.007787,0.009839,-0.07482899999999999,0.0,0.0,0.0
6792,-0.006641,0.001851,-0.065443,0.0,0.0,0.0
6757,-0.009958,0.007993,-0.073117,0.0,0.0,0.0
6399,-0.007325,-0.005458,-0.071851,0.0,0.0,0.0
5824,0.005566,0.012054,-0.064179,0.0,0.0,0.0
7868,0.014707000000000001,0.001484,-0.06355,0.0,0.0,0.0
7874,0.018275,-0.010751,-0.07234,0.0,0.0,0.0
7869,0.007096,0.008693,-0.066888,0.0,0.0,0.0
7097,0.00414,0.005271,-0.071705,0.0,0.0,0.0
4728,-0.007484,0.01035,-0.07266500000000001,0.0,0.0,0.0
6321,0.00378,-0.002274,-0.064181,0.0,0.0,0.0
7085,0.009646,0.000433,-0.062394,0.0,0.0,0.0
7849,-0.005235999999999999,0.007043,-0.069198,0.0,0.0,0.0
4618,-0.013775,-0.0015869999999999999,-0.069663,0.0,0.0,0.0
7527,0.010465,-0.011942,-0.06531100000000001,0.0,0.0,0.0
6984,0.018185,-0.010943,-0.070894,0.0,0.0,0.0
6840,-0.004522,-0.005579,-0.07507899999999999,0.0,0.0,0.0
4107,-0.009052,-0.003154,-0.069565,0.0,0.0,0.0
7570,-0.015172000000000001,0.0021219999999999998,-0.07591500000000001,0.0,0.0,0.0
7924,0.013224999999999999,0.002112,-0.060887000000000004,0.0,0.0,0.0
6124,-0.016481000000000003,0.001608,-0.074005,0.0,0.0,0.0
7463,0.015013,-0.008198,-0.075105,0.0,0.0,0.0
7791,0.011856,-0.0108,-0.072287,0.0,0.0,0.0
472,0.010055,0.0045579999999999996,-0.067731,0.0,0.0,0.0
7505,-0.003005,0.012548,-0.063142,0.0,0.0,0.0
5062,-0.005017000000000001,0.003088,-0.061845,0.0,0.0,0.0
7766,-0.00758,0.007691,-0.071184,0.0,0.0,0.0
7546,0.012459,-0.004163,-0.062944,0.0,0.0,0.0
7091,-0.0066619999999999995,0.006032,-0.074924,0.0,0.0,0.0
7563,0.015417,-0.002653,-0.060589,0.0,0.0,0.0
6783,-0.0039889999999999995,-0.002068,-0.074443,0.0,0.0,0.0
1267,0.012863,0.001355,-0.073559,0.0,0.0,0.0
7462,-0.013552,-0.008026,-0.068402,0.0,0.0,0.0
7427,-0.006292,0.004454,-0.075124,0.0,0.0,0.0
7717,-0.004375,0.000652,-0.06843099999999999,0.0,0.0,0.0
7455,-0.005507,-0.009212,-0.06472199999999999,0.0,0.0,0.0
8002,0.015339,-0.012314,-0.069955,0.0,0.0,0.0
6699,0.005626,0.002677,-0.065777,0.0,0.0,0.0
6562,0.006543,0.009521,-0.071133,0.0,0.0,0.0
6764,0.000778,-0.006690000000000001,-0.06764400000000001,0.0,0.0,0.0
5981,-0.008255,0.001002,-0.06625400000000001,0.0,0.0,0.0
6469,0.005018,-0.001325,-0.06312,0.0,0.0,0.0
7465,0.008864,-0.00421,-0.06258,0.0,0.0,0.0
2799,-0.006595,-0.00652,-0.06696200000000001,0.0,0.0,0.0
4389,-0.013013,0.012155,-0.073265,0.0,0.0,0.0
2475,-0.013023,0.010302,-0.073907,0.0,0.0,0.0
6406,0.002726,0.007122,-0.065795,0.0,0.0,0.0
6127,0.0039030000000000002,-0.011611,-0.0733,0.0,0.0,0.0
2177,0.0053289999999999995,0.009178,-0.074848,0.0,0.0,0.0
7238,0.017258,-0.0017729999999999998,-0.074344,0.0,0.0,0.0
5719,-0.00014099999999999998,-0.000768,-0.063707,0.0,0.0,0.0
2533,-0.006286,0.003953,-0.067202,0.0,0.0,0.0
7773,0.010541,0.007176,-0.076389,0.0,0.0,0.0
3882,-0.01548,0.0050490000000000005,-0.06956399999999999,0.0,0.0,0.0
7433,0.009618,0.009463,-0.07281,0.0,0.0,0.0
6671,-0.003057,0.008079000000000001,-0.067899,0.0,0.0,0.0
6283,-0.007757,-0.002613,-0.06864400000000001,0.0,0.0,0.0
7124,0.01226,-0.007818,-0.066777,0.0,0.0,0.0
7184,-0.015595000000000001,0.008353999999999999,-0.078551,0.0,0.0,0.0
165,0.014898999999999999,0.008298,-0.070548,0.0,0.0,0.0
6817,-0.016132999999999998,-0.001166,-0.077685,0.0,0.0,0.0
6577,0.009875,0.012823000000000001,-0.072728,0.0,0.0,0.0
7840,-0.007328,0.0023290000000000003,-0.061245,0.0,0.0,0.0
7847,-0.012421,-0.009408,-0.065843,0.0,0.0,0.0
7853,-0.009408,0.012157,-0.061698,0.0,0.0,0.0
7081,-0.008447,-0.0019590000000000002,-0.06514,0.0,0.0,0.0
7890,-0.000771,0.004783000000000001,-0.07822499999999999,0.0,0.0,0.0
6882,0.006809999999999999,-0.005771,-0.062893,0.0,0.0,0.0
7919,-0.006268,0.000979,-0.060023,0.0,0.0,0.0
6769,-0.012405,-0.006473,-0.071036,0.0,0.0,0.0
6093,0.015186999999999999,0.0012749999999999999,-0.069417,0.0,0.0,0.0
7205,0.008583,-0.007248,-0.072639,0.0,0.0,0.0
7279,0.011328,0.013458,-0.064068,0.0,0.0,0.0
3874,-0.003693,-0.003299,-0.07105800000000001,0.0,0.0,0.0
62,0.011156000000000001,0.004416000000000001,-0.070384,0.0,0.0,0.0
5108,0.013147,0.008085,-0.06578700000000001,0.0,0.0,0.0
7101,0.014907,-0.004378,-0.06592,0.0,0.0,0.0
5270,-0.010366,0.010398999999999999,-0.06887399999999999,0.0,0.0,0.0
7528,-0.013196,-0.001653,-0.075894,0.0,0.0,0.0
7439,0.016848,-0.004864,-0.074396,0.0,0.0,0.0
7358,-0.011347,-0.00545,-0.07133199999999999,0.0,0.0,0.0
1101,0.004239,0.011013,-0.07336799999999999,0.0,0.0,0.0
7935,0.005902,0.009343,-0.061618,-0.0001510000000000001,0.00023099999999999857,-4.499999999999643e-05
86,-0.007011,0.011199,-0.06843300000000001,-8.600000000000014e-05,0.00015300000000000036,-0.00011399999999998911
6096,0.011739000000000001,-0.004679,-0.073772,0.00016099999999999969,-0.00011499999999999965,-1.2999999999999123e-05
5359,-0.009724,0.004717,-0.071616,-5.10000000000007e-05,4.200000000000037e-05,2.9000000000001247e-05
8081,-0.0010969999999999999,0.002732,-0.074852,-5.600000000000006e-05,0.00010299999999999979,-0.00019799999999998985
7747,-0.005286,0.005483,-0.064716,2.0000000000000052e-05,0.00038000000000000013,-0.00011300000000000199
7735,-0.007729,-0.000671,-0.065057,1.6999999999999654e-05,0.00016600000000000002,4.999999999999449e-05
7740,-0.009311,-0.012012,-0.066842,-2.0000000000002655e-06,8.000000000001062e-06,-0.00012999999999999123
4397,0.005557,0.008827,-0.073779,2.199999999999945e-05,4.2999999999999636e-05,-7.000000000000062e-05
5703,0.002797,0.012013999999999999,-0.065579,0.00010900000000000016,3.0000000000002247e-05,-0.00023799999999998822
8108,0.00298,-0.013015,-0.065807,0.00013100000000000004,5.6000000000000494e-05,0.00019700000000000273
7655,-0.011247,-0.005384000000000001,-0.064577,0.0001910000000000002,0.00016700000000000135,0.0002219999999999861
7425,0.004190999999999999,0.006017000000000001,-0.072977,2.0000000000002655e-06,-5.6000000000000494e-05,-8.999999999999286e-05
6425,0.0021070000000000004,-0.002525,-0.077529,5.699999999999976e-05,2.400000000000015e-05,-0.00010899999999999799
8129,0.015553,0.008134,-0.06541200000000001,-2.5000000000000716e-05,-1.3000000000000858e-05,-0.00026500000000000135
8139,-0.007797,-0.002493,-0.072585,-2.8000000000000247e-05,6.400000000000025e-05,-6.0000000000004494e-05
7691,-0.003797,0.0008900000000000001,-0.059014000000000004,-2.3000000000000017e-05,0.000192,-0.00015300000000000036
7898,0.0054080000000000005,0.012335,-0.074177,-3.199999999999991e-05,-3.799999999999984e-05,-0.00011799999999999311
7421,-0.015765,-0.007915,-0.074367,-1.7999999999997185e-05,0.00014500000000000016,-0.00019999999999999185
8190,-0.000439,0.002202,-0.059243000000000004,9.9999999999997e-07,0.0002480000000000004,-8.299999999999974e-05
4422,0.011393,0.005308,-0.07119400000000001,-0.00020900000000000085,0.00016400000000000008,-0.00015599999999998948
8226,-0.009953,-0.0036379999999999997,-0.0579,-0.00010499999999999919,0.00037399999999999977,3.999999999999837e-05
1911,-0.006037,0.0008060000000000001,-0.072812,-2.7000000000000114e-05,-7.000000000000062e-06,-3.499999999999337e-05
8260,-0.013457,0.0037730000000000003,-0.06459000000000001,-8.400000000000074e-05,4.49999999999999e-05,-0.00010999999999999899
8293,-0.00458,-0.0011020000000000001,-0.07861499999999999,0.00016600000000000035,0.00016800000000000007,-0.0005370000000000097
7729,0.001012,-0.012428000000000002,-0.068853,0.00014399999999999981,7.400000000000288e-05,2.8000000000000247e-05
8310,-0.007450999999999999,-0.005471,-0.058866,6.799999999999948e-05,0.0002409999999999999,-4.9999999999980616e-06
7422,-0.0048579999999999995,0.005055,-0.061843,4.8999999999999565e-05,0.00037500000000000033,-4.399999999999543e-05
8337,-0.010164999999999999,0.0058579999999999995,-0.067073,-8.400000000000248e-05,3.699999999999971e-05,-3.700000000000925e-05
8380,0.00862,-0.009103,-0.075122,-1.4000000000000123e-05,-7.599999999999968e-05,-0.00021300000000000485
8382,-0.012252,-0.006759,-0.062479999999999994,9.200000000000007e-05,3.900000000000084e-05,-7.600000000000662e-05
7544,0.008083,-0.004432,-0.076545,7.700000000000068e-05,-0.00011800000000000005,-0.00015299999999998648
6632,-0.007932,-0.009170999999999999,-0.074384,5.999999999999062e-06,0.00012199999999999885,-0.00018299999999998873
6761,0.007373,0.013526999999999999,-0.067965,8.80000000000004e-05,5.300000000000096e-05,-5.100000000000937e-05
7324,-0.005498,0.0071059999999999995,-0.062084,2.8000000000000247e-05,0.00023000000000000104,-8.400000000000074e-05
6166,-0.016484000000000002,-0.0032029999999999997,-0.07259399999999999,-0.00020900000000000085,6.299999999999969e-05,4.999999999999449e-05
7628,-0.015496000000000001,-0.003019,-0.08035500000000001,-6.399999999999982e-05,0.00018999999999999963,-0.0005309999999999898
4154,0.007564,0.0016790000000000002,-0.06628400000000001,4.999999999999796e-06,1.8000000000000004e-05,-7.299999999998974e-05
341,-0.014960000000000001,-0.005634,-0.071264,-0.00021999999999999797,-0.0002040000000000002,-7.300000000000362e-05
5046,-0.005118,-0.0033250000000000003,-0.071833,4.200000000000037e-05,0.00013200000000000017,7.299999999998974e-05
2154,-0.013218,0.0017569999999999999,-0.069804,-6.399999999999982e-05,3.0000000000001813e-06,-3.199999999999037e-05
7904,0.016355,0.008313000000000001,-0.07349299999999999,-9.40000000000038e-05,-4.4000000000000636e-05,4.699999999999149e-05
8326,-0.012569,-0.001287,-0.076094,-9.89999999999984e-05,7.099999999999988e-05,-9.900000000000186e-05
6073,-0.01477,0.005821,-0.068099,-0.00011599999999999978,-0.0001429999999999999,7.000000000007001e-06
402,-0.002996,0.012707000000000001,-0.070493,0.00010300000000000023,0.00014099999999999877,-0.0001769999999999966
5100,-0.005862,-0.004443,-0.069062,1.700000000000052e-05,0.0001429999999999999,1.9999999999992246e-05
8289,0.011935000000000001,-0.012653000000000001,-0.07094299999999999,3.299999999999831e-05,-4.9999999999980616e-06,0.00018599999999999173
6060,-0.006535,0.013075,-0.063516,4.49999999999999e-05,0.0002450000000000004,6.70000000000115e-05
7106,0.011301,0.001596,-0.063404,3.999999999999837e-05,0.00019499999999999986,3.0000000000030003e-06
8334,-0.000928,-0.005582,-0.06275800000000001,0.00019999999999999998,0.00042800000000000043,3.1000000000017125e-05
4863,0.011425000000000001,-0.011707,-0.07165600000000001,-5.7000000000001494e-05,0.0001250000000000001,-2.799999999998637e-05
355,0.010555,0.001389,-0.065246,-1.3000000000000858e-05,0.00017199999999999984,-7.000000000000062e-05
7759,-0.015117,0.009228,-0.07008299999999999,8.599999999999927e-05,-6.399999999999982e-05,-5.9000000000003494e-05
