Particle,x,y,z,Vx,Vy,Vz
21103,-0.006233,0.006957,-0.0686,0.0,0.0,0.0
24181,-0.007455,0.002678,-0.071335,0.0,0.0,0.0
25126,0.003993,-0.009939,-0.073335,0.0,0.0,0.0
18218,-0.007691,0.012997,-0.067758,0.0,0.0,0.0
26012,-0.001802,-0.000522,-0.070051,0.0,0.0,0.0
24600,-0.015065,-0.0077220000000000006,-0.073941,0.0,0.0,0.0
26033,0.002078,0.0024649999999999997,-0.076527,0.0,0.0,0.0
26044,0.002726,-0.0023279999999999998,-0.076293,0.0,0.0,0.0
26111,-0.001285,0.013003,-0.067356,0.0,0.0,0.0
22992,-0.001377,-0.008178000000000001,-0.072431,0.0,0.0,0.0
25792,-0.013896,0.010605,-0.074389,0.0,0.0,0.0
24523,-0.008297,0.013215999999999999,-0.064808,0.0,0.0,0.0
26030,0.000851,0.00010499999999999999,-0.061077,0.0,0.0,0.0
23876,0.012365000000000001,-0.002774,-0.072048,0.0,0.0,0.0
25438,-0.015458,-0.003417,-0.07234099999999999,0.0,0.0,0.0
26101,0.002022,-0.011522000000000001,-0.07609099999999999,0.0,0.0,0.0
25758,0.006883,-0.005942,-0.073527,0.0,0.0,0.0
23905,0.017558,0.004526,-0.07181699999999999,0.0,0.0,0.0
26189,-0.011994,-0.004866,-0.077491,0.0,0.0,0.0
22630,0.00184,0.00538,-0.07278,0.0,0.0,0.0
24199,0.014909,0.009519999999999999,-0.065319,0.0,0.0,0.0
21999,-0.009224,0.009307000000000001,-0.074999,0.0,0.0,0.0
25464,0.007783,-0.002034,-0.063014,0.0,0.0,0.0
26008,-0.006029,0.00322,-0.06861199999999999,0.0,0.0,0.0
25596,0.002397,0.008572,-0.076957,0.0,0.0,0.0
25478,-0.0009350000000000001,0.010243,-0.063803,0.0,0.0,0.0
24931,-0.010879,-0.004673,-0.065234,0.0,0.0,0.0
26061,0.014676999999999999,0.004246000000000001,-0.062549,0.0,0.0,0.0
25492,0.004985000000000001,0.000778,-0.061793999999999995,0.0,0.0,0.0
25511,-0.001093,0.008226,-0.061835999999999995,0.0,0.0,0.0
24840,0.012817,0.009145,-0.072578,0.0,0.0,0.0
25816,-0.004862,0.012372,-0.062264,0.0,0.0,0.0
26084,-0.013519,0.011375,-0.06567700000000001,0.0,0.0,0.0
20810,0.009311999999999999,-0.0012350000000000002,-0.06662900000000001,0.0,0.0,0.0
22649,-0.0020800000000000003,0.009294,-0.066125,0.0,0.0,0.0
26021,-0.002934,-0.005089000000000001,-0.060341,0.0,0.0,0.0
22759,0.012282999999999999,0.009720000000000001,-0.066281,0.0,0.0,0.0
26175,0.003472,0.004037,-0.062416,0.0,0.0,0.0
26034,0.014218,0.000823,-0.06278199999999999,0.0,0.0,0.0
25821,0.001694,-0.006425,-0.061242,0.0,0.0,0.0
26042,-0.0077,-0.012121999999999999,-0.075549,0.0,0.0,0.0
26182,-0.010518000000000001,-0.010081,-0.057572000000000005,0.0,0.0,0.0
26031,-0.013278,-0.010320000000000001,-0.075442,0.0,0.0,0.0
25832,-0.008079000000000001,0.004405,-0.060534,0.0,0.0,0.0
25523,-0.007032,-0.007316,-0.06963899999999999,0.0,0.0,0.0
25829,0.017067,-0.000977,-0.072552,0.0,0.0,0.0
25579,0.011573,-0.011581,-0.068865,0.0,0.0,0.0
25103,-0.008941000000000001,-0.005106,-0.063803,0.0,0.0,0.0
26226,-0.006443,-0.008824,-0.063994,0.0,0.0,0.0
25136,-0.004438,-0.008833,-0.074174,0.0,0.0,0.0
24838,-0.013125999999999999,-0.0027400000000000002,-0.06816,0.0,0.0,0.0
25137,0.009631,-0.007739,-0.066313,0.0,0.0,0.0
25869,-0.003951,-0.012537000000000001,-0.066748,0.0,0.0,0.0
23573,0.017183,0.011418,-0.068885,0.0,0.0,0.0
25775,-0.009576000000000001,0.007664,-0.063459,0.0,0.0,0.0
22299,-0.004766,-0.001021,-0.067553,0.0,0.0,0.0
26106,0.007423,-0.008612999999999999,-0.072226,0.0,0.0,0.0
26129,0.0077480000000000005,0.0077729999999999995,-0.067714,0.0,0.0,0.0
26131,0.003485,-0.010596999999999999,-0.07709099999999999,0.0,0.0,0.0
26259,0.013151,-0.012218999999999999,-0.062326,0.0,0.0,0.0
26262,0.017099,0.007488000000000001,-0.07336100000000001,0.0,0.0,0.0
25872,0.014216,-0.004,-0.076596,0.0,0.0,0.0
25565,0.005971,0.000972,-0.066149,0.0,0.0,0.0
25115,0.010043,0.012683999999999999,-0.069753,0.0,0.0,0.0
17276,0.015348,0.011505000000000001,-0.074549,0.0,0.0,0.0
24322,0.016298,0.009588,-0.074386,0.0,0.0,0.0
24649,0.009249,-0.011378000000000001,-0.061553,0.0,0.0,0.0
26318,-0.012372999999999999,0.007339,-0.07257899999999999,4.999999999999796e-05,9.699999999999986e-05,-1.8000000000004124e-05
26554,-0.0008719999999999999,-0.000189,-0.07645300000000001,2.8999999999999946e-05,3.400000000000001e-05,-1.5000000000001124e-05
22615,-0.003589,0.0033490000000000004,-0.06893600000000001,7.900000000000051e-05,0.00011899999999999975,4.400000000001625e-05
22632,-0.000743,-0.009727,-0.066471,0.00012199999999999993,0.00015899999999999942,-0.00019500000000000073
24826,0.005958,-0.0068,-0.06446299999999999,0.00020300000000000006,0.0001429999999999999,9.699999999998599e-05
22932,0.009703,0.007435,-0.063881,2.000000000000092e-05,0.00021500000000000078,6.0999999999991616e-05
26208,-0.010323,-0.002222,-0.061714,6.000000000000796e-06,0.00010299999999999979,-0.0002009999999999998
23516,-0.0038410000000000002,0.010178000000000001,-0.06767100000000001,4.5000000000000335e-05,0.0001279999999999979,-2.2999999999995246e-05
25749,-0.015068,-0.001434,-0.07511,0.0001250000000000001,7.59999999999999e-05,-0.0003160000000000107
26426,0.007847999999999999,-0.0020859999999999997,-0.059447,0.0001310000000000009,0.0003129999999999999,-0.0003439999999999971
25118,-0.007218,-0.004211,-0.068818,-4.399999999999977e-05,8.5e-05,-1.6999999999989246e-05
25028,0.014837,-0.000812,-0.064951,4.799999999999943e-05,6.7e-05,6.199999999999262e-05
24542,0.013714,-0.001788,-0.066069,8.299999999999974e-05,9.900000000000013e-05,5.500000000001337e-05
25862,-0.013603,0.011881000000000001,-0.06764400000000001,1.6999999999999654e-05,-5.000000000001531e-06,3.700000000000925e-05
26323,-0.005945000000000001,0.000744,-0.061719,0.00010500000000000093,9.900000000000002e-05,0.0002139999999999989
9675,0.00683,0.009545,-0.073872,-0.0001879999999999998,5.9000000000000025e-05,-0.00033700000000000396
25124,-0.00842,-0.007789,-0.063196,6.199999999999956e-05,0.00024799999999999996,-7.100000000000162e-05
23230,-0.004517,0.007474000000000001,-0.063745,1.899999999999992e-05,0.00028099999999999913,-0.00020100000000000673
19748,-0.0064,0.013174,-0.06453,8.299999999999974e-05,0.0002409999999999999,-1.1999999999998123e-05
26352,-0.001751,-0.007126,-0.061827,0.00010099999999999996,0.00016400000000000095,-1.7000000000003124e-05
26103,0.000607,0.004639,-0.061491,0.00023999999999999998,0.0002450000000000004,-0.00012899999999999717
24922,-0.009615,-0.009184,-0.06982899999999999,0.00019199999999999946,0.00026299999999999935,-0.00016500000000001236
26025,-0.0037029999999999997,0.012972,-0.06628400000000001,-1.000000000000046e-05,0.0002409999999999999,-8.299999999999974e-05
24974,0.0076630000000000005,0.008856999999999999,-0.062252,-4.60000000000009e-05,9.100000000000254e-05,3.999999999999837e-05
26342,-0.014595,0.004471,-0.06944700000000001,2.400000000000145e-05,8.000000000000194e-06,-7.999999999994123e-06
23657,-0.0026720000000000003,0.008602,-0.06587900000000001,8.90000000000001e-05,0.0004249999999999983,6.899999999999962e-05
24951,0.013268,-0.012939,-0.067369,0.0001239999999999991,-3.999999999999837e-05,6.0999999999991616e-05
26122,0.01727,-0.011989000000000001,-0.068065,0.0001529999999999969,0.00010500000000000093,2.9000000000001247e-05
26309,-0.0024609999999999996,0.010921,-0.059889000000000005,4.2999999999999636e-05,0.00023099999999999857,-0.00017199999999999854
25826,0.008029999999999999,0.003997,-0.060692,0.0002270000000000015,0.00034700000000000095,-0.0001239999999999991
26597,-0.005359,0.008815,-0.073647,3.0000000000000512e-05,6.100000000000029e-05,-6.299999999999362e-05
26090,0.004166,-0.006836999999999999,-0.059616,0.00020899999999999998,0.0002489999999999992,-0.0003019999999999967
20197,0.010686,-0.011138,-0.071741,-2.999999999999531e-06,-0.00014799999999999883,-0.00016800000000000148
14131,0.016325,0.002251,-0.072271,-1.1000000000000593e-05,9.900000000000013e-05,-3.799999999999637e-05
26145,0.014168,-0.006129,-0.06869499999999999,-5.6000000000000494e-05,4.2999999999999636e-05,2.699999999998537e-05
26524,0.015131,-0.005014,-0.06589700000000001,0.00015800000000000015,0.0001460000000000003,-5.999999999992123e-06
26238,-0.007175,0.006012,-0.06664,0.00024000000000000063,0.00012499999999999924,0.00018300000000001648
19161,-0.015708,-0.00583,-0.077148,-0.0002580000000000013,1.299999999999999e-05,1.2999999999985246e-05
22619,0.001287,-0.002363,-0.073588,3.000000000000008e-05,0.0001380000000000001,-3.399999999999237e-05
25211,-0.004083,-0.002185,-0.07432599999999999,9.699999999999986e-05,9.900000000000013e-05,0.00025099999999998734
25171,0.003261,0.01098,-0.064774,4.6000000000000034e-05,0.00026900000000000014,1.6999999999989246e-05
25116,-0.010192,0.007768,-0.063751,0.00016799999999999975,0.00023099999999999943,5.7000000000001494e-05
24645,-0.011996,-0.003052,-0.064985,4.099999999999937e-05,0.00016500000000000022,-0.00032300000000000384
23588,0.002919,0.012701,-0.06584000000000001,1.9999999999998318e-06,0.0003409999999999993,1.4000000000014001e-05
25861,-0.011326000000000001,0.002564,-0.07179300000000001,4.900000000000217e-05,-2.1999999999999884e-05,-0.00015099999999999836
26358,-0.015979,-0.009923999999999999,-0.075765,-8.600000000000274e-05,0.00027699999999999773,-1.1999999999998123e-05
25434,0.0031179999999999997,-0.010863,-0.069035,0.00022700000000000064,0.00013400000000000044,-0.00013699999999999823
26363,-0.0047409999999999996,-0.011162,-0.06825,5.999999999999929e-05,0.00012700000000000038,3.0000000000030003e-06
24914,-0.011430999999999998,-6.7e-05,-0.063689,-7.400000000000288e-05,0.000143,-0.00026600000000000235
26374,-0.013352000000000001,0.006208999999999999,-0.069688,3.5999999999999574e-05,-3.099999999999891e-05,-7.899999999999574e-05
25762,0.009759,0.004721,-0.064081,0.00016000000000000042,0.0001739999999999988,-0.00027800000000000047
25713,-0.014542999999999999,0.00857,-0.077042,-4.800000000000117e-05,4.60000000000009e-05,-1.6000000000002124e-05
26465,0.016523,-0.009953,-0.06815600000000001,9.900000000000186e-05,2.6999999999999247e-05,-5.0999999999981616e-05
26066,-0.010962,0.001363,-0.069525,4.099999999999937e-05,6.899999999999983e-05,0.0001300000000000051
25839,0.017585999999999997,-0.006771,-0.06657500000000001,6.900000000000309e-05,0.0001360000000000007,-0.0001820000000000016
26483,0.0027559999999999998,0.009022,-0.061584,0.00033200000000000026,0.00031799999999999884,-0.00024400000000000116
25814,0.013053,-0.007136999999999999,-0.06568,0.00017199999999999854,0.00010599999999999932,-0.00017500000000000848
26147,-0.00027800000000000004,0.0046630000000000005,-0.05895,3.999999999999989e-06,0.0002989999999999989,-0.00015300000000000036
26518,0.005394,0.0036379999999999997,-0.067481,6.700000000000022e-05,0.00022700000000000064,3.9999999999901226e-06
24676,0.011675000000000001,0.005101,-0.07579999999999999,-0.00010500000000000093,3.5999999999999574e-05,-0.0001350000000000101
24943,0.004307,0.005026,-0.06973,-2.900000000000038e-05,0.00021299999999999965,-5.7000000000001494e-05
24849,-0.0032370000000000003,-0.006143,-0.066444,0.0001330000000000003,0.0003020000000000002,-0.00015999999999999348
10746,0.006042,0.012279,-0.073542,-0.0001269999999999995,7.700000000000068e-05,-0.00012200000000001099
26064,-0.008403,0.009946,-0.06855599999999999,0.00011899999999999931,0.0001399999999999995,-6.70000000000115e-05
17431,-0.006046,0.005011,-0.069924,0.00030599999999999985,0.00014700000000000043,6.599999999999662e-05
25203,-0.00478,-0.006854,-0.077239,6.500000000000082e-05,9.999999999999593e-06,-6.899999999999962e-05
25715,-0.009769,0.0031320000000000002,-0.072019,0.00013300000000000117,2.0000000000000052e-05,-3.200000000000425e-05
26395,-0.007687,0.0049770000000000005,-0.06606000000000001,0.00024600000000000056,0.00032099999999999924,2.9000000000001247e-05
23611,-0.013577,-0.0063869999999999994,-0.071005,0.00014199999999999977,0.00018599999999999953,-0.00011599999999999111
18454,-0.011686,0.0019,-0.067405,7.000000000000062e-05,0.00023899999999999985,2.8000000000014125e-05
26620,-0.007494,-0.003533,-0.07774800000000001,-2.3999999999999716e-05,0.00011700000000000035,-5.7999999999988616e-05
23556,-0.0018720000000000002,-0.007963,-0.074821,0.00017900000000000012,1.4000000000000123e-05,-8.299999999999974e-05
23208,0.007017000000000001,-0.000412,-0.068191,5.1999999999999096e-05,0.000308,-0.00015999999999999348
25097,0.0062699999999999995,0.003192,-0.074343,9.400000000000033e-05,0.00015999999999999999,-0.00024499999999998134
26618,-0.0067800000000000004,-0.008186,-0.070283,9.000000000000327e-06,0.000256000000000001,-4.000000000004e-06
26715,0.00047,0.004152,-0.077032,3.999999999999989e-06,5.799999999999989e-05,-0.00021300000000000485
18850,-0.005829,0.0005859999999999999,-0.064691,0.0001559999999999999,0.00011099999999999999,0.0001860000000000056
24565,0.008006000000000001,-0.0064930000000000005,-0.06309000000000001,4.1999999999998636e-05,0.00010800000000000046,-9.999999999998899e-05
26667,-0.005225,-0.007996,-0.069816,0.0002509999999999995,0.00021099999999999938,-9.999999999998899e-05
25573,0.009194,-0.0075179999999999995,-0.067542,0.00021699999999999844,0.00022299999999999924,0.0001300000000000051
26038,-0.005199,0.009936,-0.06957200000000001,6.599999999999922e-05,1.899999999999992e-05,-0.0002299999999999941
9764,0.014721999999999999,0.001234,-0.07162,8.99999999999998e-05,6.199999999999999e-05,-9.699999999999986e-05
26522,-0.014989,-0.006593,-0.07431399999999999,-1.600000000000039e-05,-1.4000000000000123e-05,-9.599999999999886e-05
23419,0.0018340000000000001,-0.011538,-0.06909799999999999,0.00016599999999999991,4.1999999999998636e-05,-0.00022400000000001585
26096,0.003385,0.010771000000000001,-0.077489,-0.0002009999999999998,2.3999999999999716e-05,-0.0001769999999999966
22654,-0.010458,-0.008412000000000001,-0.074239,5.199999999999996e-05,0.00017400000000000228,-0.00011399999999998911
26422,0.011049,-0.003923,-0.062148,-1.600000000000039e-05,0.00019400000000000016,-6.500000000000256e-05
26099,0.001194,-0.001789,-0.06511,0.0002770000000000001,0.0002480000000000002,1.6000000000002124e-05
26616,0.0028799999999999997,-0.002185,-0.066429,0.0001740000000000001,0.000219,-6.999999999998674e-05
23994,-0.014268000000000001,-0.009282,-0.073997,6.600000000000182e-05,0.0002680000000000009,-0.00011500000000000399
26382,-0.00845,0.00654,-0.072049,6.800000000000035e-05,1.1000000000000593e-05,-0.00011799999999999311
26535,-0.010682,-0.008603999999999999,-0.069038,0.00013300000000000117,0.00030699999999999825,-0.00024099999999999122
26369,0.006477,-0.010301,-0.067576,0.00016699999999999961,-1.8000000000000654e-05,0.00010599999999999499
26404,0.0007109999999999999,-0.003548,-0.075982,-7.999999999999978e-06,6.199999999999956e-05,2.9999999999891225e-06
21951,0.0013260000000000001,0.01217,-0.07022,-4.0000000000000105e-05,0.0001799999999999996,-4.699999999999149e-05
25181,-0.0018189999999999999,0.012291999999999999,-0.061901000000000005,9.999999999999159e-07,0.0001570000000000009,-0.00023699999999999416
24488,-0.003247,0.012521000000000001,-0.066398,-3.000000000000008e-05,0.00023899999999999963,-5.8999999999989616e-05
23585,0.004467,0.009694000000000001,-0.06813,-2.1000000000000185e-05,0.0002349999999999991,-7.399999999999074e-05
25845,0.010631,0.009055,-0.06744499999999999,-4.700000000000017e-05,0.00015099999999999836,-2.8000000000014125e-05
21978,0.00121,0.00847,-0.066786,0.00014400000000000025,0.00020500000000000032,-0.00021599999999999397
24602,-0.005879,-0.001573,-0.062168,4.099999999999937e-05,7.59999999999999e-05,-2.8000000000000247e-05
26629,-0.005502,-0.009474999999999999,-0.064655,0.0001250000000000001,0.00017900000000000034,-4.699999999999149e-05
25585,0.003266,-0.010192999999999999,-0.062333,3.700000000000014e-05,0.00020799999999999985,-0.0003019999999999967
24275,-0.002735,0.003997,-0.07323099999999999,0.00012600000000000024,0.0002390000000000005,-7.000000000007001e-06
26752,0.010278,0.009521,-0.064189,-5.699999999999976e-05,0.00013200000000000017,0.0001300000000000051
26849,0.015706,0.008034000000000001,-0.06502200000000001,9.499999999999786e-05,0.0001389999999999985,7.800000000000862e-05
26085,-0.009038000000000001,0.011274,-0.063569,3.500000000000031e-05,0.0003380000000000015,0.00020599999999999785
26708,0.016756,0.010799,-0.067517,0.00019500000000000073,4.49999999999999e-05,-0.0001840000000000036
26181,-0.001655,-0.002908,-0.060758,0.00011699999999999992,0.0001690000000000003,-5.9000000000003494e-05
24331,0.0132,-0.012024,-0.064857,0.00014099999999999877,8.200000000000048e-05,-0.00010400000000000686
26788,-0.011131,0.00538,-0.067426,0.00017500000000000154,0.0003049999999999997,4.999999999991123e-06
26350,0.009178,-0.012608000000000001,-0.066387,0.00010399999999999993,0.00018800000000000067,5.6000000000000494e-05
26219,-0.003261,0.012172,-0.06639300000000001,-3.300000000000004e-05,0.00027399999999999994,-8.899999999999186e-05
25517,0.017881,0.008806,-0.068955,1.2999999999995654e-05,0.00017800000000000107,-6.199999999999262e-05
25789,0.000164,0.004956,-0.075083,2.9999999999999997e-05,0.00014699999999999956,-0.00019700000000000273
25239,-0.011691,-0.004514000000000001,-0.075458,-8.200000000000048e-05,3.800000000000071e-05,-3.0000000000030003e-06
26815,0.003628,0.010773999999999999,-0.060732,9.09999999999995e-05,0.00036900000000000127,0.0002380000000000021
26362,0.016443000000000003,-0.005126,-0.073636,1.9999999999985307e-06,0.0001010000000000004,-0.00022700000000000498
26760,0.000968,0.009545999999999999,-0.064873,0.0001340000000000001,0.00017800000000000107,-8.199999999999874e-05
25876,-0.008617000000000001,-0.006367,-0.05996,4.1000000000001105e-05,0.0002249999999999995,-0.0001270000000000021
25205,0.008503,-0.000322,-0.061043999999999994,0.00028400000000000127,0.00024700000000000004,-0.00012100000000000305
21444,-0.005432,-0.006299000000000001,-0.070248,0.00016500000000000022,0.00026400000000000035,-0.00013499999999999623
18819,-0.00185,0.008535000000000001,-0.073173,-9.099999999999994e-05,0.00015899999999999942,-0.0001840000000000036
23072,-0.007089000000000001,-0.010311,-0.067746,5.400000000000023e-05,0.00020800000000000159,4.200000000000037e-05
25460,-0.005285,-0.004029,-0.066638,0.00027099999999999954,0.000245,7.900000000000962e-05
23518,-0.004176999999999999,0.012468,-0.070336,-4.900000000000043e-05,0.00023399999999999983,-2.2999999999995246e-05
26146,-0.00157,-0.0005420000000000001,-0.058424,8.599999999999992e-05,0.00020900000000000004,-0.00021900000000000391
25759,0.014662000000000001,-0.003787,-0.07449800000000001,-6.300000000000056e-05,1.0000000000001327e-06,-0.00019099999999998285
21161,0.006253999999999999,-0.000571,-0.07318300000000001,-1.8999999999999052e-05,0.00020900000000000004,-4.899999999999349e-05
24511,0.005113,-0.001017,-0.073817,-7.799999999999994e-05,0.00022899999999999982,-6.899999999999962e-05
26123,-0.001156,-0.003148,-0.060512,8.899999999999989e-05,0.00016199999999999982,-0.00011299999999999505
25822,0.0008900000000000001,0.013018,-0.061973999999999994,-3.900000000000008e-05,0.0002859999999999998,-8.700000000000374e-05
22661,0.010852,0.006873000000000001,-0.07667700000000001,-0.00018300000000000087,4.89999999999987e-05,-0.00014299999999999036
25856,0.013446999999999999,0.009446999999999999,-0.063448,8.000000000000021e-05,0.00026000000000000155,-5.8999999999989616e-05
12914,0.014636,0.00337,-0.073351,2.199999999999945e-05,0.00011200000000000012,-0.00016900000000000248
26817,-0.005107,-0.008973,-0.07127700000000001,-1.599999999999952e-05,0.0003009999999999992,0.00020000000000000573
26854,0.001829,0.002884,-0.059999000000000004,5.100000000000005e-05,0.0002570000000000003,-0.0003259999999999999
26387,-0.012293,0.000789,-0.07223399999999999,5.299999999999923e-05,0.00013200000000000006,-4.800000000000637e-05
26159,0.010277,0.012624,-0.063918,3.400000000000104e-05,0.00022900000000000004,-0.0001669999999999866
26917,-0.0030259999999999996,0.003574,-0.063841,9.99999999999994e-05,0.0002310000000000003,8.999999999999286e-05
26074,0.0006590000000000001,-0.008917,-0.060671,0.0001389999999999999,0.0003159999999999986,-0.00012999999999999817
25093,0.0017,-0.010839,-0.06706100000000001,0.00025700000000000007,0.0001799999999999996,-0.00031499999999999584
24975,0.013388,-0.012396,-0.064204,0.0002139999999999989,0.0002870000000000008,0.00016099999999999448
26678,0.001712,-0.005551,-0.063668,8.200000000000004e-05,0.00011400000000000039,-0.0003610000000000002
26627,-0.000214,-0.011751,-0.073252,0.000134,0.00024599999999999796,4.500000000000337e-05
24868,-0.006381,0.009375999999999999,-0.074902,-0.00013299999999999944,-4.39999999999989e-05,-0.00011900000000000799
26343,-0.012305,-0.009071999999999998,-0.07114,9.300000000000107e-05,0.00024199999999999916,-0.0002600000000000102
22635,0.009465,-0.011832,-0.06853100000000001,0.0001349999999999997,0.00010000000000000113,7.300000000000362e-05
26723,0.009856,0.000357,-0.062079999999999996,0.00021199999999999865,0.00023399999999999994,-0.00022199999999999998
26320,-0.012787000000000001,0.012133,-0.073116,4.4000000000000636e-05,2.999999999999531e-06,-5.8000000000002494e-05
25161,-0.002584,0.010908,-0.071243,-0.00010600000000000019,0.00019000000000000093,-7.999999999999674e-05
24528,0.011656000000000001,0.010351,-0.07044,1.0999999999998858e-05,5.099999999999896e-05,-0.00011099999999999999
26351,-0.0024460000000000003,0.009836000000000001,-0.06804500000000001,3.500000000000031e-05,0.0002499999999999985,6.90000000000135e-05
26336,-0.0049050000000000005,0.003128,-0.062256,7.100000000000075e-05,0.00028299999999999983,0.00014699999999999436
25282,-0.0025659999999999997,-0.004677,-0.067542,0.00014499999999999973,0.0001990000000000004,-2.2999999999995246e-05
25541,0.006554,-0.008886,-0.06937399999999999,0.00010900000000000059,0.00011499999999999878,0.00016700000000000048
22340,0.008544000000000001,-0.0059960000000000005,-0.065542,5.899999999999829e-05,7.200000000000002e-05,-2.9000000000001247e-05
25440,0.008297,0.009801,-0.066688,3.300000000000004e-05,0.00014199999999999977,3.599999999999437e-05
26615,-0.0017729999999999998,-0.004417,-0.06845699999999999,0.0001429999999999999,0.0002249999999999995,-7.40000000000185e-05
24008,0.009648,0.00379,-0.07058199999999999,0.0002459999999999997,0.00013699999999999997,-7.700000000000762e-05
19554,0.009401,-0.011172000000000001,-0.065248,0.00020899999999999912,0.00016200000000000242,0.00014700000000000824
26401,0.00492,-0.010173,-0.060751,5.6000000000000494e-05,0.00015699999999999915,-0.0002520000000000022
26075,-0.004801000000000001,-0.010506999999999999,-0.069318,1.700000000000052e-05,0.00028199999999999927,0.00023300000000001098
26665,0.012715,-0.0054329999999999995,-0.068169,-9.000000000000327e-06,0.00011299999999999939,0.00011799999999999311
25727,-0.000615,0.003205,-0.064029,0.00012399999999999998,0.00035899999999999994,0.00010300000000000586
26744,-0.013508,-0.012391,-0.065664,-7.200000000000088e-05,2.5999999999998247e-05,-0.00023300000000001098
24178,4.2000000000000004e-05,-0.010997999999999999,-0.073541,0.00011,0.00023299999999999883,7.699999999999374e-05
24283,0.009698,0.004281,-0.062757,0.0002020000000000008,0.0003050000000000006,-0.00012000000000000899
26790,0.015254,-0.0053040000000000006,-0.066464,0.00021700000000000018,5.7000000000000627e-05,-1.5000000000001124e-05
25461,0.016864,-0.006384,-0.07575,-8.800000000000127e-05,7.699999999999981e-05,-0.00018000000000001348
25365,-6.8e-05,0.011023,-0.07293999999999999,-0.000123,8.6000000000001e-05,-0.00017300000000000648
26883,0.01499,0.009961000000000001,-0.065786,-2.700000000000098e-05,9.099999999999907e-05,3.299999999999137e-05
25993,0.011601,0.005809999999999999,-0.065932,0.00018199999999999987,0.00014500000000000103,-0.00012099999999999611
26819,0.0017620000000000001,0.000735,-0.077127,-9.000000000000024e-05,0.00016700000000000005,-8.099999999999774e-05
26385,-0.006253999999999999,0.010022999999999999,-0.069912,7.299999999999928e-05,0.00012300000000000158,-4.799999999999249e-05
26014,-0.004369,0.012028,-0.07287300000000001,-0.00012900000000000064,0.00015699999999999915,-9.199999999999486e-05
24262,-0.013340999999999999,0.008039,-0.070769,0.0001839999999999984,2.0000000000002655e-06,-0.00011800000000000699
26340,-0.0018919999999999998,0.011980000000000001,-0.06952,-5.400000000000023e-05,0.00022699999999999977,-0.00013499999999999623
24398,-0.001591,-0.0066,-0.076987,4.9e-05,0.0001250000000000001,-0.00014200000000000323
26682,-0.011302,0.011148,-0.065489,1.9999999999999185e-05,0.00011500000000000052,-2.3999999999996247e-05
26420,-0.007175,-0.011947,-0.06545999999999999,0.00013599999999999984,0.00017099999999999928,-3.800000000001025e-05
26766,0.010273999999999998,-0.00801,-0.065108,7.800000000000168e-05,0.00020500000000000032,0.00016900000000000248
24184,-0.010457000000000001,0.000812,-0.073465,0.00020100000000000152,4.999999999999905e-06,-4.999999999999449e-05
25146,0.006158,-0.010663,-0.066959,0.00021399999999999978,7.600000000000141e-05,0.00020300000000000873
24333,0.000462,-0.0046890000000000005,-0.064455,0.00017499999999999997,0.0002260000000000005,-9.100000000000774e-05
26730,-0.012021,-0.011601,-0.061613999999999995,3.300000000000004e-05,8.100000000000121e-05,-0.0001880000000000076
12819,-0.005887,0.0066749999999999995,-0.07155299999999999,5.3000000000000096e-05,9.10000000000008e-05,3.199999999999037e-05
24604,-0.008948000000000001,0.006082,-0.058497,6.700000000000109e-05,0.00023899999999999963,5.200000000000343e-05
26026,0.010482,-0.0077729999999999995,-0.075449,-7.599999999999968e-05,0.0001299999999999999,-7.999999999999674e-05
24810,-0.007147000000000001,0.001974,-0.065261,1.9000000000000787e-05,0.00029699999999999996,3.999999999999837e-05
16960,-0.007392999999999999,0.0026309999999999997,-0.066471,0.00015599999999999902,0.00029500000000000056,0.00015100000000001224
23926,-0.008007,0.007977,-0.067175,0.00018400000000000014,0.00012200000000000058,1.8000000000004124e-05
26316,0.006296,0.01083,-0.071879,-0.00020600000000000045,4.4000000000000636e-05,-0.00015099999999999836
25185,-0.006731,0.00046800000000000005,-0.063811,8.000000000000194e-06,0.000203,9.000000000000674e-05
24174,0.001518,-0.0021309999999999996,-0.065834,0.00020799999999999985,0.0002149999999999997,-0.00012699999999998823
26338,0.004261999999999999,-0.003876,-0.070065,0.00017800000000000107,0.0002630000000000002,-0.00015900000000000636
26659,0.008347,0.010795,-0.073699,-4.99999999999997e-05,2.999999999999531e-06,-0.0001719999999999916
24640,-0.005104,-0.004621,-0.066538,0.00015499999999999976,0.00015999999999999955,-3.899999999999737e-05
26812,0.004373,0.000462,-0.074426,-3.600000000000044e-05,0.00020600000000000007,-7.599999999999274e-05
25335,-0.009205,0.00357,-0.063189,-6.399999999999982e-05,0.0003570000000000001,-1.6000000000002124e-05
25120,0.0028959999999999997,0.011856,-0.06673,-1.999999999999962e-05,0.0002989999999999989,-1.6000000000002124e-05
24888,-0.000446,0.006311,-0.060694000000000005,3.700000000000003e-05,0.00031899999999999984,0.00010600000000000193
26195,0.001299,-0.011063,-0.072519,0.000227,0.0002260000000000005,-8.199999999999874e-05
26256,-0.011997,-0.0076040000000000005,-0.06838,0.00010000000000000113,0.00028300000000000113,-0.00017000000000000348
26696,-0.008007,-0.010128999999999999,-0.063595,9.900000000000013e-05,8.599999999999927e-05,-0.00016700000000000048
25730,0.00762,-0.006841,-0.07009900000000001,0.00028300000000000027,0.00014099999999999963,-0.0002779999999999866
26868,0.014119999999999999,0.0040620000000000005,-0.064613,0.00019600000000000173,0.00018099999999999974,-0.00020499999999999685
9857,0.0034100000000000003,0.009665,-0.072963,-5.3000000000000096e-05,9.799999999999913e-05,-7.799999999999474e-05
22978,-0.004095,0.007320999999999999,-0.071338,-9.000000000000327e-06,7.900000000000094e-05,7.999999999994123e-06
24769,-0.013824999999999999,0.008122,-0.07468300000000001,-1.8000000000000654e-05,9.49999999999996e-05,3.2000000000018125e-05
26617,-0.005392,-0.002106,-0.07474299999999999,7.900000000000008e-05,0.00018699999999999967,5.7999999999988616e-05
25750,-0.004936,0.009128,-0.062439999999999996,-2.999999999999531e-06,0.00020199999999999906,-4.300000000000137e-05
26507,-0.015617,0.008726000000000001,-0.076345,-6.800000000000035e-05,2.7999999999998512e-05,-2.4000000000010124e-05
26346,-0.015488,-0.006978,-0.07513500000000001,5.6000000000000494e-05,0.0001879999999999998,-0.0002969999999999917
23207,0.004525,0.01234,-0.065303,3.5999999999999574e-05,0.00034900000000000035,-0.0001260000000000011
26675,0.004548,0.002458,-0.070577,0.0001269999999999995,0.00035899999999999994,-7.600000000000662e-05
26635,-0.011904999999999999,0.010903000000000001,-0.06551399999999999,8.99999999999998e-05,4.699999999999843e-05,-2.8000000000014125e-05
26454,-0.0112,0.003377,-0.075051,3.300000000000004e-05,0.00011800000000000048,-1.6999999999989246e-05
25201,-0.007732999999999999,0.009493,-0.063502,-4.30000000000005e-05,0.00020599999999999959,1.4000000000000123e-05
26376,-0.004618000000000001,-0.004906,-0.075212,-2.999999999999531e-06,0.00011599999999999978,-2.3999999999996247e-05
26643,-0.012567,-0.01109,-0.075144,-9.099999999999907e-05,-1.1000000000002327e-05,-6.599999999999662e-05
24776,0.004093,-0.002336,-0.068663,5.999999999999929e-05,0.0002469999999999998,-0.00014100000000000223
26613,-0.013949,0.004974999999999999,-0.071393,4.2999999999999636e-05,7.600000000000055e-05,2.4999999999997247e-05
26039,-0.010054,0.010516,-0.07600900000000001,-1.799999999999892e-05,9.20000000000018e-05,-0.0001729999999999926
26886,-0.009373,-0.0026739999999999997,-0.070789,7.999999999999327e-06,0.0001799999999999996,1.0000000000010001e-05
26716,0.014935,0.006968,-0.073984,-0.00011800000000000005,0.00015200000000000023,-0.00017200000000000548
24652,-0.014091,-0.007969,-0.072774,6.599999999999835e-05,0.00015700000000000002,-0.0001709999999999906
24613,-0.007751,-0.008641999999999999,-0.060833,0.0001910000000000002,0.000167999999999998,-0.00018800000000000067
24686,-0.003535,-0.007442,-0.074385,0.00010800000000000002,0.00017700000000000007,-0.00019899999999999085
26191,0.0051909999999999994,0.005885,-0.061248,0.00011400000000000039,0.00032600000000000077,-8.100000000000468e-05
26315,-0.0072380000000000005,-0.001091,-0.063987,1.1000000000000593e-05,0.000134,-0.00011999999999999511
25799,-0.001142,-0.004155,-0.06656000000000001,7.59999999999999e-05,0.00022399999999999937,-0.00018799999999999373
19924,0.010572,-0.005816,-0.070532,0.0001520000000000011,3.000000000000398e-06,3.0000000000030003e-06
22733,0.005097000000000001,-0.00474,-0.066213,0.0001339999999999987,0.00020000000000000052,-0.0003140000000000087
25180,-0.010763,-0.0007740000000000001,-0.07591200000000001,0.00012599999999999938,-1.4999999999999931e-05,4.100000000001325e-05
25726,0.011116,-0.002786,-0.072789,-1.9999999999999185e-05,4.49999999999999e-05,-7.299999999998974e-05
26290,0.0023580000000000003,-0.000492,-0.068748,0.00013599999999999984,0.000382,-0.00010699999999999599
25797,-0.004055,0.009640000000000001,-0.062806,3.500000000000031e-05,0.0002549999999999983,-0.00025899999999999535
24200,-0.0064080000000000005,0.011622,-0.073175,-0.00014399999999999916,8.599999999999927e-05,-0.0001250000000000001
24899,-0.001735,-0.0064329999999999995,-0.068619,0.00010500000000000006,0.00025600000000000015,-0.00010299999999999199
26119,-0.015777,-0.00173,-0.073212,0.00020300000000000006,0.00025200000000000005,-0.00014300000000000423
9845,0.015695,-0.0027010000000000003,-0.073399,5.999999999999062e-06,6.700000000000022e-05,-0.00010599999999999499
25756,-0.006966,-0.007624,-0.065336,0.0002570000000000003,9.200000000000007e-05,2.3000000000009124e-05
24819,0.004246000000000001,-0.012143000000000001,-0.06801600000000001,0.00027599999999999934,1.5000000000001124e-05,-0.00030699999999998784
26626,-0.011204,0.001463,-0.072941,0.00013400000000000044,6.499999999999995e-05,-0.00011599999999999111
26669,0.015063,4.8e-05,-0.065297,4.099999999999937e-05,9.8e-05,4.699999999999149e-05
23704,0.012622,0.005972000000000001,-0.064056,0.00017299999999999954,0.00033999999999999916,-0.0001290000000000041
25543,0.00316,-0.00354,-0.060479,0.0001389999999999998,0.0002560000000000006,-6.900000000000656e-05
25723,0.00893,-0.012253,-0.066728,0.00016299999999999995,0.00017900000000000034,5.1999999999996493e-05
24265,0.012536,0.010728,-0.068135,-8.799999999999954e-05,8.000000000001062e-06,-0.00010799999999999699
26541,0.006306,-0.009997,-0.06535200000000001,0.0001559999999999999,0.00013500000000000144,-8.599999999998886e-05
26827,-0.002716,-0.002079,-0.068693,1.0000000000000026e-05,0.00025700000000000007,7.599999999999274e-05
26684,0.0016279999999999999,0.011749,-0.07371899999999999,-0.00018999999999999985,0.00012299999999999985,-5.8000000000002494e-05
26846,0.012551,-0.004450999999999999,-0.06598699999999999,0.00015300000000000036,8.099999999999948e-05,9.399999999998299e-05
26190,0.013403,-0.004458999999999999,-0.064441,0.00011500000000000052,0.00020599999999999959,-0.00015899999999999248
25164,-0.005968,-0.001349,-0.075288,-2.8000000000000247e-05,0.00013900000000000002,-1.0000000000010001e-05
26083,0.011577,0.008343999999999999,-0.06627,3.999999999998796e-06,0.0001410000000000005,-7.800000000000862e-05
22669,0.012297,0.0040739999999999995,-0.0737,7.999999999999327e-06,0.00018000000000000047,-7.400000000000462e-05
23530,0.008063,-0.008683,-0.06453300000000001,3.799999999999984e-05,0.00017700000000000007,4.600000000001825e-05
20092,0.001961,-0.0021579999999999998,-0.072783,9.999999999999983e-05,0.00018599999999999997,2.2999999999995246e-05
18789,0.011352000000000001,0.001911,-0.067215,7.799999999999821e-05,4.80000000000003e-05,-0.00010899999999999799
26035,0.004963,0.007902,-0.061416,0.00015399999999999962,0.00030900000000000025,9.299999999999586e-05
26851,-0.0011120000000000001,-0.001609,-0.071131,0.00015000000000000018,0.00031800000000000014,0.00020900000000000085
26128,-0.006311,0.010955,-0.06929,5.999999999999929e-05,0.00011599999999999978,-8.099999999998386e-05
26673,-0.01201,0.012,-0.066798,6.499999999999909e-05,3.300000000000004e-05,-0.00014900000000001024
26151,0.011855000000000001,0.007293,-0.064203,0.00017,0.0002890000000000002,-6.50000000000095e-05
20807,0.004857,-0.002323,-0.068542,9.200000000000007e-05,0.00028699999999999993,-0.00017000000000000348
26018,-0.003436,0.005827,-0.069628,0.00013699999999999997,0.00015000000000000083,-2.2000000000008124e-05
17183,0.001218,0.001303,-0.066209,0.00029200000000000016,0.00029100000000000024,3.700000000000925e-05
23206,-8.5e-05,0.011817,-0.064955,3.4000000000000007e-05,0.00019699999999999926,-7.100000000000162e-05
19195,-0.002629,-0.0029089999999999997,-0.07389799999999999,5.299999999999966e-05,0.00016399999999999965,-1.6000000000016e-05
26761,-0.004825,-0.009253,-0.06887399999999999,-5.1999999999999096e-05,0.0002370000000000011,0.0001659999999999856
26720,-0.014131,0.010154,-0.067783,7.699999999999894e-05,8.900000000000054e-05,8.099999999999774e-05
23992,0.0005510000000000001,-0.001863,-0.073181,-3.400000000000007e-05,0.00013999999999999993,2.9000000000001247e-05
22651,-0.005633,-0.004665,-0.065917,0.00023800000000000036,0.00022099999999999984,-5.4999999999985616e-05
24497,0.001721,0.006553,-0.061757,0.00026000000000000003,0.00027700000000000034,9.999999999996123e-06
23825,-0.010663,-0.003231,-0.07006699999999999,1.4000000000001858e-05,0.00011999999999999988,0.00010999999999999899
25542,-0.015563,0.005993,-0.070743,4.99999999999997e-05,3.000000000000398e-06,4.200000000000037e-05
24232,-0.009720000000000001,0.010221000000000001,-0.065629,-6.999999999998327e-06,0.00010199999999999966,-5.7000000000001494e-05
25293,-0.013564999999999999,0.0063739999999999995,-0.064701,6.399999999999982e-05,0.00021700000000000105,0.00011200000000000099
26184,-0.014134,-0.000716,-0.067201,0.0001349999999999997,0.00033999999999999997,-3.700000000000925e-05
25490,-0.011872,0.004197,-0.062295,7.300000000000188e-05,0.00034,0.00018100000000000754
26353,0.005988,0.000876,-0.06768099999999999,-4.000000000000531e-06,0.0002819999999999999,-0.00023600000000001398
26460,-0.004273,-0.003424,-0.062599,6.600000000000009e-05,0.00018199999999999987,-0.00011999999999999511
25740,0.012664,-0.0029089999999999997,-0.062238999999999996,9.800000000000086e-05,0.00020799999999999942,-1.5000000000001124e-05
25425,-0.007039,0.006490999999999999,-0.061837,2.9999999999999645e-05,0.00022400000000000024,4.100000000000631e-05
24687,-0.004288,0.002352,-0.0736,0.00010899999999999972,0.00014899999999999983,-5.4999999999999494e-05
25733,0.011340999999999999,0.00088,-0.063333,7.100000000000162e-05,0.0002909999999999999,-4.099999999999937e-05
24190,-0.006212,0.000955,-0.07152299999999999,5.399999999999936e-05,3.900000000000008e-05,2.9999999999891225e-06
24807,-0.004535,-0.0016339999999999998,-0.067123,0.00015499999999999976,0.00016599999999999991,-6.0999999999991616e-05
23231,0.008246999999999999,-0.004699,-0.074712,-7.099999999999815e-05,7.799999999999994e-05,-8.400000000000074e-05
21792,0.006900000000000001,0.010865,-0.073757,-0.00022000000000000144,1.4000000000000123e-05,-0.00021199999999998997
21348,-0.001351,0.009314,-0.07375799999999999,-0.00012800000000000008,8.300000000000148e-05,-0.000126000000000015
22791,0.003568,-0.008537000000000001,-0.066334,0.00017299999999999998,0.00021000000000000185,-0.00019499999999998685
24278,0.007918999999999999,0.0071909999999999995,-0.072518,-4.79999999999977e-05,5.500000000000123e-05,-0.00023300000000001098
26341,-5.5e-05,-0.0062,-0.062756,0.000131,0.00011399999999999952,-0.00018899999999999473
13741,0.009794,0.002333,-0.071583,0.00013400000000000044,0.00014900000000000026,-0.00021800000000000985
26389,0.006246000000000001,-0.008183999999999999,-0.063971,-0.00014200000000000063,0.00011199999999999925,-0.00012899999999999023
26333,-0.0043890000000000005,-0.00307,-0.063864,1.299999999999999e-05,0.00023099999999999987,-0.00013199999999999323
20098,0.011330999999999999,0.000611,-0.06624,8.200000000000048e-05,0.000192,-0.0001310000000000061
26072,-0.009247,0.006258,-0.07356,3.500000000000031e-05,5.500000000000036e-05,7.500000000000562e-05
26046,-0.0029249999999999996,-0.001103,-0.064429,4.8999999999999565e-05,0.00022000000000000003,-1.1999999999998123e-05
24608,0.00111,0.010887,-0.07117100000000001,-8.100000000000013e-05,0.00017900000000000034,-7.299999999998974e-05
19530,-0.013968999999999999,-0.003599,-0.068733,1.9999999999985307e-06,0.00024300000000000016,4.000000000004e-06
25476,0.006961,0.008345,-0.064008,5.4999999999999494e-05,0.000307,2.9000000000001247e-05
17116,0.008629,0.000838,-0.06993,0.0001410000000000005,0.0002689999999999999,-0.00019099999999998285
22400,-0.004071,-0.007983,-0.067592,0.00017100000000000014,0.00016599999999999948,-0.00016099999999999448
26695,-0.013732,-0.012615,-0.070725,-8.299999999999974e-05,0.00019199999999999946,-3.999999999999837e-05
26089,-0.001856,-0.011688,-0.064633,0.00012600000000000003,0.00014900000000000156,-0.0001830000000000026
21713,-0.009574,0.011837,-0.068323,0.00014199999999999803,5.9000000000000025e-05,-0.0001870000000000066
26394,0.0027660000000000002,-0.009725,-0.062669,1.899999999999992e-05,0.00021299999999999965,-0.00026900000000000535
26650,-0.009966,-0.005123,-0.074502,-9.200000000000007e-05,0.00019499999999999986,0.00010499999999999399
23045,-0.002247,-0.0027919999999999998,-0.070461,9.99999999999699e-07,0.00019000000000000006,0.00014300000000000423
25734,-0.013630000000000001,0.0060750000000000005,-0.067792,4.6000000000002636e-05,1.199999999999899e-05,2.5999999999998247e-05
26094,0.009391,-0.002781,-0.062282,0.00022400000000000024,0.0001870000000000001,-0.00022799999999999904
19425,-0.005987,-5.9e-05,-0.067937,0.00015399999999999962,0.00027800000000000004,0.00014699999999999436
25903,0.016377,-0.011678000000000001,-0.06831,0.0001590000000000029,0.00010199999999999966,2.4999999999997247e-05
25515,-0.007487,-0.001006,-0.06124,1.4000000000000123e-05,8.699999999999995e-05,-0.0001979999999999968
26889,0.001454,0.004442,-0.07422799999999999,8.099999999999991e-05,0.0001429999999999999,-9.600000000001274e-05
18437,-0.010901999999999998,0.007764999999999999,-0.06894700000000001,0.00013699999999999823,4.000000000000531e-06,1.0000000000148779e-06
26633,0.005837,0.007816,-0.063349,7.999999999999934e-05,0.000308000000000001,-7.299999999998974e-05
16500,0.017959,0.003613,-0.071161,4.900000000000043e-05,7.900000000000008e-05,-3.699999999999537e-05
25791,0.000135,-0.003478,-0.06092,9.5e-05,0.00014100000000000007,9.000000000000674e-05
25486,0.00023,-0.011153,-0.06933199999999999,0.00015900000000000002,0.0001299999999999999,-0.00016600000000001336
25941,-0.0077800000000000005,0.005896,-0.06775700000000001,0.00018400000000000014,0.00022699999999999977,3.0000000000030003e-06
26329,-0.015581,0.007484,-0.074407,-2.700000000000098e-05,9.400000000000033e-05,-5.1999999999996493e-05
24590,0.00020899999999999998,0.009085000000000001,-0.073382,-0.00010299999999999998,7.999999999999848e-05,-0.00014899999999999636
22917,-0.004106,0.011087,-0.072222,-8.399999999999987e-05,0.0001810000000000006,-0.00015500000000000236
21957,-0.005142000000000001,-0.000666,-0.070049,3.7000000000000574e-05,0.000219,-5.8000000000002494e-05
25724,-0.002506,0.005664,-0.074226,4.7999999999999866e-05,0.00015700000000000002,-7.000000000000062e-05
19334,0.009737,0.0035240000000000002,-0.06881999999999999,0.0001289999999999989,0.00016899999999999988,-0.0001930000000000126
26416,0.007477,0.008413,-0.073241,-9.400000000000033e-05,0.00013200000000000017,-0.0001820000000000016
24910,0.005404,0.004541000000000001,-0.064886,0.00030100000000000005,0.0002469999999999998,2.0000000000006124e-05
24598,0.015636,0.011235,-0.072972,-5.400000000000023e-05,5.999999999999929e-05,-0.0001290000000000041
25366,0.001444,-0.007089000000000001,-0.066333,0.00015900000000000007,0.00020100000000000066,-0.0002319999999999961
24240,0.00036199999999999996,0.005657,-0.066306,6.000000000000005e-05,0.00037600000000000047,-3.499999999999337e-05
19852,-0.004908,0.001381,-0.062162999999999996,6.600000000000009e-05,0.0001969999999999999,0.0001399999999999943
24492,0.0019690000000000003,0.009658,-0.06887900000000001,-2.900000000000038e-05,0.0003009999999999992,-0.00014599999999999336
23600,0.014235,-0.001314,-0.072086,9.999999999999593e-06,5.600000000000006e-05,-8.299999999999974e-05
19079,-0.003403,-0.001203,-0.070464,8.80000000000004e-05,0.00016299999999999995,-0.00013299999999999423
26325,0.013959,-0.0063170000000000006,-0.067191,5.000000000000143e-05,0.0001510000000000001,6.0000000000004494e-05
24562,-0.009478,0.003403,-0.075381,8.6000000000001e-05,8.699999999999984e-05,-1.0999999999997123e-05
26652,0.002159,-0.012939,-0.06920399999999999,0.00019800000000000026,6.900000000000135e-05,-0.0002700000000000202
26321,0.002129,-0.012084,-0.068373,0.0002720000000000001,0.0001510000000000001,-0.00027699999999999947
17753,0.013590999999999999,0.005022,-0.074636,1.2000000000001593e-05,0.00011299999999999939,-0.00014899999999999636
26366,-0.008591,0.007503,-0.07360299999999999,2.3999999999999716e-05,9.699999999999986e-05,-3.1000000000017125e-05
25122,0.008424,-0.008519,-0.065777,0.00013300000000000117,0.00013200000000000017,0.00016700000000000048
12758,0.00902,0.0014479999999999999,-0.07029099999999999,0.00014199999999999977,0.00023400000000000005,-0.00014700000000000824
23827,0.0018260000000000001,0.003448,-0.070111,6.599999999999965e-05,0.000232,-8.699999999998986e-05
24547,-0.007453,0.005875,-0.070161,0.0002520000000000005,0.00010500000000000006,-0.00020900000000000085
20732,0.009819000000000001,0.005997,-0.06809,0.00018599999999999867,0.00015300000000000036,-0.00014500000000000624
23552,-0.012173999999999999,-0.001405,-0.07413800000000001,-2.8999999999999512e-05,5.899999999999981e-05,-0.00013399999999999523
24520,0.014288,0.010739,-0.06909900000000001,-7.000000000000062e-05,3.7999999999998105e-05,-0.00020099999999999285
26231,0.0027879999999999997,0.007632,-0.06416200000000001,0.0002310000000000003,0.00024699999999999896,-5.8999999999989616e-05
23911,0.006542,-0.007569,-0.066888,0.0002469999999999998,6.100000000000029e-05,-1.5000000000001124e-05
21350,-0.008319,0.008736,-0.064233,4.0000000000000105e-05,0.00024799999999999996,2.9999999999891225e-06
26451,0.011720000000000001,0.01071,-0.065172,-9.800000000000086e-05,0.00016599999999999948,-0.00010900000000001187
25231,-0.00304,-0.001571,-0.063228,2.2000000000000318e-05,0.00012799999999999986,-0.00011099999999998611
24911,-0.013264,0.012699,-0.06676699999999999,7.399999999999941e-05,2.599999999999998e-05,2.5999999999998247e-05
24306,-0.0034289999999999998,5.3e-05,-0.074041,5.199999999999996e-05,0.00018599999999999997,3.199999999999037e-05
26050,0.0043630000000000006,-0.0061059999999999994,-0.073507,-8.300000000000061e-05,0.0001799999999999996,0.00014599999999999336
20713,-0.002972,-0.000273,-0.069395,8.899999999999967e-05,0.00014600000000000003,3.799999999999637e-05
25457,0.003193,-0.011034,-0.06737699999999999,0.00020699999999999972,3.799999999999984e-05,-0.00026199999999999835
26512,-0.014638,0.001189,-0.067407,7.900000000000094e-05,0.00026500000000000004,-0.000124000000000013
25510,-0.002369,0.000731,-0.064543,0.00016799999999999975,0.000152,8.700000000000374e-05
21665,-0.007947,0.000315,-0.066121,4.099999999999937e-05,0.000194,7.700000000000762e-05
24408,0.009424,0.000625,-0.070617,0.0002149999999999999,0.000295,-0.00014200000000000323
26357,0.011603,-0.006165,-0.07099899999999999,5.300000000000096e-05,0.00011200000000000012,3.0000000000002247e-05
23940,0.011009,-0.003769,-0.065263,4.4000000000000636e-05,0.00013800000000000054,7.000000000007001e-06
25123,-0.00158,-0.003718,-0.073108,6.100000000000007e-05,0.000196,-5.2999999999997494e-05
26121,-0.010035,-0.012394,-0.067911,-1.1999999999999858e-05,0.0002520000000000005,-3.799999999999637e-05
25424,-0.005243,0.009379,-0.063975,6.600000000000095e-05,0.0002399999999999989,-1.5000000000001124e-05
26457,-0.008239000000000002,0.0005200000000000001,-0.072298,0.00014500000000000277,-7.000000000000062e-06,4.800000000000637e-05
24381,-0.013923999999999999,-0.0015300000000000001,-0.06614700000000001,1.799999999999892e-05,0.00029600000000000004,9.100000000000774e-05
15103,0.005927,0.004464,-0.071369,3.499999999999944e-05,0.0002329999999999997,-0.00017000000000000348
20748,0.015784,0.009392,-0.070133,8.999999999998592e-06,0.0001420000000000015,-0.00013099999999999223
25524,0.006825,-0.007503,-0.064336,3.799999999999984e-05,6.899999999999962e-05,-6.1000000000005494e-05
26621,-0.00294,0.0046760000000000005,-0.063975,0.0001919999999999999,0.00027999999999999987,0.00020400000000000973
26836,-0.008765,0.010285,-0.064042,9.000000000000327e-06,0.000281,0.0001250000000000001
22383,-0.001143,-0.005667,-0.06398899999999999,0.00014599999999999986,0.0002210000000000007,2.9999999999891225e-06
23221,0.0025,-0.005424,-0.066318,0.00016299999999999995,0.00022699999999999977,-0.0003399999999999931
22321,0.008612,-0.0034969999999999997,-0.070902,0.00020700000000000059,0.0001349999999999997,-7.399999999999074e-05
25803,0.013294,0.004179,-0.06570000000000001,0.00020300000000000006,0.00014400000000000003,-7.099999999998774e-05
26016,-0.002065,0.0009180000000000001,-0.075006,9.599999999999973e-05,0.00010499999999999973,-8.400000000000074e-05
25141,0.012383,-0.00017,-0.071449,6.500000000000082e-05,9.100000000000002e-05,-0.00012000000000000899
20960,-0.007833999999999999,0.010667,-0.070753,5.299999999999923e-05,0.00014600000000000203,-0.00014600000000000724
24875,0.000991,-0.005171,-0.071036,6.199999999999999e-05,0.0002840000000000004,-0.00014700000000000824
23852,-0.0062569999999999995,-0.004878,-0.072506,0.00019700000000000013,0.00019700000000000013,-2.9000000000001247e-05
26326,-0.0010409999999999998,0.0018520000000000001,-0.07195,0.0001659999999999998,0.0002229999999999999,6.199999999999262e-05
26653,-0.005621,-0.008611,-0.071666,-2.199999999999945e-05,0.00022500000000000124,4.200000000000037e-05
25576,0.005261,-0.011238,-0.066438,0.0001529999999999995,0.00023599999999999836,-0.00015899999999999248
26130,0.016235,-0.0014730000000000001,-0.06686199999999999,8.400000000000074e-05,0.0001510000000000001,3.599999999999437e-05
23839,0.006881,0.000402,-0.067622,-1.1999999999999858e-05,0.000331,-0.00021999999999999797
25611,-0.004211,0.004772,-0.066486,5.7000000000000627e-05,0.00017899999999999947,9.100000000000774e-05
26402,0.006461000000000001,-0.011405,-0.065398,0.00020399999999999932,9.300000000000107e-05,0.00010100000000000386
24504,-0.008287000000000001,0.011080999999999999,-0.069843,2.2000000000001185e-05,0.00012800000000000138,-0.00020000000000000573
23546,0.011970000000000001,-0.002314,-0.069228,4.0999999999997636e-05,0.0002000000000000001,3.9999999999901226e-06
23836,-0.001545,-0.009176,-0.064775,0.00012300000000000006,0.00015900000000000115,-0.00010000000000000286
20149,-0.005766,0.006926,-0.068741,3.000000000000398e-06,0.000183,-0.0001860000000000056
26092,0.001138,-0.004529,-0.062111,9.400000000000012e-05,0.00026700000000000074,-0.0003229999999999969
16248,0.005797,0.007063,-0.07569799999999999,-8.99999999999998e-05,-4.999999999999796e-06,-0.00011700000000000599
18076,-0.007304000000000001,0.006534,-0.072081,0.00015200000000000023,-5.999999999999929e-06,-0.0001250000000000001
18073,-0.001722,0.0040880000000000005,-0.064944,0.0001479999999999999,0.00031599999999999944,0.00013799999999999923
23614,0.011869,-0.00026900000000000003,-0.07355800000000001,-1.600000000000039e-05,1.200000000000002e-05,-3.499999999999337e-05
26024,-0.009082000000000002,-0.008463,-0.06774899999999999,1.0000000000027348e-06,0.00024300000000000016,-4.600000000001825e-05
25722,-0.0025729999999999998,-0.0006580000000000001,-0.06466899999999999,0.00013599999999999984,0.00014100000000000007,-1.0000000000148779e-06
26698,-0.013142,-0.012298,-0.070783,0.0,0.00022699999999999977,-0.00013299999999999423
22923,0.001851,0.004035,-0.065968,7.099999999999988e-05,0.00027999999999999987,3.199999999999037e-05
23584,0.0047610000000000005,0.008744,-0.06564700000000001,0.00013900000000000023,0.0002580000000000013,-5.999999999997674e-05
25561,-0.013441000000000002,-0.0075309999999999995,-0.07238299999999999,0.00011000000000000246,0.0001749999999999998,-7.800000000000862e-05
26768,-0.0037080000000000004,-0.00242,-0.06642400000000001,7.800000000000038e-05,0.00021399999999999978,0.0001290000000000041
13640,0.015035999999999999,0.010071,-0.073431,1.5000000000001124e-05,5.999999999999929e-05,-0.00020499999999999685
24552,0.006158,0.005222,-0.071525,3.9999999999996635e-06,0.00011499999999999965,-3.499999999999337e-05
24373,-0.015579,0.0019590000000000002,-0.07315300000000001,-1.899999999999992e-05,0.00018799999999999937,-0.00021199999999998997
19423,-0.006017000000000001,0.009567,-0.06387899999999999,-8.99999999999946e-06,0.00020599999999999959,-0.00011600000000000499
26060,0.00011999999999999999,-0.0024500000000000004,-0.062725,0.000241,0.00012000000000000031,7.000000000000062e-05
26651,-0.008626,0.008503,-0.06651699999999999,0.00011399999999999952,0.00016299999999999995,-5.800000000001637e-05
19509,0.006993999999999999,-0.00782,-0.065369,7.400000000000028e-05,-1.2999999999999123e-05,-0.0001320000000000071
25444,-0.00619,-0.012353,-0.065967,0.00022000000000000058,3.699999999999884e-05,-4.600000000000437e-05
24883,0.008412000000000001,-0.010872,-0.060577,0.00010999999999999899,8.099999999999948e-05,4.900000000000043e-05
18177,0.008964,-0.0012230000000000001,-0.0716,-1.700000000000139e-05,0.00022800000000000012,-4.600000000000437e-05
20992,0.00859,0.006867,-0.06513,-0.0001020000000000014,0.00026599999999999974,1.5000000000001124e-05
26313,-0.001866,0.00058,-0.070243,4.300000000000007e-05,0.00022900000000000004,0.0001229999999999981
23860,-0.012152,0.010180999999999999,-0.07103799999999999,0.00013099999999999917,9.900000000000013e-05,0.0
24224,-0.001952,0.010331,-0.07493999999999999,-0.00013799999999999988,5.7999999999999025e-05,-0.0001380000000000131
21390,0.004404,0.001585,-0.06799200000000001,5.099999999999983e-05,0.0002770000000000001,-0.00011199999999998711
25423,-0.004842,0.007161,-0.069867,3.5999999999999574e-05,0.00022500000000000037,-9.299999999999586e-05
19432,-0.005228,-0.002216,-0.06765399999999999,8.80000000000004e-05,0.00021600000000000005,-8.900000000000574e-05
26028,-0.010686999999999999,0.000305,-0.063208,-8.99999999999998e-05,0.00017299999999999998,-0.00015199999999999936
25810,-0.014386,0.008775,-0.07232999999999999,5.3999999999998494e-05,0.00010300000000000066,-2.4000000000010124e-05
25112,-0.006123,0.002112,-0.062390999999999995,4.0000000000000105e-05,0.00012199999999999971,8.09999999999908e-05
23608,0.006806,-0.001681,-0.07222100000000001,-5.000000000000664e-06,0.00024399999999999986,-3.0000000000002247e-05
19825,-0.000378,0.0037189999999999996,-0.06773399999999999,4.500000000000001e-05,0.000258,0.00011799999999999311
24808,-0.010003,-0.004475,-0.06977599999999999,3.400000000000104e-05,0.00017200000000000028,-0.0001390000000000141
25516,-0.012564,-0.003581,-0.064728,8.099999999999948e-05,0.00014800000000000013,-0.00020200000000000773
24490,-0.009311,0.006695,-0.066846,0.00019199999999999946,0.00023099999999999943,-9.000000000000674e-05
26677,-0.009927,0.002558,-0.068422,0.00021599999999999918,4.7999999999999866e-05,9.900000000000186e-05
17846,-0.006885,-0.00311,-0.067881,5.3000000000000096e-05,0.00018899999999999993,-7.200000000000262e-05
26410,0.00114,-0.008731,-0.064291,9.100000000000015e-05,0.00020599999999999959,-0.00022500000000000298
19419,-0.006801,0.000185,-0.067008,0.00010899999999999972,0.00029,1.7000000000003124e-05
25109,-0.002581,0.0056760000000000005,-0.06717000000000001,4.99999999999997e-05,0.00020399999999999932,9.200000000000874e-05
22298,-0.014128,0.00027400000000000005,-0.069243,7.000000000000062e-06,0.00022399999999999992,-0.0001300000000000051
19259,0.003608,0.0041210000000000005,-0.070464,2.9999999999999645e-06,0.0002749999999999992,-0.00016200000000000936
24606,0.014669,0.00226,-0.06677200000000001,2.5000000000000716e-05,0.00014500000000000016,-6.999999999979245e-06
26082,-0.008081,0.0043360000000000004,-0.06743600000000001,0.00022400000000000024,0.00023399999999999983,2.6000000000012125e-05
25105,-0.007584,-0.01157,-0.07161,0.00011599999999999978,0.00015500000000000062,3.799999999999637e-05
26059,0.00396,0.008906,-0.066771,2.8999999999999512e-05,0.00025199999999999875,-4.700000000000537e-05
26027,0.005605000000000001,0.000705,-0.06535500000000001,0.00011899999999999931,0.0002270000000000001,-0.00012599999999998723
21977,0.001191,0.0013640000000000002,-0.063621,0.00016700000000000005,0.0003209999999999999,-1.7000000000003124e-05
24620,-0.000444,-0.011734,-0.070687,0.00016399999999999997,0.00013299999999999944,-0.00010900000000001187
19911,0.009071,-0.008103999999999998,-0.064458,1.600000000000039e-05,0.00016599999999999948,9.099999999999386e-05
26149,-0.004030000000000001,-0.0037589999999999998,-0.061333,8.400000000000074e-05,9.999999999999983e-05,-0.00017600000000000254
26220,-0.0036739999999999997,-0.008175,-0.062012,4.700000000000017e-05,0.00018899999999999993,-0.00012400000000000605
25776,-0.004658000000000001,0.004619,-0.073318,0.00010700000000000032,8.100000000000034e-05,-1.9000000000005124e-05
25732,-0.006202,-0.001259,-0.062171,2.1000000000000185e-05,0.00011799999999999983,-6.400000000000156e-05
14468,-0.008693,-0.000799,-0.066361,8.700000000000027e-05,0.00018199999999999998,1.0000000000010001e-05
16935,0.005507,-0.002456,-0.071351,0.00010399999999999993,0.00026599999999999974,-0.00019800000000000373
26324,0.002485,0.006358,-0.070127,0.00012800000000000008,0.00032300000000000037,-3.500000000000725e-05
21668,0.009519999999999999,-0.003636,-0.066927,7.400000000000115e-05,8.799999999999997e-05,-5.6000000000000494e-05
25421,-0.008186,0.0006630000000000001,-0.061944000000000006,-0.00012700000000000038,0.00022199999999999998,-7.999999999999674e-05
25142,0.010913,-0.002241,-0.067503,6.599999999999835e-05,9.000000000000024e-05,-6.399999999999462e-05
11113,0.001278,0.0023020000000000002,-0.07121899999999999,-1.9000000000000137e-05,0.00019499999999999986,1.8999999999991246e-05
26412,0.004477,0.003038,-0.063388,0.0002040000000000002,0.00034100000000000016,-0.00012099999999999611
23577,0.008012,-0.001348,-0.073005,-3.199999999999904e-05,0.00017700000000000007,-0.00010999999999999899
21776,0.008848,0.0073490000000000005,-0.06793600000000001,0.00011499999999999878,0.0001849999999999994,-8.099999999998386e-05
26015,0.008683999999999999,0.00916,-0.071262,-0.00013699999999999823,0.00011599999999999978,-0.0002279999999999921
25107,-0.012805,0.007389000000000001,-0.066573,2.6999999999999247e-05,7.399999999999941e-05,4.999999999991123e-06
21769,0.015889,0.006602,-0.068354,2.999999999999531e-06,0.00013699999999999997,-4.999999999999449e-05
25102,0.000199,-0.005275,-0.063428,0.00012399999999999998,0.00011900000000000018,-0.0001870000000000066
21375,-0.003033,0.0065439999999999995,-0.067405,6.699999999999979e-05,0.00025600000000000015,-2.3999999999996247e-05
26022,0.004725,-0.011717,-0.071134,0.00034299999999999956,9.400000000000033e-05,-0.0004219999999999918
21371,0.01075,-0.009736,-0.067179,0.0002160000000000009,0.00020199999999999906,7.900000000000962e-05
26396,-0.012296,0.005044,-0.068387,0.0001399999999999995,9.299999999999933e-05,-7.500000000000562e-05
25503,-0.000221,-0.00029,-0.06480899999999999,0.000115,0.000273,-0.00014300000000000423
15813,0.008824,0.007853,-0.070066,2.9999999999998778e-05,0.00011899999999999931,-0.00013599999999999723
16469,0.002312,0.007744,-0.071427,-6.299999999999969e-05,0.00015600000000000076,-0.0001229999999999981
26701,0.001747,0.005548,-0.070767,3.300000000000004e-05,0.00035700000000000055,3.799999999999637e-05
17466,-0.010955999999999999,0.006841,-0.066138,9.499999999999786e-05,0.0002160000000000009,8.800000000000474e-05
23962,-0.002401,-0.007730000000000001,-0.06987099999999999,0.00018099999999999974,0.00022200000000000084,-0.00016100000000000836
25099,-0.000389,-0.006377,-0.064374,0.000156,0.0001910000000000002,-0.00011699999999999211
17124,0.008215,0.010622,-0.067888,-0.00014000000000000123,6.0000000000001025e-05,-1.7000000000003124e-05
26735,0.01716,-0.003377,-0.06669499999999999,6.499999999999909e-05,0.00016599999999999991,-5.200000000001037e-05
21656,-0.002837,0.0054800000000000005,-0.065984,4.5000000000000335e-05,0.0002999999999999999,0.00013799999999999923
24258,-0.009839,-0.009661,-0.062422,8.6000000000001e-05,-1.9999999999999185e-05,-0.0002649999999999944
22817,0.006581,0.0061790000000000005,-0.066291,6.699999999999935e-05,0.0002009999999999998,-0.00016499999999999848
26029,0.006023,0.007515,-0.066555,0.00010600000000000019,0.00028499999999999966,-6.999999999993123e-06
10157,0.002575,-0.003585,-0.074078,-5.400000000000023e-05,0.00017200000000000028,-5.099999999999549e-05
26310,0.001976,0.001277,-0.069001,4.000000000000097e-06,0.0004280000000000002,-5.099999999999549e-05
22010,0.001492,-0.005104,-0.070713,0.00010000000000000005,0.000281,-9.699999999999986e-05
26032,0.005927,-0.006626,-0.06714,0.00022599999999999964,0.00012700000000000038,-0.00023799999999998822
20709,0.004978,0.000285,-0.067241,4.4000000000000636e-05,0.00023500000000000007,-0.0001840000000000036
17489,0.008085,-0.0051470000000000005,-0.06798900000000001,3.099999999999978e-05,0.00010700000000000032,-0.0002149999999999791
24491,0.009481,-0.001563,-0.071173,-1.899999999999992e-05,0.00022999999999999995,-8.600000000000274e-05
9772,0.01481,-9.4e-05,-0.071507,7.700000000000068e-05,3.5e-05,-8.500000000000174e-05
25119,0.003057,-0.00366,-0.06494499999999999,0.00017700000000000007,0.00025600000000000015,-0.00015500000000000236
25108,0.007462,0.0014750000000000002,-0.06786199999999999,4.900000000000043e-05,0.00022899999999999982,-0.00022200000000001385
22799,-0.0022229999999999997,-0.007948,-0.068419,0.0001389999999999998,0.00021700000000000018,-0.0001310000000000061
25717,0.008336,0.0075439999999999995,-0.066705,5.10000000000007e-05,0.00019500000000000073,-3.899999999999737e-05
24541,-0.010091,-0.004367,-0.072473,5.999999999999929e-05,0.00041200000000000004,9.900000000000186e-05
26631,0.010539,-0.0021070000000000004,-0.06497700000000001,4.799999999999943e-05,0.0002610000000000004,-0.0001789999999999986
17123,0.012034000000000001,0.0066630000000000005,-0.068051,4.29999999999979e-05,5.4999999999999494e-05,1.2999999999999123e-05
25719,-0.007847999999999999,-0.004974999999999999,-0.06776399999999999,0.00013899999999999937,9.399999999999947e-05,1.9999999999992246e-05
21412,-0.0042190000000000005,0.002951,-0.06742100000000001,0.00010000000000000113,0.0001919999999999999,7.900000000000962e-05
26625,0.003516,-0.0017050000000000001,-0.068983,-1.5000000000000256e-05,0.00025,-0.00015599999999998948
20723,0.010138,0.004732,-0.066167,8.099999999999948e-05,0.0002149999999999999,-0.00019799999999998985
15121,0.004318,0.003675,-0.068256,5.5999999999999626e-05,0.00027900000000000017,-5.9000000000003494e-05
24195,-0.004947,-0.009669,-0.071769,6.600000000000009e-05,0.0002580000000000013,4.900000000000737e-05
25160,-0.008126,-0.007866,-0.070593,4.2999999999999636e-05,0.0003259999999999999,-7.500000000000562e-05
23520,-0.010286,0.003348,-0.071929,0.00012699999999999864,7.300000000000015e-05,-2.199999999998037e-05
26185,-0.013756,-0.003846,-0.064881,4.200000000000037e-05,0.00014199999999999977,-0.00019600000000000173
20570,0.008253,-0.01182,-0.06931999999999999,0.00011400000000000125,0.00011500000000000052,0.00015099999999999836
24806,-0.007797,-0.002709,-0.07128799999999999,6.499999999999995e-05,0.00016499999999999978,0.00011299999999998811
16139,-0.00175,0.005111,-0.06944,6.400000000000004e-05,0.00018699999999999967,6.799999999999862e-05
25418,0.0027589999999999997,0.004248,-0.06786199999999999,-2.9999999999999645e-06,0.0003080000000000001,-4.600000000000437e-05
26013,-0.009250999999999999,-0.009384,-0.066649,-7.000000000000062e-05,0.0003480000000000011,-0.00017000000000000348
25194,-0.005129,-0.0013180000000000002,-0.06981100000000001,-1.1999999999999858e-05,0.0002620000000000001,-3.299999999997749e-05
22096,-0.013000999999999999,0.000229,-0.07063599999999999,8.099999999999948e-05,0.00011799999999999997,-0.00014800000000000924
17102,-0.0008629999999999999,-0.001611,-0.071098,0.00011499999999999998,0.00021600000000000005,0.00014199999999998936
22358,0.004660999999999999,-0.007437999999999999,-0.067459,0.0001810000000000006,0.00015999999999999955,-0.00014899999999999636
15880,-0.005133,-0.005227000000000001,-0.06968099999999999,0.00020000000000000052,0.0001540000000000005,-4.400000000000237e-05
