Particle,x,y,z,Vx,Vy,Vz
47412,-0.010756,0.0037749999999999997,-0.066548,0.0,0.0,0.0
43879,0.001706,0.003991,-0.068425,0.0,0.0,0.0
45103,-0.001883,-0.009007,-0.073207,0.0,0.0,0.0
50139,-0.005344000000000001,-0.0077729999999999995,-0.07151600000000001,0.0,0.0,0.0
47228,0.007417,-0.010055,-0.065145,0.0,0.0,0.0
49945,0.005698000000000001,-0.0030830000000000002,-0.064418,0.0,0.0,0.0
49498,-0.012398999999999999,0.008999,-0.063817,0.0,0.0,0.0
37988,0.010061,0.009435,-0.06791,0.0,0.0,0.0
44000,-0.006275,-0.001905,-0.073502,0.0,0.0,0.0
50552,0.002559,-0.010936999999999999,-0.071967,0.0,0.0,0.0
50505,0.012259,0.005535999999999999,-0.063108,0.0,0.0,0.0
49430,-0.002799,-0.001193,-0.070643,0.0,0.0,0.0
49258,-0.00443,-0.004335,-0.06848399999999999,0.0,0.0,0.0
47129,-0.0008629999999999999,0.0017529999999999998,-0.069653,0.0,0.0,0.0
50599,0.0007199999999999999,-0.00392,-0.065326,0.0,0.0,0.0
48048,0.007509,0.007559,-0.07475799999999999,0.0,0.0,0.0
50216,-0.012105000000000001,0.007165,-0.06849,0.0,0.0,0.0
50642,-0.000402,-0.001267,-0.074412,0.0,0.0,0.0
43780,-0.010844,0.008403,-0.074792,0.0,0.0,0.0
49761,-0.005562999999999999,-0.008079000000000001,-0.073488,0.0,0.0,0.0
49822,-0.010398999999999999,-0.009021000000000001,-0.067088,0.0,0.0,0.0
50153,0.004272000000000001,-0.004490999999999999,-0.065797,0.0,0.0,0.0
50461,0.012845,0.008266,-0.072464,0.0,0.0,0.0
50801,-6.8e-05,0.005562999999999999,-0.06585500000000001,0.0,0.0,0.0
50315,-0.011694000000000001,0.004407,-0.075996,0.0,0.0,0.0
50666,-0.0035369999999999998,0.002562,-0.062794,0.0,0.0,0.0
46620,0.004059999999999999,-0.008209,-0.075695,0.0,0.0,0.0
45587,-0.012802,-0.002024,-0.07549,0.0,0.0,0.0
50546,0.00382,0.013191000000000001,-0.062763,0.0,0.0,0.0
50282,0.011941,-0.004961999999999999,-0.063145,0.0,0.0,0.0
50201,0.011637,-0.00757,-0.063484,0.0,0.0,0.0
49983,0.01811,-0.000874,-0.068143,0.0,0.0,0.0
49863,-0.003029,-0.010721,-0.06879600000000001,0.0,0.0,0.0
50648,0.00484,0.00848,-0.052281,0.0,0.0,0.0
49129,-0.002362,-0.003885,-0.071257,0.0,0.0,0.0
50673,0.002646,0.001135,-0.062638,0.0,0.0,0.0
50132,-0.007224,-0.000494,-0.061954,0.0,0.0,0.0
39077,0.010316,-0.000186,-0.07271,0.0,0.0,0.0
50125,-0.009399,0.001331,-0.065813,0.0,0.0,0.0
47880,0.014856999999999999,-0.006999,-0.067027,0.0,0.0,0.0
49246,0.009543,-0.012246,-0.06493399999999999,0.0,0.0,0.0
49775,-0.0029809999999999997,-0.005695,-0.06954,0.0,0.0,0.0
48795,-0.001699,-0.00554,-0.075862,0.0,0.0,0.0
50508,-0.003449,-0.009438,-0.065395,0.0,0.0,0.0
48413,-0.010188000000000001,0.008499000000000001,-0.074719,0.0,0.0,0.0
50167,0.0037730000000000003,-0.004987,-0.063793,0.0,0.0,0.0
50609,0.010884,-0.000852,-0.061986,0.0,0.0,0.0
47116,0.004968,0.005695,-0.070262,0.0,0.0,0.0
48054,-0.013377,-0.003968,-0.07087399999999999,0.0,0.0,0.0
50506,-0.014769000000000001,0.004816,-0.073448,0.0,0.0,0.0
49109,0.007743000000000001,-0.005301,-0.076757,0.0,0.0,0.0
49305,0.009822,-0.007215,-0.065584,0.0,0.0,0.0
50031,-0.003012,-0.007053,-0.069193,0.0,0.0,0.0
50265,0.015877000000000002,-0.008856,-0.064464,0.0,0.0,0.0
50590,-0.011634,-0.000527,-0.061796,0.0,0.0,0.0
50404,0.015954,0.001213,-0.065194,0.0,0.0,0.0
47545,-0.000116,0.005169,-0.065717,0.0,0.0,0.0
49111,0.009589,-0.00299,-0.07222100000000001,0.0,0.0,0.0
50592,-0.003179,-0.010466,-0.076127,0.0,0.0,0.0
49051,0.002312,0.001739,-0.07563299999999999,0.0,0.0,0.0
50781,0.005335,0.012414,-0.061041,0.0,0.0,0.0
50135,-0.011446,0.0028740000000000003,-0.070748,0.0,0.0,0.0
50471,-0.005607,0.009326000000000001,-0.063402,0.0,0.0,0.0
49435,-0.009311999999999999,-0.0027429999999999998,-0.073352,0.0,0.0,0.0
43074,-0.004963,0.012740999999999999,-0.065124,0.0,0.0,0.0
48431,-0.009646,0.000429,-0.065535,0.0,0.0,0.0
50355,0.004573000000000001,0.004817999999999999,-0.060759999999999995,0.0,0.0,0.0
50708,0.015071,-0.01026,-0.063638,0.0,0.0,0.0
50717,0.01713,-0.0069039999999999995,-0.067089,0.0,0.0,0.0
49815,-0.002285,0.007150999999999999,-0.07402800000000001,0.0,0.0,0.0
49561,-0.013226000000000002,0.01314,-0.066991,0.0,0.0,0.0
48894,-0.010807,0.013723,-0.061475,0.0,0.0,0.0
49265,0.017412,0.011988,-0.07331399999999999,0.0,0.0,0.0
48985,0.017209,-0.010944,-0.074152,0.0,0.0,0.0
50815,0.00922,-0.002265,-0.068865,0.00011500000000000052,0.00013999999999999993,-0.0005520000000000108
47798,-0.005214000000000001,-0.00248,-0.068714,4.4000000000000636e-05,0.00023199999999999957,-0.0005349999999999938
42483,0.004144,0.008702999999999999,-0.06988899999999999,8.000000000000194e-06,6.000000000000796e-06,-2.2000000000008124e-05
49518,0.0020350000000000004,0.010843,-0.06376,-6.100000000000029e-05,0.00020199999999999906,-0.00013699999999999823
49794,-0.006542,-0.004503999999999999,-0.069744,0.00016000000000000042,0.00021899999999999958,-8.499999999998786e-05
46189,-0.01286,-0.0038410000000000002,-0.070037,-2.1000000000000185e-05,0.0003340000000000001,-2.8000000000000247e-05
50489,0.005071,-0.00471,-0.064018,0.00022299999999999924,6.700000000000022e-05,-0.0005599999999999911
49805,0.002307,-0.007915,-0.067351,0.0003489999999999999,-7.899999999999921e-05,-0.0002500000000000002
48512,0.004013,0.0065650000000000005,-0.066414,4.6000000000000034e-05,0.00010099999999999953,-0.00015800000000000536
44346,0.0013469999999999999,0.004084,-0.069917,0.00013100000000000004,0.00019199999999999946,-0.0002309999999999951
50643,-0.004897,-0.0018620000000000002,-0.07280299999999999,0.00016199999999999982,0.00021400000000000021,-0.00021300000000001873
39605,-0.0022730000000000003,0.006719999999999999,-0.071522,-6.699999999999979e-05,0.00028500000000000053,-0.0002979999999999927
49859,-0.001236,-0.0050869999999999995,-0.067592,0.0003299999999999999,0.00024999999999999935,-0.00038399999999999546
49140,-0.003852,0.009939,-0.072577,-0.00011100000000000042,0.00019500000000000073,0.0001280000000000031
50938,-0.010487,0.0030529999999999997,-0.06865500000000001,0.00031400000000000004,0.00024300000000000016,9.000000000009e-06
50680,0.003897,-0.0071449999999999994,-0.075669,0.00017600000000000037,3.399999999999931e-05,-0.00010399999999999299
46221,0.0032229999999999997,-0.009179999999999999,-0.06943600000000001,0.0001690000000000003,0.00011999999999999858,2.6000000000012125e-05
50298,0.009134999999999999,0.002488,-0.061473999999999994,-6.999999999999888e-05,-3.2000000000000344e-05,3.999999999999837e-05
49650,0.007069,-0.011013,-0.065249,0.00027200000000000054,-0.00012700000000000038,-7.300000000000362e-05
50945,0.007606,-0.004341,-0.065068,0.00023399999999999983,3.0000000000000512e-05,-0.00025599999999999234
48483,-0.0026320000000000002,0.003988,-0.065731,0.00010099999999999996,0.00022099999999999898,-0.0002490000000000131
50613,0.009237,0.008650999999999999,-0.060169,-5.4999999999999494e-05,0.00013900000000000023,-1.6000000000002124e-05
49966,-0.000921,0.013367,-0.064551,-0.00012599999999999992,9.89999999999984e-05,0.00018499999999999073
50888,0.006372,0.0006860000000000001,-0.069282,8.5e-05,0.00015499999999999986,-0.0004019999999999996
46483,0.01044,-0.000992,-0.070243,0.00037900000000000086,-1.4999999999999823e-05,-0.0003530000000000061
50678,0.008562,-0.001456,-0.062229999999999994,0.00014400000000000003,9.39999999999999e-05,-0.0005640000000000089
50510,-0.012297,0.012397,-0.06893099999999999,0.00022799999999999904,0.0002950000000000001,7.399999999999074e-05
51025,0.010490000000000001,-0.0028039999999999996,-0.067833,0.00032899999999999943,2.499999999999985e-05,-0.0005619999999999931
50842,-0.008650999999999999,-0.0056879999999999995,-0.077268,0.0001789999999999986,0.00015700000000000002,2.2999999999995246e-05
50851,-0.006684,0.000597,-0.06963899999999999,0.00012100000000000045,0.00028300000000000005,-0.00026600000000000235
50866,0.00928,0.010101,-0.062374,-2.6999999999999247e-05,7.899999999999921e-05,3.800000000000331e-05
48327,0.011217000000000001,0.00307,-0.068565,0.00010299999999999893,2.900000000000038e-05,-0.00013699999999999823
50116,-0.0027949999999999997,-0.010839,-0.069414,0.0002490000000000001,0.0001260000000000011,-0.00014400000000000523
50470,0.000867,-0.012134,-0.067011,0.00018100000000000006,-0.00013799999999999923,-0.00021799999999999597
50902,-0.0076040000000000005,0.004048,-0.057057000000000004,8.000000000000194e-06,0.00014599999999999943,-0.0002590000000000023
49045,0.011644,-0.000495,-0.06629600000000001,0.00022900000000000004,2.6000000000000036e-05,-0.00031599999999998296
50480,0.015424,-0.006739,-0.073712,-1.3000000000000858e-05,2.2000000000000318e-05,-6.699999999999762e-05
49882,0.007024,-0.007746,-0.074614,0.00013200000000000017,-7.999999999999327e-06,-7.100000000000162e-05
50853,0.0017490000000000001,-0.005013,-0.076149,0.00016699999999999983,0.0001010000000000004,-0.00016800000000000148
48435,-0.003013,0.002319,-0.07606199999999999,0.00015999999999999999,7.200000000000002e-05,-0.00019600000000000173
50911,0.00225,-0.010431,-0.065999,0.00033500000000000023,4.900000000000043e-05,0.00022600000000000398
49916,-0.009354,-0.00392,-0.058732,5.3999999999998494e-05,-2.0000000000002655e-06,-0.0004669999999999952
50269,-0.009249,0.010180999999999999,-0.062231,6.0000000000001025e-05,0.0002870000000000008,0.0001769999999999966
49434,0.017306000000000002,0.01249,-0.073212,0.0001239999999999991,2.9000000000001247e-05,-0.0001880000000000076
48751,0.0013460000000000002,-0.010714,-0.07563500000000001,0.00025599999999999993,9.799999999999913e-05,-0.00013499999999998236
47495,0.007458,0.010523,-0.069196,1.0999999999999725e-05,-0.00020799999999999985,-0.00021400000000000585
49084,0.0011690000000000001,-0.00141,-0.07349800000000001,5.799999999999989e-05,2.0000000000000052e-05,-0.0002779999999999866
49802,0.004568,-0.008074,-0.062404,1.299999999999999e-05,8.799999999999954e-05,-3.100000000000325e-05
50605,-0.003914,-0.004542,-0.0637,0.00010899999999999972,0.00016699999999999961,-0.0004289999999999988
50126,-0.007562,0.011384,-0.077837,-2.4000000000000583e-05,0.00023199999999999957,-0.00012899999999999023
50876,-0.013399,0.007182,-0.076058,2.499999999999898e-05,0.00016200000000000069,-0.00021700000000000885
47246,0.005026,-0.0011020000000000001,-0.070444,0.00021799999999999944,0.00025200000000000016,-0.0003359999999999891
50927,-0.009569000000000001,-0.008913,-0.070116,0.0003160000000000003,0.00034,0.0
50830,0.015734,0.007587,-0.07323099999999999,0.0003009999999999992,7.200000000000002e-05,-0.0003070000000000017
48414,0.009316000000000001,-0.005365999999999999,-0.073497,0.00019799999999999852,9.899999999999926e-05,-0.0003919999999999896
50536,0.010927,-0.004657,-0.06922299999999999,0.00022199999999999998,-0.00014000000000000037,-0.0005650000000000099
50131,-0.008707000000000001,-0.002251,-0.074092,0.00010600000000000019,0.00014500000000000016,0.00015600000000000336
49866,-0.003771,0.008806,-0.058552,0.00010000000000000026,0.000194999999999999,0.00019100000000000367
51035,-0.014901,0.011058,-0.07472799999999999,3.999999999998796e-06,0.00029799999999999965,-0.00026500000000000135
51033,-0.002439,0.009797,-0.062662,0.00010900000000000016,0.00012800000000000138,-5.9000000000003494e-05
45515,-0.007709,0.009334,-0.072835,6.100000000000029e-05,0.0004099999999999989,-0.0004100000000000076
42790,0.00046600000000000005,0.010079000000000001,-0.071101,-2.5000000000000066e-05,0.00011099999999999825,-8.700000000000374e-05
50806,0.000982,0.002799,-0.072462,0.00017999999999999982,0.00028299999999999983,-0.00044500000000000095
50117,0.014967000000000001,0.003956,-0.067903,3.699999999999884e-05,0.00028200000000000013,-6.899999999998574e-05
43687,-0.005103,0.010686,-0.065056,-0.00010300000000000066,0.00021800000000000118,3.399999999999237e-05
50822,0.007229,0.011366,-0.063611,-2.900000000000038e-05,3.5999999999999574e-05,4.700000000000537e-05
45867,-0.0054340000000000005,0.008764,-0.064035,-9.999999999992654e-07,0.00016299999999999995,-0.00011500000000001787
50855,-0.009467,-0.011112,-0.06980599999999999,0.00030299999999999945,0.00010600000000000019,6.399999999999462e-05
50878,0.005114,0.002953,-0.06490699999999999,5.7000000000000627e-05,0.0001950000000000003,-0.0003090000000000037
49816,0.013408,-0.009205999999999999,-0.074522,6.300000000000056e-05,8.699999999999854e-05,-0.0002269999999999911
50918,-0.003463,0.001369,-0.058065,4.0999999999999804e-05,-4.999999999999796e-06,-0.00036599999999999827
50947,-0.00107,-0.0053170000000000005,-0.059146000000000004,0.00017,0.00020199999999999992,-9.599999999999193e-05
50959,0.008872999999999999,0.00337,-0.060873,-2.399999999999798e-05,3.399999999999974e-05,-0.0004670000000000091
50986,0.009558,-0.006153,-0.062939,0.00027800000000000047,5.899999999999916e-05,-0.0005620000000000069
50668,0.014606,0.011585000000000002,-0.07696599999999999,5.300000000000096e-05,2.6999999999999247e-05,-0.00022500000000000298
51011,-0.015865,0.00322,-0.07727500000000001,-1.4000000000000123e-05,0.0001889999999999995,-0.0002349999999999991
51042,0.010996,0.010189,-0.07385800000000001,0.00018299999999999914,6.199999999999956e-05,-0.0002289999999999931
50715,0.015597,-0.003554,-0.061326,-7.499999999999868e-05,9.89999999999997e-05,0.00012999999999999817
45414,-0.0022789999999999998,0.010484,-0.073066,-0.00010300000000000023,0.0002249999999999995,-1.2999999999985246e-05
50472,-0.003007,-0.007456000000000001,-0.064315,0.00020100000000000022,1.9000000000000787e-05,-0.0006039999999999934
50267,0.00014399999999999998,-0.011996,-0.065342,0.00031900000000000006,0.00016399999999999922,0.00012199999999999711
50192,0.000838,-0.001903,-0.073899,0.00012799999999999997,-1.0999999999999942e-05,-0.00026799999999999047
50573,0.004485,-0.010631999999999999,-0.07548300000000001,0.00016500000000000022,-4.70000000000019e-05,-7.200000000000262e-05
50758,0.008313000000000001,0.004094,-0.059203000000000006,-0.00011000000000000072,4.80000000000003e-05,-0.00011499999999999011
49217,0.017062,-0.007524,-0.074938,-1.9999999999999185e-05,3.099999999999978e-05,-0.0002950000000000036
50812,0.008407,-0.0037240000000000003,-0.0687,0.00025799999999999955,0.0001820000000000003,-0.0004790000000000072
50140,0.007599,-0.008806,-0.07236,0.00016000000000000042,-7.699999999999894e-05,-0.0002400000000000041
48418,0.0062169999999999994,0.000175,-0.07018,0.00028500000000000053,0.000255,-0.0004109999999999808
51173,-0.0030150000000000003,-0.006391,-0.063776,0.00028100000000000043,8.5e-05,-0.0006570000000000048
50814,-0.002251,-0.011442,-0.064789,0.00018599999999999997,0.00011500000000000052,4.099999999999937e-05
44766,-0.0006630000000000001,0.011429,-0.067775,-0.00021999999999999993,7.700000000000068e-05,0.0001759999999999956
48734,0.0005949999999999999,0.004063,-0.072147,9.500000000000003e-05,0.0001380000000000001,-0.0003419999999999951
47763,-0.009047000000000001,-0.007356,-0.073859,5.20000000000017e-05,8.299999999999974e-05,-0.00014899999999999636
50809,-0.0019,-0.002312,-0.063568,0.00019000000000000006,0.0001740000000000001,-0.0005850000000000022
50834,0.008261,-0.001118,-0.071113,0.00022400000000000024,0.00023700000000000001,-0.0005540000000000128
48084,0.004796,0.00766,-0.063984,0.00019800000000000026,-4.000000000000531e-06,4.899999999999349e-05
51201,0.002431,-0.012734,-0.06810899999999999,0.00019000000000000006,-7.199999999999915e-05,0.0001679999999999876
51282,0.005479,-0.002275,-0.061513,0.0002649999999999996,0.00014900000000000026,-0.00037399999999999933
50672,-0.005596,-0.009845000000000001,-0.07368000000000001,6.399999999999982e-05,2.9000000000001247e-05,-0.00015199999999998548
49773,-0.00893,0.012934,-0.06476900000000001,-6.999999999999888e-05,0.00019899999999999952,-4.999999999999449e-05
51194,-0.00028199999999999997,0.009075,-0.060372,0.00020099999999999995,0.00021400000000000065,-8.099999999999774e-05
50857,0.0018720000000000002,-0.001739,-0.06437699999999999,0.0002769999999999997,8.100000000000013e-05,-0.00023300000000001098
36518,0.016384,0.000326,-0.068703,-7.700000000000068e-05,0.000263,-3.799999999999637e-05
48769,0.015754,0.00714,-0.06800199999999999,0.00012799999999999964,0.00026900000000000014,-0.0002610000000000112
51366,0.014882999999999999,0.010288,-0.063526,8.900000000000054e-05,4.2999999999999636e-05,-0.0001229999999999981
50883,0.00667,-0.01102,-0.069672,0.0001410000000000005,6.199999999999956e-05,-8.999999999995123e-06
50524,0.007409,0.01052,-0.07199599999999999,0.00011699999999999992,2.700000000000098e-05,-0.00020000000000000573
51212,0.00965,0.001984,-0.07646599999999999,0.0003099999999999995,0.00018999999999999963,-0.0003130000000000077
50651,-0.010109,-0.0074589999999999995,-0.06869,0.00018899999999999993,0.00022899999999999917,0.00020399999999999585
44728,0.002133,0.007307,-0.06486700000000001,9.39999999999999e-05,0.0001749999999999998,-8.699999999998986e-05
51301,0.01581,-0.004707,-0.064441,0.00012599999999999764,4.0000000000000105e-05,-0.00010999999999999899
45955,0.009967,-0.008573,-0.064754,-5.9000000000000025e-05,0.00011599999999999978,-6.0000000000060005e-06
49813,0.004719,-0.007365999999999999,-0.07398600000000001,0.00021899999999999958,4.69999999999993e-05,-0.0001699999999999896
50446,-0.007709,-0.000798,-0.07006100000000001,0.00021199999999999952,0.00017,-0.0002969999999999917
51374,0.01217,-0.012154,-0.060396,5.699999999999976e-05,-4.89999999999987e-05,-2.2000000000001185e-05
50233,0.016218,0.006367,-0.06531699999999999,-0.00016400000000000095,0.00023499999999999997,-0.00015000000000001124
49530,0.005738,0.0033450000000000003,-0.06921200000000001,6.900000000000048e-05,0.00021899999999999958,-0.00044499999999998707
51316,-0.001516,0.002572,-0.06017,0.0002620000000000001,9.89999999999997e-05,-5.4999999999999494e-05
51289,-0.01243,-0.011059,-0.069468,0.0003180000000000006,-4.4000000000000636e-05,-5.9000000000003494e-05
46274,-0.004428,-0.007199,-0.071488,0.00032399999999999964,0.00012899999999999977,-0.0005620000000000069
49867,-0.01294,0.007957,-0.07485,5.9000000000000025e-05,0.00026400000000000035,-0.0001729999999999926
48999,0.004702,-0.012231,-0.07185599999999999,0.00020899999999999998,8.700000000000027e-05,9.999999999982245e-06
51170,-0.007685,0.00011700000000000001,-0.06272,0.0002360000000000001,5.3e-05,-0.00027599999999999847
50028,-0.008699,-0.01184,-0.075234,6.199999999999956e-05,-4.799999999999943e-05,8.299999999999974e-05
51471,-0.012818,-0.00019700000000000002,-0.07440000000000001,3.399999999999931e-05,0.000134,-0.0001649999999999846
50864,0.013006,0.012506999999999999,-0.067266,0.00016099999999999969,-0.0002349999999999991,6.899999999999962e-05
50634,-0.010709,-0.011199,-0.072491,0.0002149999999999999,0.00020700000000000059,5.6000000000000494e-05
50527,0.014026,0.010469,-0.07012399999999999,0.00019299999999999873,9.900000000000013e-05,-0.0001320000000000071
50353,0.00888,-0.009674,-0.074286,0.00014800000000000056,8.200000000000048e-05,-0.0001280000000000031
50711,0.013173,0.007109,-0.067199,7.499999999999868e-05,0.000255,-9.600000000001274e-05
51193,-0.013653,0.01002,-0.06684699999999999,0.00021900000000000044,0.00021300000000000138,-7.800000000000862e-05
51002,0.001522,0.000954,-0.070424,0.0001910000000000002,6.0999999999999856e-05,-0.00024199999999999222
50817,0.012662000000000001,0.009921,-0.072227,0.00015399999999999962,8.400000000000074e-05,-0.0003070000000000017
51037,0.012789,0.0087,-0.062374,2.1000000000000185e-05,6.100000000000029e-05,5.9999999999997555e-05
49103,-0.008065,-0.002868,-0.073725,-4.000000000002266e-06,0.00015299999999999992,-0.00011999999999999511
41320,0.008133,0.007477,-0.06962600000000001,0.00011500000000000052,-6.600000000000095e-05,-2.799999999998637e-05
46862,-0.011337,0.0076040000000000005,-0.07031,6.000000000000796e-06,0.00014400000000000003,-0.00020699999999999885
50659,0.005042,-0.010087,-0.06257,-8.799999999999954e-05,0.0001010000000000004,-6.199999999999262e-05
50502,-0.014132,-0.0020819999999999996,-0.06972,0.00019500000000000073,0.0003169999999999998,-4.600000000000437e-05
50724,0.01158,-0.002497,-0.07572799999999999,0.0003480000000000011,-3.099999999999978e-05,-0.00038600000000001133
51211,0.009153,0.009455999999999999,-0.069595,-1.1000000000000593e-05,3.200000000000078e-05,-0.00014199999999998936
51223,-0.013843999999999999,0.012055,-0.07248099999999999,0.00013699999999999823,0.00028000000000000073,-0.00021100000000000285
51232,-0.003653,0.003594,-0.065256,0.00014800000000000013,0.00020700000000000015,-0.0001280000000000031
50957,0.009583,-0.003092,-0.064083,0.00035899999999999994,7.400000000000028e-05,-0.0005499999999999949
50565,-0.01097,-0.009352000000000001,-0.06327,1.700000000000139e-05,7.000000000000062e-05,-0.00014399999999999136
51295,-0.006931,0.009803000000000001,-0.060726,0.00017399999999999968,0.000253999999999999,-9.499999999999786e-05
50859,0.014467,0.0072759999999999995,-0.067076,0.00010299999999999893,0.0001860000000000004,-0.00011899999999999411
49151,0.013483,0.009571999999999999,-0.071769,0.0002470000000000007,0.00016299999999999995,-0.00027700000000001335
50966,0.0025169999999999997,-0.012826,-0.062275,8.300000000000017e-05,7.900000000000094e-05,-0.00010300000000000586
51416,-0.005176999999999999,0.006936,-0.061774,0.0002999999999999999,0.00027899999999999973,6.400000000000156e-05
49016,-0.008683,0.011469,-0.070368,9.999999999992654e-07,7.899999999999921e-05,-0.00014299999999999036
50999,0.012432,0.01257,-0.067668,0.00035899999999999994,-0.00020499999999999859,5.4999999999999494e-05
48856,0.016209,0.006163,-0.069335,0.00013200000000000017,0.0002249999999999995,-0.00016099999999999448
50943,0.001245,-0.012572,-0.06964000000000001,0.00020299999999999984,-4.200000000000037e-05,5.100000000000937e-05
50517,-0.0013759999999999998,-0.010263999999999999,-0.07113,0.00013599999999999984,-1.1000000000002327e-05,-0.00026199999999999835
50509,0.012917999999999999,0.010224,-0.07348099999999999,0.00013699999999999997,0.00019500000000000073,-0.0002640000000000142
49470,0.017148,0.008027,-0.071411,0.00017700000000000007,0.0002710000000000004,-0.0002530000000000032
50543,-0.007822,-0.008571,-0.068663,0.0001890000000000008,0.00027399999999999994,-2.3999999999996247e-05
51227,-0.0038290000000000004,-0.008683999999999999,-0.07026600000000001,0.0002520000000000005,0.0001349999999999997,-0.00020299999999998097
48436,-0.0030009999999999998,-0.0006580000000000001,-0.065216,0.0002629999999999998,0.0001710000000000001,-0.00033199999999999896
39962,0.00802,0.008564,-0.06934699999999999,3.200000000000078e-05,-5.7000000000001494e-05,-8.800000000000474e-05
47792,-0.013961,-0.004241,-0.073545,9.999999999992654e-07,0.00034599999999999995,-0.0002390000000000031
51400,-0.009418,-0.001591,-0.077561,0.00020399999999999932,3.8000000000000056e-05,-0.00012799999999998923
50810,-0.010235,-0.01062,-0.072118,0.0003149999999999993,0.00022699999999999804,-8.299999999998586e-05
48065,-0.004919,0.006404,-0.068001,-2.999999999999531e-06,0.0001719999999999994,-0.00016900000000000248
50410,0.011042,-0.001656,-0.068949,0.0001510000000000001,3.2999999999999826e-05,-0.0002909999999999996
50858,-0.000303,0.01034,-0.062734,-1.500000000000004e-05,0.00010499999999999919,-4.300000000000137e-05
50513,0.005702,0.006272000000000001,-0.062422,6.700000000000022e-05,6.999999999999194e-06,-0.00013200000000000017
50641,-0.011007999999999999,0.002859,-0.062431,0.00022799999999999904,7.300000000000015e-05,-9.099999999999386e-05
50475,0.003397,-0.007772,-0.065376,-3.799999999999984e-05,0.00012100000000000045,-0.00012599999999998723
44165,0.010367000000000001,-0.012762,-0.067952,4.699999999999843e-05,-5.9999999999997555e-05,-0.00017400000000000748
50159,0.013301,-0.004789,-0.071217,8.700000000000027e-05,7.900000000000008e-05,-0.0002540000000000042
37982,0.011748,0.004638,-0.073627,0.00015500000000000062,0.00017100000000000014,-0.00031499999999999584
47188,0.012159000000000001,-0.004213,-0.069578,0.00014699999999999783,0.00010999999999999985,-0.0003569999999999962
47788,0.001216,0.00923,-0.072984,-9.999999999999159e-07,0.00016799999999999975,-7.800000000000862e-05
50538,0.0068319999999999995,0.011913,-0.07089,-6.499999999999909e-05,-0.00017800000000000107,0.00018999999999999573
50700,0.013123,0.004338,-0.062467,-2.3999999999999716e-05,9.200000000000007e-05,-1.4000000000000123e-05
51240,-0.014073,0.0053739999999999994,-0.066809,0.00012000000000000031,0.00026099999999999995,0.00013899999999998636
48504,-0.006883,0.004992,-0.06970699999999999,0.00012100000000000045,0.0003179999999999997,-0.00022300000000001485
42298,0.004438,0.0010760000000000001,-0.074705,0.00022599999999999964,0.00019799999999999983,-0.00032500000000000584
50482,-0.009514,0.008621,-0.073784,2.3999999999999716e-05,0.0003099999999999995,-0.00024299999999999322
45221,0.00366,-0.010688000000000001,-0.063634,-5.9000000000000025e-05,0.00012100000000000131,0.00013699999999999823
50813,-0.007946,-0.006934999999999999,-0.06246500000000001,0.0002149999999999999,-3.1000000000000645e-05,-0.0005569999999999881
51297,0.008593,-0.010221000000000001,-0.06767100000000001,0.00022000000000000144,-4.39999999999989e-05,-0.00010999999999999899
51190,-0.009594,0.002906,-0.071858,0.0001920000000000012,0.0002649999999999996,-0.0002500000000000002
50571,-0.004776,0.011795,-0.063238,-0.00014000000000000037,0.00023199999999999957,3.0000000000030003e-06
44297,0.008755,0.0036469999999999996,-0.071602,0.00030799999999999925,7.900000000000051e-05,-0.0003720000000000112
49189,0.0121,-0.011307000000000001,-0.068373,6.600000000000009e-05,-0.00010999999999999899,-0.00016100000000000836
50640,0.013337,0.010447,-0.064375,5.900000000000176e-05,-0.00019300000000000046,0.00016100000000000836
50625,0.008618,0.012579,-0.065068,-1.600000000000039e-05,-7.500000000000041e-05,0.0002500000000000002
51019,-0.0055,-0.009583999999999999,-0.071221,0.0002249999999999995,0.0002549999999999983,9.700000000001374e-05
51080,-0.0024100000000000002,0.001095,-0.062299,0.0003910000000000003,0.0002639999999999999,-0.00023200000000000304
47477,-0.001183,-0.003297,-0.071275,3.199999999999991e-05,0.0004460000000000002,-0.00014499999999999236
51234,-0.004131,-0.012807,-0.066149,4.100000000000024e-05,-0.00011099999999999825,-6.399999999999462e-05
48424,-0.0018859999999999999,0.001512,-0.074912,0.00024899999999999987,0.00022900000000000004,-0.00031899999999998596
50581,0.009574,0.000662,-0.07338599999999999,0.00030900000000000025,0.00010099999999999996,-0.0004220000000000196
48479,0.006267,0.003906,-0.073745,0.00014399999999999916,6.400000000000025e-05,-0.00036099999999998633
51176,-0.014043,-0.004813,-0.07726999999999999,-9.400000000000033e-05,0.00021000000000000012,-0.00022700000000000498
51248,-0.004799,0.00020899999999999998,-0.075181,9.000000000000067e-05,0.00018800000000000002,-1.0999999999997123e-05
51369,-0.009951,-0.007928,-0.06321399999999999,0.00018299999999999914,6.699999999999935e-05,-0.0003030000000000116
41546,0.016001,-0.007527,-0.07003400000000001,0.0001449999999999993,-4.80000000000003e-05,-0.0001679999999999876
46521,0.014845,0.003012,-0.071633,-2.999999999999531e-06,0.0003460000000000004,-6.699999999999762e-05
49780,0.00926,-0.0021469999999999996,-0.07099,0.00023800000000000036,0.00014299999999999946,-0.0005340000000000067
49415,0.007911,-0.001003,-0.07111400000000001,0.0002500000000000002,0.000249,-0.0005429999999999879
49772,-0.003705,0.008685,-0.06496299999999999,-5.3000000000000096e-05,0.00010600000000000019,-5.200000000001037e-05
51253,-0.003364,0.001119,-0.07665999999999999,0.00011099999999999955,-8.999999999999894e-06,-0.00011400000000000299
50164,0.00813,0.010663,-0.060829999999999995,-3.399999999999931e-05,9.699999999999986e-05,0.00020299999999999485
51343,-1.2e-05,0.003036,-0.070194,0.000123,0.00015999999999999999,-0.00032899999999999596
49429,0.00048499999999999997,0.007259000000000001,-0.07478,7.999999999999978e-06,0.00019399999999999973,1.9999999999881224e-06
43814,0.010217,-0.01322,-0.068731,0.00010099999999999866,-3.500000000000031e-05,-0.00013799999999999923
50664,0.016212,0.007878999999999999,-0.06725400000000001,0.00010999999999999899,0.00022300000000000098,-0.00025099999999998734
50553,0.005453,-0.004268,-0.06966800000000001,0.0005129999999999996,0.00012000000000000031,-0.0006319999999999937
51174,0.006926,-0.0061660000000000005,-0.060081,0.0003439999999999997,0.00019600000000000086,-0.0006179999999999936
48765,0.000148,-0.001184,-0.074145,5.9999999999999995e-05,2.499999999999985e-05,-0.0002999999999999947
51389,-0.014191,-0.003301,-0.07282,0.00025299999999999975,0.00036899999999999997,-0.0002370000000000011
51169,-0.004138,-0.006246000000000001,-0.06843600000000001,-7.499999999999955e-05,0.00019900000000000126,-9.399999999999686e-05
50276,-0.007969,3.3e-05,-0.06522700000000001,0.00033799999999999976,0.000205,-9.899999999998799e-05
50903,0.012619,-0.005268,-0.06584699999999999,9.39999999999986e-05,0.00015200000000000023,-0.00027100000000000735
48051,-0.009086,-0.007631000000000001,-0.070826,0.00024300000000000016,0.0003080000000000001,-0.0001250000000000001
50500,0.004176999999999999,-0.00647,-0.07211,0.00014600000000000116,-1.0000000000001327e-06,-9.300000000000974e-05
50808,-0.008694,-0.010589000000000001,-0.067687,0.0002610000000000008,0.00022400000000000024,7.599999999999274e-05
50187,0.0010580000000000001,-0.0062169999999999994,-0.07463,0.00011699999999999992,3.399999999999931e-05,-0.00010899999999999799
36191,-0.001599,0.012525,-0.06361699999999999,-0.00013900000000000002,8.5e-05,0.00011099999999998611
42799,-0.0015309999999999998,0.010813000000000001,-0.065303,-0.0001290000000000002,8.99999999999998e-05,0.00021200000000000385
42876,0.001435,0.0015580000000000001,-0.07449599999999999,3.6999999999999924e-05,0.00019899999999999974,-0.00038500000000001033
50158,0.015396,0.002191,-0.068927,3.7000000000000574e-05,0.0002040000000000002,-3.399999999999237e-05
48452,0.012581,-0.0010500000000000002,-0.07321899999999999,0.0002499999999999985,0.0001330000000000001,-0.0004100000000000076
47406,0.002815,-0.008845,-0.064535,0.00014999999999999996,0.00027399999999999994,3.999999999998449e-05
49870,0.011201000000000001,-0.000373,-0.062020000000000006,-0.00013800000000000097,-0.00014299999999999995,-0.0003569999999999962
47757,-0.013607,-0.005878,-0.074084,5.4999999999999494e-05,0.00027700000000000034,-0.0001229999999999981
51268,0.001391,-0.003561,-0.062917,0.00015499999999999997,-2.2000000000000318e-05,-0.0006690000000000029
50232,0.00146,-0.006827,-0.070324,0.00024400000000000008,0.00014099999999999963,-0.00022800000000000598
51231,-0.009676,-0.010598000000000002,-0.064521,8.6000000000001e-05,0.00011400000000000125,-0.0002580000000000082
51151,0.0026309999999999997,0.008943,-0.069744,-0.00010399999999999949,1.1999999999999858e-05,-1.4000000000000123e-05
49094,0.011328,0.011744,-0.069022,0.00016100000000000142,-3.999999999999837e-05,-2.2999999999995246e-05
50893,0.013321,-0.009415,-0.064648,0.00018300000000000087,5.999999999999929e-05,-6.0000000000004494e-05
48214,-0.014754,-0.0018009999999999999,-0.073412,7.899999999999921e-05,0.0002909999999999998,-0.0002969999999999917
49499,0.00404,-0.002854,-0.068187,0.00024499999999999956,0.000294,-0.0004120000000000096
51158,-0.01122,-0.001981,-0.07514799999999999,-2.999999999999531e-06,0.00018100000000000017,-0.0002940000000000026
50980,-0.011801,0.0038650000000000004,-0.075454,-2.099999999999845e-05,0.00016599999999999948,-0.00016800000000000148
51188,0.011816,0.012263999999999999,-0.067501,0.00022199999999999998,-3.199999999999904e-05,-1.8000000000004124e-05
51417,0.016864,0.004466,-0.065995,-6.399999999999809e-05,0.00015399999999999962,-0.00027599999999999847
50152,0.013916,-0.006958,-0.067476,0.00022199999999999998,-4.500000000000077e-05,-0.0001380000000000131
49229,0.009571999999999999,0.000193,-0.065067,0.00015400000000000136,0.000263,-0.00024999999999998634
49169,-0.003568,-0.011399,-0.075455,0.00016899999999999988,0.0002349999999999991,-7.30000000000175e-05
49513,0.0018540000000000002,0.002919,-0.062864,8.799999999999975e-05,6.399999999999982e-05,-0.0002540000000000042
50350,0.007155,0.005752,-0.074485,0.00016899999999999988,0.00016699999999999961,3.700000000000925e-05
51219,-0.007386,-0.011760999999999999,-0.075397,5.799999999999989e-05,1.0999999999998858e-05,-0.0002309999999999951
50676,-0.009165,0.003004,-0.063992,0.00021699999999999844,6.300000000000012e-05,-8.000000000001062e-05
34145,0.015391,0.004396,-0.071532,1.2999999999999123e-05,0.00016400000000000008,-0.00015600000000000336
48411,-0.013983,-0.006042,-0.072693,9.200000000000007e-05,0.0002509999999999995,-0.0001840000000000036
50533,0.011661,0.009371,-0.065329,0.0,6.399999999999982e-05,1.000000000001e-06
50218,-0.008140000000000001,-0.004952,-0.06569199999999999,0.0002520000000000022,0.00020300000000000006,-0.00021700000000002273
49566,-0.014093999999999999,0.001317,-0.07044,0.00036299999999999874,0.00026599999999999996,-0.0001749999999999946
51180,-0.006724,-0.012611,-0.067444,0.0002999999999999999,0.00019899999999999952,-1.6999999999989246e-05
46192,0.014539999999999999,0.0018340000000000001,-0.07137600000000001,9.000000000000154e-05,0.00028299999999999983,-6.599999999998274e-05
51291,-0.010805,0.004439,-0.062090000000000006,0.0002900000000000003,0.0002950000000000001,-0.00011399999999999605
44683,-0.0069039999999999995,-0.004347,-0.073474,-3.300000000000091e-05,9.500000000000047e-05,-0.00017900000000001248
45697,-0.00508,0.011887,-0.06926,-0.00010700000000000032,0.0001299999999999999,-3.799999999999637e-05
45948,-0.001997,-0.011433,-0.070389,6.700000000000022e-05,4.800000000000117e-05,-7.700000000000762e-05
51156,-0.008989,0.001555,-0.066077,0.0001910000000000002,0.0002850000000000001,-1.1999999999998123e-05
44614,0.0022040000000000002,0.005442,-0.07375799999999999,8.999999999999894e-06,0.0002530000000000006,-0.0003640000000000032
49104,-0.001737,-0.008457000000000001,-0.071685,2.9000000000000163e-05,7.900000000000094e-05,-0.00011200000000000099
42205,-0.007317000000000001,0.006272000000000001,-0.072181,5.6000000000000494e-05,0.0002169999999999993,-0.0002849999999999936
51185,-0.001924,-0.008617000000000001,-0.059997999999999996,-0.0002850000000000001,9.500000000000133e-05,-0.0002370000000000011
46813,0.006794,-0.011786,-0.065018,0.00014899999999999983,-9.000000000000327e-06,2.5999999999998247e-05
45211,-0.013042,0.0030670000000000003,-0.07666200000000001,-6.199999999999956e-05,0.00020600000000000002,-0.0002949999999999897
45520,0.009175,0.007211,-0.063751,0.00014400000000000003,5.1999999999999096e-05,-4.099999999999937e-05
51251,-0.006681,-0.011416,-0.067391,0.00017700000000000094,0.00023500000000000083,2.0000000000006124e-05
51306,-0.0008129999999999999,0.005503,-0.059559,6.899999999999994e-05,0.00023200000000000044,-0.00022099999999999898
50799,-0.000447,0.011037000000000002,-0.072777,-4.3999999999999985e-05,9.499999999999786e-05,-6.1000000000005494e-05
50249,0.007031,5.6e-05,-0.059755,6.999999999999975e-05,0.00019299999999999997,-0.0001490000000000033
50974,0.0031320000000000002,-0.004878,-0.058753,0.0001259999999999998,0.0002310000000000003,-0.00042900000000000577
49419,0.0032890000000000003,-0.000228,-0.071255,0.000294,0.00023400000000000002,-0.00016099999999999448
51430,0.017109000000000003,0.0015940000000000001,-0.0653,-0.00020300000000000526,0.0001559999999999999,-0.00011500000000000399
41393,0.003211,0.007704,-0.073553,0.00011500000000000008,9.8e-05,-1.9000000000005124e-05
47753,0.0057610000000000005,-0.00023799999999999998,-0.068251,0.00014699999999999956,6.999999999999997e-05,-0.00036699999999999233
50978,0.009583999999999999,0.0066619999999999995,-0.065501,0.00017300000000000128,-2.2999999999999583e-05,-9.599999999998499e-05
50486,-0.010118,0.0023490000000000004,-0.070873,0.00018500000000000114,0.0002889999999999993,-7.799999999999474e-05
50477,-0.010721,0.0038239999999999997,-0.06847299999999999,0.0002609999999999991,0.00014600000000000073,8.099999999999774e-05
51281,0.003595,0.011295,-0.061301,-0.00014499999999999973,0.00011200000000000099,0.00020900000000000085
47947,0.016388000000000003,-0.00456,-0.070804,3.499999999999337e-05,8.99999999999946e-06,-0.0001759999999999956
49428,0.006392999999999999,-0.0022890000000000002,-0.074996,8.000000000000021e-05,9.500000000000047e-05,-0.0005320000000000186
51467,-0.007303,0.007344000000000001,-0.065748,-0.00010299999999999979,9.6999999999999e-05,-0.00016599999999999948
49091,-0.0032949999999999998,-0.00864,-0.06829500000000001,-0.00019800000000000026,-2.7999999999998512e-05,-0.00010299999999999199
49771,0.003932,-0.008364,-0.062123,-2.2999999999999583e-05,0.00012099999999999958,-4.200000000000037e-05
49101,-0.003378,0.005091,-0.062768,0.00014199999999999977,6.299999999999969e-05,-0.0001729999999999926
50697,-0.0055910000000000005,-0.011326000000000001,-0.068506,5.7000000000000627e-05,0.0001260000000000011,-7.100000000000162e-05
49593,0.00866,-0.012261,-0.07122,9.10000000000008e-05,4.49999999999999e-05,-0.00014899999999999636
49763,-0.000632,0.001495,-0.07585800000000001,0.0001119999999999999,0.00010599999999999997,-0.0003289999999999821
47759,0.010859,-0.007314,-0.07006100000000001,0.00016499999999999848,3.800000000000071e-05,-0.00011699999999997823
51331,0.007692999999999999,-0.001877,-0.062437,0.00018300000000000174,0.00010899999999999994,-0.0006090000000000054
50843,0.013256,-0.012643000000000001,-0.06826900000000001,0.0001559999999999999,-5.3999999999998494e-05,-0.00012099999999999611
50134,0.014923,0.005259000000000001,-0.06749899999999999,7.300000000000015e-05,0.00021099999999999938,-0.0001890000000000086
50561,0.013438,-0.0075780000000000005,-0.068346,0.00018300000000000087,-6.399999999999982e-05,-0.00015500000000000236
49206,0.006131999999999999,-0.011928000000000001,-0.07163599999999999,0.00024400000000000116,7.600000000000141e-05,-5.800000000001637e-05
49792,-0.005333999999999999,0.004178,-0.073672,0.00014599999999999943,0.00020499999999999945,-0.00032000000000000084
51377,-0.012955999999999999,0.01123,-0.06481999999999999,4.89999999999987e-05,2.3999999999999716e-05,-0.00020300000000000873
50193,0.007046,0.0036509999999999997,-0.071477,0.0002180000000000003,0.0001690000000000003,-0.00037399999999999933
49432,0.001307,0.0048070000000000005,-0.062075000000000005,-9.000000000000002e-05,0.000266999999999999,-0.0002489999999999923
35128,0.01431,0.008646000000000001,-0.07055299999999999,0.00013400000000000044,0.00012299999999999985,-0.0003200000000000147
47142,-0.00421,0.012211,-0.069973,-0.00013699999999999997,7.899999999999921e-05,6.0999999999991616e-05
50835,0.000606,-0.0030110000000000002,-0.072589,0.00019400000000000005,0.0002030000000000005,-0.00016099999999999448
50463,-0.008308999999999999,-0.005827,-0.07264799999999999,1.899999999999992e-05,5.400000000000023e-05,-0.00021800000000000985
50846,0.008322,0.011635,-0.063483,-2.6999999999999247e-05,7.000000000000062e-05,0.00010699999999999599
49431,0.006477,0.012384000000000001,-0.06490699999999999,-8.000000000000021e-05,-3.0000000000012655e-06,0.00011300000000000199
50104,0.007445,-0.0038599999999999997,-0.074556,9.699999999999986e-05,0.00015499999999999976,-0.0005730000000000041
47420,-0.008036,7.4e-05,-0.068813,9.099999999999907e-05,0.000256,-0.00021999999999999797
50469,0.008519,0.004386999999999999,-0.071138,0.0002310000000000003,1.1000000000000593e-05,-0.00027099999999999347
50110,0.001913,-0.0025459999999999997,-0.066948,0.0002819999999999999,0.00018599999999999997,-0.00045300000000000895
45908,-0.002613,0.000841,-0.06669,7.699999999999981e-05,0.00019800000000000004,-0.0002570000000000072
49970,-0.008761,-0.011732,-0.069711,0.0002409999999999999,0.00022900000000000004,0.00017699999999998273
45536,0.014547000000000001,0.005562999999999999,-0.067199,0.00010299999999999893,0.00020300000000000092,-0.00015700000000000436
49500,-0.000125,-0.003945,-0.070263,7.400000000000001e-05,0.0002459999999999997,-0.0004050000000000026
49529,-0.0041600000000000005,-0.00064,-0.067759,0.00020500000000000032,0.000262,-0.0003490000000000021
49831,0.007575999999999999,0.004730000000000001,-0.073828,0.0001730000000000004,7.599999999999968e-05,-0.0002889999999999976
46173,0.016191,0.004046,-0.069862,0.00011999999999999858,0.00020599999999999959,-9.599999999999886e-05
45678,0.0043890000000000005,-0.010326,-0.07009699999999999,0.00013599999999999984,6.699999999999935e-05,-0.00010100000000000386
47197,-0.009963,0.010532999999999999,-0.068981,3.399999999999931e-05,4.900000000000217e-05,-7.300000000000362e-05
47103,0.009003,0.002516,-0.069782,0.00017099999999999928,0.00011600000000000022,-0.0002580000000000082
49549,0.014163,0.001951,-0.06479800000000001,-2.999999999999531e-06,0.0002620000000000001,-4.299999999998749e-05
45996,0.015151999999999999,-0.004296,-0.068805,0.0001470000000000013,3.300000000000004e-05,-0.0002459999999999962
50881,-0.010661,-0.005027,-0.070461,-1.8000000000000654e-05,3.500000000000031e-05,-9.100000000000774e-05
50589,-0.009984,0.007303,-0.063341,7.699999999999894e-05,0.00014000000000000037,-0.0001320000000000071
51410,0.005158,0.002072,-0.066623,1.3999999999999256e-05,0.0001740000000000001,-0.0002920000000000006
47768,-0.011453,0.006198,-0.06836400000000001,-2.000000000000092e-05,3.099999999999978e-05,-0.00025199999999998834
50908,0.014319,0.01112,-0.073128,0.00022900000000000004,0.00023300000000000057,-2.9000000000001247e-05
51286,-0.003533,0.0044729999999999995,-0.058224,0.00022500000000000037,0.00019800000000000113,0.00014999999999999736
41343,0.001923,0.0009270000000000001,-0.076527,0.00025199999999999984,0.00016599999999999991,-0.0001300000000000051
47152,0.0011149999999999999,0.006974,-0.075158,-2.499999999999985e-05,0.0001849999999999994,-0.00015400000000000136
49869,0.008138999999999999,-0.006593,-0.064829,0.00019800000000000026,0.00010799999999999959,-0.00038499999999999646
51163,-0.004907,-0.012247999999999998,-0.069869,0.00025400000000000075,0.00010399999999999819,-8.600000000000274e-05
51187,0.008096,0.012336999999999999,-0.070559,-9.20000000000018e-05,-0.00011199999999999925,8.499999999998786e-05
51361,0.0132,-0.0052,-0.068452,0.00027000000000000114,-8.000000000000021e-05,-0.0004330000000000028
50899,0.017105000000000002,-0.005934999999999999,-0.06876,1.000000000001e-06,-5.7000000000000627e-05,-0.0002370000000000011
48395,0.006071,0.008356,-0.06293699999999999,0.00013799999999999923,0.00010999999999999899,8.099999999999774e-05
49969,0.018052,-0.007175,-0.0677,5.7000000000001494e-05,-8.900000000000054e-05,-0.00020699999999999885
50155,-0.00328,0.004449,-0.064444,0.00020300000000000006,0.00011300000000000025,-0.00019199999999999773
50238,-0.014161,0.009303,-0.06959,0.0002310000000000003,0.00032299999999999864,-0.0003439999999999971
50498,0.007814,-3.3e-05,-0.063082,0.00017299999999999954,0.00015700000000000002,-0.00027399999999999647
47789,-0.008875,0.008145,-0.072113,-6.400000000000156e-05,0.0002470000000000007,-0.00027100000000000735
50154,0.011358,-0.006384,-0.07153799999999999,0.00018699999999999967,6.099999999999942e-05,-0.00014300000000000423
48449,-0.004139,-0.005938,-0.073928,0.00015800000000000015,9.399999999999947e-05,-0.00026600000000000235
41735,0.016651,-0.0012569999999999999,-0.06753400000000001,-0.00011199999999999752,0.0001569999999999998,-3.699999999998149e-05
49083,-0.008549,-0.003871,-0.073598,-4.300000000000137e-05,8.199999999999961e-05,-0.0002970000000000056
50942,0.012692,-0.004207,-0.063022,0.00011599999999999978,3.0000000000000512e-05,-0.0005570000000000019
37734,0.013812,0.004395,-0.071015,-9.999999999999593e-06,0.000295000000000001,-0.00015000000000001124
50106,0.000887,-0.006842,-0.06400199999999999,-3.399999999999996e-05,0.00017899999999999947,-0.00033299999999999996
43999,-0.008648,0.009462,-0.072131,-1.8000000000000654e-05,0.0002210000000000007,-0.00013799999999999923
50021,-0.013032,-0.00122,-0.065301,0.0001799999999999996,0.00026499999999999994,-6.0999999999991616e-05
43705,-0.001385,0.006225,-0.06718,0.0001739999999999999,0.00014500000000000016,-0.0002530000000000032
42825,0.004163999999999999,-4.2999999999999995e-05,-0.070698,0.00020700000000000145,0.000233,-0.00023800000000001598
50312,-0.012674,0.0010609999999999999,-0.065828,0.00034799999999999935,0.00027900000000000017,-0.00014200000000000323
37969,-0.004429000000000001,0.0072699999999999996,-0.067676,-9.799999999999913e-05,0.00014400000000000003,-9.599999999999886e-05
35618,-0.006797,0.008095000000000001,-0.071754,-2.0000000000002655e-06,0.0002599999999999981,-0.0003690000000000082
48318,-0.003388,0.009344,-0.068398,-8.5e-05,7.099999999999988e-05,6.699999999999762e-05
51154,0.004320999999999999,-0.004885,-0.07223099999999999,0.00023300000000000057,6.199999999999956e-05,-0.00016700000000000048
51205,-0.013179999999999999,0.003887,-0.07065600000000001,0.00013699999999999997,0.00010800000000000046,-0.0001739999999999936
50107,0.00296,-0.007194,-0.074625,0.00020699999999999972,4.99999999999997e-05,-0.00016200000000000936
49770,0.007327,-0.007129,-0.071988,0.00014099999999999963,6.399999999999982e-05,-0.00018300000000001648
50841,0.007231,-0.001804,-0.069372,0.0003950000000000004,0.00021799999999999988,-0.0005709999999999882
48399,-0.001623,0.003721,-0.06724,0.00017200000000000006,0.00010699999999999989,-0.00033500000000000196
50222,-0.011986,0.003162,-0.07453499999999999,0.00014899999999999983,2.6000000000000415e-05,-0.00027200000000000835
44298,-0.006444,0.011345000000000001,-0.064441,-0.0001380000000000001,0.00015299999999999862,3.100000000000325e-05
47728,0.006751,-0.004835,-0.066982,0.00031899999999999984,0.0001719999999999994,-0.0003550000000000081
51047,0.002235,-0.009207,-0.074203,0.00014100000000000007,7.599999999999968e-05,-5.8999999999989616e-05
50503,0.013743,0.005258,-0.06662,0.00011800000000000005,0.00020600000000000045,-7.000000000000062e-05
50531,-0.007677,0.0025729999999999998,-0.073875,0.00021399999999999978,0.00014300000000000033,-0.00014100000000000223
44009,-0.001244,0.005246000000000001,-0.06996,0.00019700000000000013,0.000183,-0.0003459999999999991
46849,-0.000772,-0.007606,-0.07018200000000001,8.200000000000004e-05,5.799999999999989e-05,-0.0001699999999999896
46781,0.008092,0.010282999999999999,-0.072723,9.799999999999913e-05,-2.8999999999999512e-05,-0.0001749999999999946
46299,-0.011846,0.011946,-0.066771,0.0001310000000000009,0.00016599999999999948,-1.0999999999997123e-05
49810,0.005919,-0.009888,-0.072423,0.00010999999999999985,2.9999999999998778e-05,-0.0001789999999999986
50122,0.0038039999999999997,0.011317,-0.071816,-0.00011999999999999945,-0.00016400000000000095,-7.299999999998974e-05
49930,0.0025729999999999998,0.000437,-0.063966,0.00019300000000000046,6.300000000000001e-05,2.000000000002e-06
48456,0.005117,0.009016,-0.066276,-3.000000000000398e-06,8.000000000000021e-05,6.799999999999862e-05
51372,0.001222,0.006332,-0.07115300000000001,-5.000000000000013e-06,2.0000000000000052e-05,-0.00015699999999999048
39005,-0.010255,0.006135,-0.07624500000000001,0.00010800000000000046,0.00015600000000000076,-0.0002259999999999901
49848,0.016602,-0.009685000000000001,-0.068009,1.9000000000001654e-05,-4.49999999999999e-05,-0.0001239999999999991
50481,0.001037,-0.008034000000000001,-0.070002,0.0001690000000000001,4.200000000000037e-05,-0.00026600000000000235
49128,-0.011535,0.001794,-0.064296,0.0002920000000000006,0.0002049999999999999,0.0003140000000000087
51264,-0.010037,0.000719,-0.075515,9.70000000000016e-05,0.00014399999999999992,-0.00019900000000000473
48434,0.001859,-0.006779,-0.06645699999999999,-1.5999999999999955e-05,3.800000000000071e-05,-0.00037500000000000033
51152,-0.005607,-0.003306,-0.068015,4.700000000000017e-05,0.00020600000000000002,-0.00044700000000000295
51299,-0.001053,-0.003041,-0.062279,0.00031999999999999986,0.0002149999999999999,-0.0005399999999999988
45619,0.011414,-0.0020169999999999997,-0.067831,0.000255,3.7999999999999406e-05,-0.0004089999999999927
50816,0.004054,0.004025,-0.064629,0.00032700000000000003,0.00022500000000000037,-0.00025099999999998734
50483,0.00477,0.003059,-0.067387,0.00013399999999999957,0.000232,-0.0005030000000000034
47147,-0.000398,0.008614,-0.069795,-8.999999999999948e-06,0.0001810000000000006,-0.00011900000000000799
51196,0.004515,0.009938,-0.065778,-1.1000000000000593e-05,0.0001339999999999987,-3.999999999999837e-05
48398,0.001479,0.006405,-0.072032,-2.1000000000000185e-05,0.0002749999999999992,-0.00033700000000000396
43767,0.000491,0.005467,-0.065499,0.00010499999999999995,0.00011000000000000072,-0.00027900000000000147
49414,0.016376,0.002963,-0.06864,0.00010299999999999893,0.00027300000000000024,-4.200000000000037e-05
50811,-0.003658,-0.011869,-0.0696,0.00013599999999999984,8.799999999999954e-05,-7.000000000007001e-06
48126,-0.003209,0.002777,-0.07104099999999999,0.00012100000000000001,0.0002689999999999997,-0.0002570000000000072
49791,0.0014010000000000001,-0.006875,-0.067083,5.899999999999981e-05,3.800000000000071e-05,-0.00016299999999999648
50969,0.017027,-0.000516,-0.066588,-5.000000000001531e-06,0.00030999999999999995,-0.00032000000000000084
51272,0.006228,-0.007112,-0.071714,0.00020499999999999945,0.00016199999999999982,-0.00015099999999999836
50572,0.004266,0.006044,-0.07224,8.000000000000194e-06,0.00016200000000000069,-0.00027000000000000635
45518,0.003934,0.000642,-0.07128100000000001,0.0002310000000000003,0.00022999999999999995,-0.0002789999999999876
49856,0.013521,-0.012432,-0.069786,0.00011800000000000005,-3.500000000000031e-05,-7.299999999998974e-05
45614,0.004113,0.0059640000000000006,-0.070223,6.699999999999935e-05,0.00014099999999999963,-0.00032600000000000684
43098,-0.007656,0.005214000000000001,-0.07514799999999999,0.00011299999999999939,0.00011999999999999858,-0.00022500000000001685
44310,0.002696,-0.000321,-0.07082899999999999,0.00027900000000000017,0.000188,-0.00016200000000000936
49107,0.005594,0.0029159999999999998,-0.064446,-1.1999999999999858e-05,0.0002540000000000003,-0.0003549999999999942
45960,-0.0028239999999999997,0.0023239999999999997,-0.06823699999999999,7.999999999999934e-05,0.0002460000000000001,-0.00021900000000001085
46251,-0.00762,-0.00508,-0.07119199999999999,0.0001319999999999993,0.00011400000000000039,-0.00019399999999999973
49425,-0.0038039999999999997,0.00564,-0.063248,0.00027899999999999973,0.00020899999999999998,-9.099999999999386e-05
47145,0.006997,0.00229,-0.06637900000000001,-4.0000000000000105e-05,0.00011099999999999999,-0.00037299999999998446
42524,-0.009852,0.010406,-0.071065,4.1999999999998636e-05,9.199999999999833e-05,-0.00016299999999999648
47744,-0.00034899999999999997,0.008539,-0.072877,9.199999999999996e-05,0.00010500000000000093,3.0000000000002247e-05
42499,-0.002307,-0.004876,-0.071212,-5.999999999999929e-06,0.00028300000000000027,-9.200000000000874e-05
50916,0.00331,0.0052640000000000004,-0.06754600000000001,0.00011800000000000005,0.0001369999999999991,-0.00026400000000000035
49086,0.009721,0.009953,-0.068372,0.00011500000000000052,-6.500000000000082e-05,-1.6999999999989246e-05
44944,0.011835,0.006136,-0.0693,8.799999999999954e-05,0.00015700000000000002,-4.600000000000437e-05
50171,0.000596,-0.005631000000000001,-0.07043899999999999,0.00030600000000000007,0.00011400000000000039,-0.0003730000000000122
50138,0.007150999999999999,0.0010249999999999999,-0.064981,2.1000000000000185e-05,0.0001600000000000002,-0.0003080000000000027
47148,0.00040300000000000004,0.0050609999999999995,-0.070424,9.699999999999997e-05,0.0001260000000000011,-0.0003599999999999992
47240,-0.009382999999999999,0.005298,-0.065916,0.00015999999999999868,0.00011699999999999992,-0.00027399999999999647
45953,0.013693,-0.003432,-0.069987,0.00010299999999999893,0.00016000000000000042,-0.0001789999999999986
49472,0.000999,-0.01183,-0.071333,0.00023400000000000005,0.00017299999999999954,9.999999999996123e-06
50523,0.012343,-0.0034590000000000003,-0.06958,0.00016799999999999975,0.0001299999999999999,-0.0001799999999999996
42330,-0.011827,-0.006813,-0.07158400000000001,-9.999999999992654e-07,0.00010199999999999966,-0.00012699999999998823
50937,-0.008458,-0.010601000000000001,-0.064043,0.00018199999999999987,0.0001320000000000019,-5.9000000000003494e-05
50898,0.010917999999999999,-0.000914,-0.06619,0.0002270000000000015,0.00015499999999999997,-0.0005259999999999987
51243,0.013034,-0.002598,-0.06984,8.89999999999988e-05,0.0001749999999999998,-0.0002449999999999952
48972,0.003387,-0.008365000000000001,-0.068767,0.00023900000000000006,0.00014900000000000156,-6.199999999999262e-05
50436,-0.005287,0.001829,-0.065955,2.7000000000000114e-05,0.00018099999999999974,-0.00028000000000000247
50128,0.0026070000000000004,0.002922,-0.062311,-5.0000000000000565e-05,8.200000000000004e-05,-0.0003220000000000098
47399,-0.010180999999999999,-0.000799,-0.07276099999999999,6.800000000000035e-05,7.200000000000002e-05,-0.0002510000000000012
46872,0.001618,-0.002183,-0.069975,0.00024400000000000008,0.000232,-0.0003100000000000047
48070,-0.013694000000000001,0.008523,-0.069176,-1.0999999999998858e-05,0.00024000000000000063,-0.00015899999999999248
45305,-0.010542,0.010728999999999999,-0.06478700000000001,4.099999999999937e-05,0.00012100000000000131,-3.399999999999237e-05
48058,0.003077,0.00641,-0.06589,0.00010400000000000036,8.600000000000014e-05,-0.00017699999999998273
51162,0.005214000000000001,-0.001963,-0.06690399999999999,9.49999999999996e-05,-3.2000000000000344e-05,-0.00033200000000001284
47764,0.0005200000000000001,0.005815000000000001,-0.067525,7.59999999999999e-05,8.3999999999999e-05,-0.00018899999999999473
15880,-0.00061,0.010362999999999999,-0.07203100000000001,-7.500000000000009e-05,8.800000000000127e-05,2.9000000000015125e-05
40196,-0.008582000000000001,0.010361,-0.065876,-4.39999999999989e-05,0.00011200000000000099,-8.999999999999286e-05
49092,-0.0009599999999999999,0.008143000000000001,-0.067958,-0.00010099999999999996,8.3999999999999e-05,-4.999999999999449e-05
48448,-0.012436,0.007065,-0.065829,-9.60000000000006e-05,0.0002639999999999995,-0.00014599999999999336
47174,0.000928,0.003009,-0.065446,0.000317,5.8000000000000326e-05,-0.0001769999999999966
41620,0.00369,0.008134,-0.066042,0.00011799999999999962,7.300000000000015e-05,-0.00023000000000000798
34833,0.013457,0.003375,-0.067834,4.800000000000117e-05,0.00018400000000000014,-0.00015800000000000536
38585,0.011929,-0.011788,-0.07115,0.00014000000000000123,-3.399999999999931e-05,-0.00014799999999999536
47826,0.01255,0.002457,-0.06755599999999999,3.0000000000012655e-06,9.099999999999994e-05,-3.200000000000425e-05
34209,0.0044080000000000005,0.010836,-0.067384,-2.7000000000000114e-05,6.299999999999882e-05,0.00011499999999999011
40132,-0.000787,0.007484,-0.068819,-8.299999999999996e-05,0.00010200000000000053,-0.00012299999999998423
48761,0.010609,0.002211,-0.065458,9.000000000000327e-06,0.00010900000000000016,-9.900000000000186e-05
48738,0.004605000000000001,-0.002781,-0.066783,0.0001749999999999998,5.199999999999996e-05,-0.0003510000000000041
51195,0.0054800000000000005,0.010747,-0.066263,-1.600000000000039e-05,4.1000000000001105e-05,4.799999999999249e-05
43178,-0.007857,0.008482,-0.06981,-1.4000000000001858e-05,0.00017799999999999934,-0.0001280000000000031
50949,0.0028610000000000003,0.012329000000000001,-0.071536,-0.0002500000000000002,-0.00010900000000000146,-6.199999999999262e-05
46792,0.012977,0.005313,-0.067763,7.399999999999941e-05,0.00015700000000000002,-6.199999999999262e-05
50109,0.0052770000000000004,0.002276,-0.06595699999999999,-4.99999999999997e-05,0.0001820000000000003,-0.00044600000000001583
46162,0.004386999999999999,-0.000987,-0.06672499999999999,0.00017599999999999994,8.100000000000002e-05,-0.00015300000000001424
41004,0.006030000000000001,0.006798,-0.07137600000000001,0.00013799999999999923,0.0001250000000000001,-0.00013799999999998536
50326,0.008548,0.002584,-0.06747,6.100000000000029e-05,1.7999999999999787e-05,-0.0002789999999999876
50195,0.003711,-0.012199999999999999,-0.073209,0.00017900000000000034,0.00011099999999999825,-5.2999999999997494e-05
46517,0.013923,0.001787,-0.06814100000000001,-4.5999999999999167e-05,0.00021000000000000012,-0.00010899999999999799
33280,0.011552,0.008452,-0.068869,1.1999999999999858e-05,0.00013900000000000023,-0.00010999999999999899
50829,0.001411,0.005038,-0.066469,6.600000000000009e-05,7.099999999999988e-05,-0.00024399999999999422
44939,-0.009351000000000002,0.005163999999999999,-0.069648,6.800000000000209e-05,0.00021100000000000025,-0.0002349999999999991
46488,0.011701000000000001,0.001307,-0.068907,-0.00010000000000000113,0.000134,-0.0002530000000000032
50825,0.002483,0.003636,-0.06514,0.00021600000000000005,0.0001420000000000002,-0.0001820000000000016
50184,0.00014199999999999998,-0.001345,-0.07032200000000001,0.00016200000000000003,0.00027899999999999995,-0.00020499999999999685
50485,-0.008788,0.010095,-0.067182,-2.2999999999998716e-05,0.00011599999999999978,-0.00020299999999999485
48427,0.0013089999999999998,0.001575,-0.062374,-5.9999999999999724e-05,-3.200000000000013e-05,-0.0002400000000000041
49177,-0.012369999999999999,-8e-06,-0.069076,0.0003539999999999984,0.00018099999999999998,-0.0002510000000000012
50491,0.005055,-0.000925,-0.067024,0.0001250000000000001,3.400000000000007e-05,-0.00019799999999998985
49603,0.001174,0.005248999999999999,-0.066508,3.8000000000000056e-05,7.900000000000094e-05,-0.00027300000000000935
50476,0.001728,-0.0008209999999999999,-0.06793300000000001,0.000294,0.00031999999999999986,-0.00020599999999998397
46823,0.010385,0.003756,-0.06804,0.00027299999999999894,-1.599999999999952e-05,-0.00018999999999999573
48747,0.003476,0.005529,-0.06654,8.700000000000027e-05,-3.9999999999996635e-06,-0.0002279999999999921
48749,0.008022999999999999,0.002705,-0.065631,3.5999999999999574e-05,1.4000000000000123e-05,-0.0002400000000000041
46156,-0.008603999999999999,0.008416,-0.065663,-7.800000000000168e-05,8.6000000000001e-05,-0.00010500000000000786
49248,0.00133,0.005707,-0.065568,4.100000000000002e-05,0.00013799999999999923,-0.00027099999999999347
49100,-0.002379,-0.012342,-0.069217,0.00013699999999999997,7.200000000000088e-05,-5.3999999999998494e-05
