Particle,x,y,z,Vx,Vy,Vz
14105,-0.008218,0.006709,-0.063467,0.0,0.0,0.0
13083,-0.008384,0.010136,-0.073973,0.0,0.0,0.0
14095,-0.005860000000000001,0.0015129999999999998,-0.06896200000000001,0.0,0.0,0.0
9515,0.011552,0.00883,-0.06930700000000001,0.0,0.0,0.0
12740,0.006394,0.0045899999999999995,-0.066581,0.0,0.0,0.0
14121,0.000834,0.009495,-0.066454,0.0,0.0,0.0
12840,0.002579,-0.004967,-0.07636799999999999,0.0,0.0,0.0
13219,0.000625,-0.0006810000000000001,-0.061058999999999995,0.0,0.0,0.0
14097,0.004178,0.0074199999999999995,-0.073912,0.0,0.0,0.0
12806,0.011522000000000001,0.002235,-0.074505,0.0,0.0,0.0
14130,-0.005915,-0.0030529999999999997,-0.07645099999999999,0.0,0.0,0.0
9871,-0.003606,0.011208000000000001,-0.074705,0.0,0.0,0.0
12798,-0.011358,0.008127,-0.075472,0.0,0.0,0.0
13434,0.0019119999999999999,-0.010643000000000001,-0.068307,0.0,0.0,0.0
14136,-0.014435,0.005339,-0.06839100000000001,0.0,0.0,0.0
13136,-0.011268,0.009624,-0.06920399999999999,0.0,0.0,0.0
14167,-0.006417,-0.003177,-0.077061,0.0,0.0,0.0
14143,0.017100999999999998,-0.0073739999999999995,-0.07028100000000001,0.0,0.0,0.0
13789,-0.011448999999999999,-0.0038450000000000003,-0.07575,0.0,0.0,0.0
13436,0.003933,0.007872,-0.074624,0.0,0.0,0.0
14286,0.005315,0.010368,-0.059985,0.0,0.0,0.0
14117,-0.011958,0.009641,-0.065431,0.0,0.0,0.0
9703,-0.0012909999999999998,0.009605,-0.062125,0.0,0.0,0.0
13788,0.008234,0.011013,-0.065528,0.0,0.0,0.0
12489,-0.003081,-0.009477000000000001,-0.06072399999999999,0.0,0.0,0.0
13759,-0.004122,0.0006680000000000001,-0.067634,0.0,0.0,0.0
14187,0.007184,-0.0035510000000000003,-0.061867,0.0,0.0,0.0
12526,-0.011977999999999999,0.008806,-0.072002,0.0,0.0,0.0
10031,0.0009260000000000001,-0.007069,-0.064494,0.0,0.0,0.0
13549,0.006776,-0.007679999999999999,-0.062803,0.0,0.0,0.0
14214,-0.011798999999999999,-0.003597,-0.068278,0.0,0.0,0.0
12709,0.00642,2e-05,-0.06385199999999999,0.0,0.0,0.0
13886,-0.002045,-0.0,-0.07122,0.0,0.0,0.0
14209,0.010485,0.000903,-0.062652,0.0,0.0,0.0
13785,-0.00756,-0.003493,-0.07720099999999999,0.0,0.0,0.0
14149,-0.005985000000000001,-0.001019,-0.068589,0.0,0.0,0.0
12851,0.01662,0.009538999999999999,-0.068009,0.0,0.0,0.0
13467,-0.015834,0.005553,-0.075824,0.0,0.0,0.0
14329,-0.007991,-0.000684,-0.070705,0.0,0.0,0.0
13512,0.003301,0.001588,-0.07774299999999999,0.0,0.0,0.0
14116,-0.013343,0.012506,-0.06671200000000001,0.0,0.0,0.0
14240,0.014579,-0.004623,-0.065675,0.0,0.0,0.0
13779,0.01617,-0.009741,-0.06918,0.0,0.0,0.0
14323,-0.013185,-0.0045320000000000004,-0.074381,0.0,0.0,0.0
14174,0.015160999999999999,0.0013460000000000002,-0.072796,0.0,0.0,0.0
13973,-0.005961999999999999,-0.009334,-0.069907,0.0,0.0,0.0
11574,-0.005151,-0.005553,-0.072768,0.0,0.0,0.0
14038,-0.003194,0.012536,-0.06933199999999999,0.0,0.0,0.0
13761,0.003862,-0.012369999999999999,-0.072039,0.0,0.0,0.0
9755,0.002117,-0.009669,-0.070622,0.0,0.0,0.0
11186,0.016437999999999998,-0.002518,-0.073985,0.0,0.0,0.0
13487,-0.007115,0.004476,-0.061406999999999996,0.0,0.0,0.0
12328,0.015409,0.001303,-0.07282899999999999,0.0,0.0,0.0
13526,0.0012230000000000001,0.012874,-0.062599,0.0,0.0,0.0
13990,0.011805999999999999,-0.006764,-0.077137,0.0,0.0,0.0
14261,-0.004335,-0.0121,-0.063705,0.0,0.0,0.0
14305,0.016512,-0.0053230000000000005,-0.07137,0.0,0.0,0.0
13967,0.009864000000000001,-0.0012350000000000002,-0.063223,0.0,0.0,0.0
14370,0.00696,-0.0010509999999999999,-0.06918899999999999,0.0,0.0,0.0
14411,0.009958,-0.010485,-0.06425,0.0,0.0,0.0
12452,-0.016344,-0.010526,-0.072782,0.0,0.0,0.0
13464,0.008512,-0.008791,-0.073395,0.0,0.0,0.0
13045,0.017327000000000002,-0.002317,-0.075744,0.0,0.0,0.0
11883,0.015847,0.0028380000000000002,-0.064531,0.0,0.0,0.0
13782,-0.0011439999999999998,-0.006392,-0.076541,0.0,0.0,0.0
9932,-0.007754,0.004122,-0.066813,0.0,0.0,0.0
13154,0.013207,0.010532,-0.065735,0.0,0.0,0.0
13735,0.001752,0.011923999999999999,-0.070497,-5.9000000000000025e-05,6.100000000000029e-05,-9.599999999999886e-05
12737,-0.010794,0.005301999999999999,-0.072074,-9.900000000000013e-05,6.100000000000116e-05,-8.899999999999186e-05
11403,-0.001037,-0.010657,-0.07183,0.0002579999999999999,0.00019500000000000073,7.400000000000462e-05
9684,-0.0011330000000000001,-0.005889999999999999,-0.068858,0.00013200000000000017,0.00026099999999999995,-0.00013900000000000023
12742,-0.007084,-0.004268,-0.064462,0.00014699999999999956,0.00025600000000000015,0.00017200000000000548
13859,-0.013349,-0.008444,-0.065678,-0.00012599999999999938,4.200000000000037e-05,-0.00032000000000000084
12497,0.00398,0.012096,-0.061968,-8.799999999999997e-05,0.00013599999999999897,-8.999999999995123e-06
10353,0.007337,0.012285,-0.06942100000000001,2.600000000000085e-05,-8.400000000000074e-05,-0.00024499999999998134
13499,-0.005672,0.0040880000000000005,-0.07377800000000001,-0.00012299999999999985,-2.300000000000045e-05,-0.00021599999999999397
13901,-0.004636,-0.005755,-0.06428400000000001,0.00021600000000000005,0.00030299999999999945,3.800000000001025e-05
14353,0.0021379999999999997,-0.006202,-0.066305,0.00020800000000000029,0.00045699999999999994,-0.00016900000000000248
11441,0.00639,-0.011758,-0.065679,0.00022300000000000098,7.999999999999848e-05,0.00016599999999999948
12206,-0.007605000000000001,-0.00028399999999999996,-0.06844,7.000000000000929e-06,0.00014999999999999996,1.5000000000001124e-05
14548,0.006046,0.008421,-0.059627,-8.100000000000034e-05,0.00022300000000000098,-0.0002930000000000016
14530,-0.005613000000000001,0.007957,-0.062387,-4.69999999999993e-05,0.0002449999999999987,-8.200000000000568e-05
13202,0.006095,0.003534,-0.063639,0.00013400000000000044,0.00033200000000000026,-2.9000000000001247e-05
13793,0.011952,0.0035859999999999998,-0.0645,4.39999999999989e-05,0.00012300000000000028,-9.000000000000674e-05
13354,0.007628,0.001081,-0.065008,9.8e-05,0.00014800000000000013,-0.0001280000000000031
14115,0.000145,-0.011906,-0.073041,0.000225,1.899999999999992e-05,0.00011899999999999411
13506,-0.005203999999999999,-0.0023,-0.059755,0.00022799999999999904,0.00040899999999999986,-5.999999999999062e-06
14196,0.011159,0.012136,-0.066826,3.5999999999999574e-05,-7.599999999999794e-05,0.0001270000000000021
11406,0.008199999999999999,0.006296,-0.077821,6.0000000000001025e-05,8.000000000000194e-06,-0.00031799999999999884
14537,0.016094999999999998,-0.002678,-0.067636,2.6000000000001716e-05,0.0002899999999999999,-4.600000000000437e-05
14473,0.016797,0.003399,-0.073552,-7.000000000000062e-05,0.0001269999999999995,-0.0004119999999999957
14654,0.015631,0.004295,-0.07049,-0.00010599999999999846,0.00021299999999999965,9.000000000009e-06
14185,0.005338,0.008794,-0.075684,-2.499999999999985e-05,4.39999999999989e-05,-0.0001290000000000041
14231,-0.006956,-0.0012749999999999999,-0.060412999999999994,5.800000000000076e-05,0.0002229999999999999,-4.100000000000631e-05
10023,-0.002156,0.010809,-0.071196,-4.300000000000007e-05,-1.9999999999985307e-06,-9.400000000001074e-05
9311,-0.006849999999999999,0.01297,-0.06612900000000001,-8.400000000000074e-05,0.0002349999999999991,2.1000000000007124e-05
13459,-0.010490000000000001,-0.011818,-0.065318,0.00014300000000000077,4.60000000000009e-05,6.60000000000105e-05
13416,-0.007991,-0.006615,-0.066201,6.300000000000056e-05,0.00015300000000000036,0.00019699999999998885
14595,-0.003935,0.002584,-0.061952,0.00011500000000000008,0.000147,-3.800000000000331e-05
14467,-0.008114000000000001,-0.001874,-0.06586499999999999,0.00015500000000000236,0.00026199999999999986,0.00011699999999999211
13166,0.012172,0.000628,-0.073922,1.600000000000039e-05,7.899999999999997e-05,-0.0002540000000000042
12563,0.005961999999999999,-0.007121000000000001,-0.076724,-1.9999999999999185e-05,3.7000000000000574e-05,-0.00020600000000001173
13119,-0.013142,-0.011115,-0.067088,1.1999999999998123e-05,6.199999999999956e-05,0.00010999999999999899
14464,-0.011067,0.001643,-0.077857,7.799999999999994e-05,-3.099999999999978e-05,0.00015500000000000236
14560,0.00257,-0.004956,-0.058307000000000005,0.0003700000000000001,0.0002020000000000008,-0.00038199999999999346
13728,-0.015993,0.001582,-0.07536,-0.00015099999999999836,-7.50000000000002e-05,-0.00016800000000001536
14581,-0.016045999999999998,-0.009367,-0.074869,-5.199999999999996e-05,0.00015100000000000183,-2.3999999999996247e-05
14245,0.007283,-0.013096,-0.07066700000000001,3.4000000000000176e-05,-4.900000000000043e-05,9.400000000001074e-05
11740,-0.000847,-0.004115000000000001,-0.07062600000000001,3.59999999999999e-05,0.00037900000000000043,1.5000000000001124e-05
13534,0.01126,-0.008584,-0.06556999999999999,0.00015500000000000062,0.000196,-1.0000000000010001e-05
12778,0.01458,-0.002685,-0.074964,-4.49999999999999e-05,0.00011699999999999992,-9.699999999999986e-05
14156,0.003211,-0.0033610000000000003,-0.076582,-2.8999999999999946e-05,-0.00012100000000000001,1.1999999999998123e-05
9668,-0.004221,0.010064,-0.074014,-9.30000000000002e-05,0.00013200000000000017,-0.00011099999999999999
14433,-0.008422,0.002205,-0.073184,5.300000000000096e-05,4.80000000000003e-05,9.999999999871223e-07
11529,-0.010501,-0.00563,-0.06905,3.699999999999884e-05,0.00023199999999999957,3.0000000000030003e-06
13423,4.4999999999999996e-05,-9.800000000000001e-05,-0.068193,0.000196,0.000245,-0.0003080000000000027
11085,-0.0060869999999999995,0.007222,-0.064777,-9.000000000000327e-06,0.0002459999999999997,-0.00014100000000000223
9662,0.008777,0.0033889999999999997,-0.07305400000000001,-0.00014800000000000056,3.4000000000000176e-05,-0.0003329999999999861
13540,0.002872,-0.011299,-0.065413,0.00021500000000000035,8.099999999999948e-05,-0.00012100000000000999
14457,-0.0005600000000000001,0.0065650000000000005,-0.061871,-5.999999999999994e-05,0.0002919999999999997,1.5000000000001124e-05
13272,0.012882999999999999,0.0018189999999999999,-0.064249,8.900000000000054e-05,0.00017299999999999998,-0.00013399999999999523
14199,-0.006588,-0.011529,-0.06467400000000001,0.00011300000000000025,0.00011499999999999878,-0.00020599999999998397
14538,0.006078,0.0015689999999999999,-0.061048000000000005,1.7999999999999787e-05,0.0003820000000000002,7.000000000007001e-06
14239,-0.001519,-0.006626,-0.056788,0.00012199999999999993,9.000000000000067e-05,2.2000000000001185e-05
14257,-0.010708,-0.0070810000000000005,-0.060362,-0.0001250000000000001,0.00018099999999999974,-8.99999999999998e-05
14623,0.014421,0.002264,-0.058342,4.49999999999999e-05,0.00020899999999999998,-9.800000000000086e-05
12479,0.0074800000000000005,-0.012516,-0.072742,9.899999999999926e-05,-4.2999999999999636e-05,0.00015300000000000036
12713,-0.014621,0.001964,-0.077409,-9.799999999999913e-05,-1.0000000000001327e-06,0.00010399999999999299
14705,0.00033,-0.010404,-0.066104,9.6e-05,2.3999999999999716e-05,7.299999999998974e-05
14714,-0.004639,-0.007669,-0.065971,0.00020899999999999998,0.0002909999999999996,0.00022700000000000498
9876,-0.008267,0.000909,-0.064946,2.2000000000001185e-05,0.0002050000000000002,-1.7999999999990246e-05
13472,0.017155,0.000146,-0.075506,-2.9999999999998778e-05,0.00018100000000000004,-0.00018399999999998973
14142,0.000114,0.007128,-0.06483799999999999,-4.7000000000000004e-05,0.0002260000000000005,-0.00020700000000001273
13462,-0.0047009999999999994,-0.00319,-0.069007,2.3999999999999716e-05,0.00016700000000000005,0.00014000000000000123
9656,-0.00521,0.006856,-0.07209600000000001,-3.099999999999978e-05,0.00011699999999999992,-0.00011099999999998611
8857,-0.009663,0.000221,-0.066805,0.00010899999999999972,0.00029000000000000006,7.600000000000662e-05
14775,0.004333999999999999,0.009561,-0.069726,-0.0001549999999999989,2.400000000000145e-05,-0.00010400000000000686
14443,-0.007084,-0.008497,-0.070327,0.00010199999999999966,0.00019800000000000026,-1.8000000000004124e-05
9836,0.014582000000000001,0.0032040000000000003,-0.07198,-4.49999999999999e-05,7.999999999999934e-05,-0.00019900000000000473
14466,0.005101,-0.009503,-0.064801,0.0001490000000000007,-1.5000000000001124e-05,-3.600000000000825e-05
14501,-0.00787,-0.007731,-0.075143,-7.999999999999327e-06,0.00011299999999999939,8.499999999998786e-05
14777,0.004941,-0.012227,-0.072427,8.99999999999998e-05,-6.000000000000796e-06,-1.9999999999992246e-05
14765,-0.003863,0.001987,-0.062569,0.00019899999999999996,0.00012800000000000008,-0.0002899999999999986
14991,-0.001078,-0.011086,-0.063163,5.6999999999999976e-05,0.0003820000000000004,-0.0001250000000000001
10026,0.007554,-0.004328,-0.074707,4.0000000000000105e-05,4.999999999999796e-06,-3.300000000000525e-05
12425,0.007507,-0.007512,-0.069601,-2.3999999999999716e-05,-2.8000000000000247e-05,-3.400000000000625e-05
14934,-0.011153,0.006758,-0.07471299999999999,-0.0001470000000000013,2.3999999999999716e-05,-3.600000000000825e-05
14267,0.016645,0.003959,-0.069732,-0.00013099999999999917,0.00010300000000000066,-0.00024099999999999122
14761,-0.002372,0.0026019999999999997,-0.06320300000000001,0.0001389999999999998,0.0003460000000000004,-7.999999999999674e-05
10149,0.005948,0.00885,-0.072796,-0.00019200000000000033,9.800000000000086e-05,-0.0001330000000000081
12079,0.014455,0.005473,-0.07215300000000001,-8.000000000000021e-05,6.299999999999969e-05,-0.00021299999999999097
14944,-0.007813,-0.0022010000000000003,-0.059962,1.3000000000000858e-05,0.00022600000000000007,-4.600000000000437e-05
13790,0.000716,0.002761,-0.061437,9.500000000000014e-05,0.000294,2.4999999999997247e-05
14134,-0.011143,0.002664,-0.067033,1.0000000000001327e-05,0.00015299999999999992,8.999999999995123e-06
13839,0.00739,0.005382,-0.063329,5.800000000000076e-05,0.00014099999999999963,-2.4000000000010124e-05
14686,0.008445000000000001,-0.001302,-0.07172100000000001,8.599999999999927e-05,5.999999999999994e-05,-0.0002469999999999972
13475,-0.003538,-0.009873,-0.07078100000000001,6.0999999999999856e-05,0.00010499999999999919,0.00014300000000000423
14854,0.011075,-0.005281,-0.063363,0.00017200000000000028,0.0001280000000000005,-2.0999999999993246e-05
9707,-0.005365,-0.0034089999999999997,-0.069375,1.4000000000000123e-05,0.00018299999999999957,0.0001350000000000101
13742,-0.004775000000000001,0.0020369999999999997,-0.064379,0.00017900000000000034,0.0003820000000000004,-3.799999999999637e-05
14441,-0.008523,-0.011226000000000002,-0.066907,2.8000000000000247e-05,0.00018100000000000234,-3.799999999999637e-05
12185,-0.006879,-0.004888,-0.072902,7.999999999999934e-05,0.00017700000000000007,4.300000000000137e-05
13093,0.0027040000000000002,-0.007275,-0.062381,0.00011699999999999992,0.00020700000000000059,-0.0002090000000000078
13806,-0.012579,0.007226,-0.075194,-0.00016500000000000022,3.4000000000000176e-05,7.099999999998774e-05
12893,0.008263999999999999,0.007019,-0.072129,-0.00010099999999999866,3.899999999999997e-05,-7.499999999999174e-05
9689,-0.014685,0.010419000000000001,-0.07298,-9.900000000000013e-05,4.1999999999998636e-05,3.500000000000725e-05
14783,0.009094,-0.003929,-0.07402,6.200000000000129e-05,9.999999999999983e-05,-7.200000000000262e-05
9714,-0.000453,0.0013440000000000001,-0.07181100000000001,5.499999999999998e-05,0.0001429999999999999,-0.00020899999999998697
14824,0.003565,0.010835000000000001,-0.068098,-0.00010800000000000002,0.0001239999999999991,-5.2999999999983616e-05
13218,0.004176999999999999,0.012634000000000001,-0.06366,-0.00010299999999999979,0.0001449999999999993,-8.500000000000174e-05
12760,0.006155,-0.012509000000000001,-0.069245,7.300000000000015e-05,-5.999999999999929e-05,-9.000000000009e-06
11076,-0.0027069999999999998,-0.007539,-0.067948,0.00015399999999999962,0.00036899999999999954,7.400000000000462e-05
14834,-0.009299,-0.0037879999999999997,-0.063114,0.00015399999999999962,0.00027499999999999964,-1.0999999999997123e-05
14879,-0.0015660000000000001,0.009448,-0.073242,-2.6999999999999897e-05,-4.0000000000000105e-05,-8.900000000000574e-05
14966,-0.015089,-0.003513,-0.067901,0.00011599999999999978,0.00021199999999999995,-0.00014599999999999336
11094,-0.008801999999999999,-0.008675,-0.07019199999999999,0.00010999999999999899,0.0003009999999999992,2.999999999998837e-05
9798,-0.010232,-0.005324,-0.064519,0.00012599999999999938,0.0001369999999999991,0.00028100000000000347
14472,0.004861,0.011824,-0.072556,-0.00021099999999999938,6.900000000000135e-05,-6.70000000000115e-05
11077,-0.000502,-0.000609,-0.06695699999999999,0.00014099999999999996,0.00025699999999999996,-0.00010999999999999899
13106,-0.003084,0.008161,-0.07299299999999999,-0.00017199999999999984,0.00016699999999999875,-0.0002530000000000032
14888,0.010501,-0.002497,-0.061223999999999994,0.0002299999999999993,0.00024899999999999966,-0.00013700000000000517
14797,0.002541,-0.008801,-0.060651000000000004,3.100000000000021e-05,0.0002680000000000009,-0.0001779999999999976
14785,-0.001214,0.010449,-0.076764,6.20000000000002e-05,3.400000000000104e-05,-0.00019700000000000273
14629,-0.000939,0.00372,-0.07223099999999999,-5.400000000000001e-05,7.499999999999955e-05,-0.0001380000000000131
14814,-0.0005759999999999999,0.00378,-0.068175,4.9999999999999914e-05,0.0002049999999999999,-0.00013099999999999223
11731,-0.004696,-0.0013340000000000001,-0.066645,5.5999999999999626e-05,0.0003150000000000002,-3.100000000000325e-05
13918,0.013065,0.012761,-0.063566,4.799999999999943e-05,9.000000000000154e-05,-4.800000000000637e-05
14676,-0.006065,-0.008108,-0.06865099999999999,-4.200000000000037e-05,0.00011099999999999999,1.9999999999881224e-06
11827,0.009423,0.012435,-0.070569,-0.000172000000000002,9.300000000000107e-05,-7.299999999998974e-05
9645,-0.005008,0.012195000000000001,-0.07298600000000001,-5.299999999999923e-05,9.39999999999986e-05,-5.8999999999989616e-05
15048,-0.013631,-0.0006969999999999999,-0.077486,-2.8999999999999512e-05,0.00014499999999999984,7.799999999999474e-05
12078,-0.0064269999999999996,0.006695,-0.062226,-8.900000000000054e-05,0.0002429999999999993,2.000000000002e-06
14101,-0.01115,0.001978,-0.072917,1.8000000000000654e-05,2.3999999999999716e-05,-0.00015600000000000336
13755,0.008599,0.00381,-0.070482,-0.00018899999999999993,-2.499999999999985e-05,-6.599999999999662e-05
12753,-0.011175000000000001,0.006597,-0.063881,3.400000000000104e-05,0.00018599999999999953,-4.800000000000637e-05
14812,0.016048,0.010999,-0.074628,8.000000000001062e-06,-4.700000000000017e-05,-0.00027800000000000047
13120,-0.005526,0.000232,-0.07231399999999999,4.099999999999937e-05,9.099999999999999e-05,4.199999999998649e-05
11898,0.011859,-0.012682,-0.065782,0.00016500000000000022,4.200000000000037e-05,-4.099999999999937e-05
12837,0.018369,-0.011471,-0.06793099999999999,7.000000000000062e-05,0.00018500000000000114,-3.500000000000725e-05
13836,0.00671,0.008844,-0.07151600000000001,-0.00012199999999999971,2.8999999999999512e-05,-0.00014599999999999336
14894,0.007554,-0.006187000000000001,-0.074407,-3.799999999999984e-05,-1.999999999999398e-06,-0.00013699999999999823
13981,0.015353,0.004961999999999999,-0.071473,-6.899999999999962e-05,-3.499999999999944e-05,-0.0002489999999999992
13770,0.013014,-0.006791,-0.072487,2.400000000000145e-05,5.0000000000000565e-05,-4.000000000004e-06
9677,0.013179,0.003504,-0.07570600000000001,-0.0001010000000000004,0.00011399999999999952,-0.0003039999999999987
14230,0.014381,0.010206,-0.068221,-0.00010600000000000019,1.4000000000000123e-05,-0.00020999999999998797
14941,-0.011132,0.007622,-0.076306,-0.00013300000000000117,-6.400000000000069e-05,0.0001229999999999981
14997,-0.00038500000000000003,-0.006206000000000001,-0.063802,0.00013600000000000005,0.00030900000000000025,-0.00015300000000000036
15038,-0.008307,0.011453,-0.075612,-4.2999999999999636e-05,5.9000000000000025e-05,-7.000000000007001e-06
15073,0.003089,0.010863,-0.07293899999999999,-0.00021300000000000008,8.299999999999974e-05,-0.00012200000000001099
15078,-0.005124,-0.01253,-0.066183,3.499999999999944e-05,8.89999999999988e-05,-0.00020499999999999685
14280,-0.0061200000000000004,0.001883,-0.059274,7.400000000000028e-05,0.0003300000000000002,-0.0001260000000000011
14402,0.003819,0.010952,-0.064417,-7.699999999999981e-05,0.00014199999999999977,-6.399999999999462e-05
13607,-0.006091,-0.011015,-0.067596,-2.7000000000000114e-05,0.00017200000000000028,-1.1999999999998123e-05
13089,0.001371,0.011604,-0.073532,-3.200000000000013e-05,6.399999999999982e-05,-0.00014899999999999636
13449,0.011302,0.007211,-0.068038,-1.4000000000000123e-05,8.99999999999946e-06,-0.00011400000000000299
10782,-0.01084,-0.003778,-0.068866,8.900000000000054e-05,8.90000000000001e-05,8.499999999998786e-05
10750,-0.010622,-0.009217000000000001,-0.068893,7.900000000000094e-05,0.00016000000000000042,6.199999999999262e-05
13090,-0.004679,-0.000256,-0.07273,0.00010500000000000006,0.00011999999999999999,-5.9000000000003494e-05
13767,0.009309,0.005966999999999999,-0.071353,-9.099999999999907e-05,7.900000000000094e-05,-9.799999999998699e-05
14823,-0.006223,0.001281,-0.072908,-7.999999999999327e-06,7.799999999999994e-05,-8.999999999995123e-06
14110,0.0065049999999999995,-0.008808,-0.063595,7.800000000000081e-05,-1.2999999999999123e-05,-3.0000000000002247e-05
8928,0.004241,0.0017929999999999999,-0.074046,5.000000000000664e-06,-2.099999999999997e-05,-0.0001799999999999996
14459,-0.007473,-0.001616,-0.07281,9.999999999999593e-06,8.599999999999992e-05,0.0
14458,0.000515,0.006602,-0.061313,-4.1000000000000075e-05,0.0002749999999999992,-0.00010599999999999499
13094,0.006397,-0.0076500000000000005,-0.065528,0.000451,0.0001410000000000005,-0.00014000000000000123
12127,-0.009944000000000001,0.00923,-0.062085999999999995,-0.00011599999999999978,0.0002669999999999999,-0.00010000000000000286
12578,-0.014121,-0.004425,-0.070089,1.8000000000000654e-05,8.80000000000004e-05,7.200000000000262e-05
12100,-0.010183,-0.002731,-0.073571,-9.20000000000018e-05,-2.7999999999999813e-05,-9.900000000000186e-05
10391,0.008569,-0.002653,-0.06867,0.00012099999999999958,8.90000000000001e-05,-0.00011500000000000399
11446,-0.011412,-0.001964,-0.072799,7.000000000000062e-06,-5.9000000000000025e-05,-7.100000000000162e-05
14469,0.00102,0.007156,-0.076546,-6.20000000000001e-05,5.699999999999976e-05,-8.299999999999974e-05
9751,0.004793,0.000371,-0.07256900000000001,9.399999999999947e-05,0.00010599999999999997,-0.0001729999999999926
12895,0.007571,-0.011158,-0.069882,2.300000000000045e-05,-3.7000000000000574e-05,-1.2000000000012001e-05
15034,-0.014586,-0.008768000000000001,-0.069355,-8.900000000000054e-05,0.00013000000000000164,1.4000000000000123e-05
14813,-0.011687,0.00604,-0.06811299999999999,-0.00010600000000000019,-3.899999999999997e-05,-3.799999999999637e-05
13468,-0.00013900000000000002,0.012644,-0.06976,4.000000000000016e-06,4.5999999999999167e-05,-2.6999999999999247e-05
15037,0.006439,-0.007703000000000001,-0.067736,-2.0000000000002655e-06,9.30000000000002e-05,-3.799999999999637e-05
13899,-0.011210000000000001,-0.004942,-0.062785,2.9000000000001247e-05,0.0002519999999999996,8.399999999998686e-05
11086,-0.005063,0.004724,-0.060488,-2.5000000000000716e-05,0.00027399999999999994,-5.8999999999996555e-05
9855,0.000566,0.000996,-0.07596599999999999,-0.000123,-3.199999999999991e-05,-0.0001850000000000046
13812,-0.006293999999999999,0.008715,-0.068627,-2.000000000000092e-05,0.0002929999999999981,-0.00013699999999999823
13840,-0.013558,0.008047,-0.06926500000000001,9.000000000000327e-06,-3.099999999999978e-05,3.300000000000525e-05
14547,-0.004086,0.010487999999999999,-0.06264,4.6000000000000034e-05,0.00027100000000000214,-3.0000000000030003e-06
10370,0.001173,-0.008386,-0.073567,6.000000000000016e-05,0.0001449999999999993,-4.800000000000637e-05
13828,-0.008428000000000001,-0.006594,-0.064456,5.600000000000223e-05,0.00018500000000000027,0.0002349999999999991
14535,-0.010842000000000001,0.011364,-0.061833,-3.299999999999831e-05,0.0003439999999999988,-0.00012000000000000205
11445,0.010366,0.0047610000000000005,-0.063358,0.00011099999999999999,0.0002249999999999995,-8.500000000000174e-05
14822,-0.002475,0.001664,-0.060376,2.0000000000002655e-06,0.0002410000000000001,-0.0002529999999999963
14609,-0.010372,0.001501,-0.061963000000000004,-4.70000000000019e-05,0.00030999999999999995,-7.199999999999568e-05
14748,0.008818,0.01294,-0.065152,-0.00010699999999999946,0.00011399999999999952,-4.099999999999937e-05
13700,-0.009982,-0.005507,-0.07110999999999999,8.5e-05,0.00011900000000000018,3.499999999999337e-05
9735,-0.005331000000000001,0.007625,-0.072339,-2.5999999999999114e-05,0.00012100000000000045,-9.599999999999886e-05
14837,0.00415,0.010177,-0.062231,-8.799999999999954e-05,0.0001239999999999991,-0.00027799999999999353
13914,0.011904999999999999,0.008994,-0.060139000000000005,4.4000000000000636e-05,0.0002859999999999998,-0.0002469999999999972
14776,0.012051000000000001,-0.004572,-0.070085,-3.100000000000151e-05,3.499999999999944e-05,-3.800000000001025e-05
12764,-0.004982,0.0057480000000000005,-0.06539400000000001,-3.099999999999978e-05,0.0002919999999999997,-0.00013099999999999223
13524,0.001812,-0.0096,-0.060164,4.9e-05,0.0003009999999999992,-0.00014799999999999536
11320,-0.014532,-0.006941,-0.073843,-0.00019300000000000046,0.0001990000000000004,-0.00016199999999999548
10101,-0.000319,0.005914,-0.07461100000000001,-0.000136,3.199999999999991e-05,-0.00020599999999998397
9718,-0.007011,0.008544000000000001,-0.065275,9.999999999999593e-06,0.0002649999999999979,-0.0001300000000000051
14627,-0.008879,-0.011349,-0.06411199999999999,0.0001899999999999992,0.00021400000000000065,-5.600000000001437e-05
7759,-0.015411,0.007182,-0.069414,-9.99999999999994e-05,-1.599999999999952e-05,4.099999999999937e-05
14836,0.007615,-0.006887,-0.062849,0.00014199999999999977,8.700000000000027e-05,-0.00020699999999999885
13142,0.007861,-0.008490000000000001,-0.074097,-7.099999999999988e-05,8.99999999999998e-05,-8.099999999999774e-05
14768,-0.0025259999999999996,-0.006645,-0.073485,-6.000000000000016e-05,3.999999999999924e-05,-3.900000000001125e-05
14762,0.001456,0.00064,-0.064263,0.00011099999999999999,0.00036299999999999993,-0.00010799999999999699
9776,0.003765,0.002541,-0.068601,9.99999999999699e-07,0.00013500000000000014,-0.00011900000000000799
13419,-0.011137000000000001,0.005638,-0.063257,2.400000000000145e-05,0.00022400000000000024,-4.500000000000337e-05
14461,-0.003821,-0.005237,-0.07073600000000001,2.3000000000000017e-05,0.0001330000000000003,7.100000000000162e-05
10035,0.009131,0.011366,-0.070398,-0.00020599999999999959,-4.5999999999999167e-05,-0.00019599999999998785
12052,-0.006490999999999999,-0.002206,-0.070769,4.99999999999997e-05,6.800000000000035e-05,4.099999999999937e-05
14801,-0.007517,-0.004940000000000001,-0.068507,3.199999999999991e-05,0.00022400000000000024,0.0003429999999999961
14769,-0.002716,-0.0030150000000000003,-0.061414,0.00017299999999999998,0.0004000000000000002,-0.00018599999999999867
14533,-0.011474999999999999,0.010772,-0.064356,7.499999999999868e-05,3.8999999999999105e-05,-1.2999999999999123e-05
13775,-0.011897,-0.003991,-0.065057,0.00020399999999999932,0.00028899999999999976,9.900000000000186e-05
10919,-0.0021509999999999997,0.004286,-0.059643999999999996,2.1999999999999884e-05,0.0002040000000000002,0.0001749999999999946
12768,0.010667999999999999,-0.003774,-0.06966599999999999,-1.2999999999999123e-05,2.9999999999999645e-05,-4.700000000000537e-05
14893,0.011061,0.007567,-0.062123,0.00011800000000000005,0.0002519999999999996,-0.00017800000000000454
10767,-0.010304,0.002376,-0.070953,-2.8999999999999512e-05,-6.499999999999995e-05,-8.700000000000374e-05
14764,0.0022370000000000003,-0.010876,-0.06622499999999999,0.0002589999999999997,0.00013800000000000097,-0.00020200000000000773
9710,0.0034159999999999998,0.008297,-0.067569,-2.3000000000000017e-05,0.00024599999999999796,-8.199999999999874e-05
11559,0.012829,-0.008987,-0.065736,0.0001349999999999997,0.00022000000000000144,-2.3999999999996247e-05
9866,0.003834,0.008961,-0.067008,5.999999999999495e-06,0.0002639999999999986,-0.00015900000000000636
14572,-0.005645,-0.006782,-0.058802,0.0001860000000000004,0.00011899999999999931,-7.399999999999768e-05
15004,0.0030670000000000003,-0.011753999999999999,-0.061814,6.199999999999956e-05,0.00020799999999999985,-0.00022500000000000298
12591,0.007825,-0.007962,-0.071679,-4.80000000000003e-05,4.700000000000017e-05,-1.3999999999986246e-05
10048,0.009776,0.001882,-0.071473,-2.599999999999998e-05,0.00012200000000000015,-0.00015900000000000636
11543,0.013116,-0.006373,-0.065655,-9.999999999999593e-06,0.00023300000000000057,-5.7000000000001494e-05
14545,-0.009000999999999999,-0.0020310000000000003,-0.06357800000000001,8.79999999999978e-05,0.00019400000000000038,2.8000000000014125e-05
13958,-0.004837,-0.00215,-0.068238,0.0001330000000000003,0.0001919999999999999,4.399999999998849e-05
14638,0.01579,-0.007021,-0.073909,-6.399999999999809e-05,8.100000000000034e-05,-0.00019500000000000073
11571,-0.001191,-0.010547,-0.06783700000000001,0.000223,0.00024100000000000163,5.000000000018878e-06
13667,0.015576000000000001,0.013134,-0.064901,1.1999999999998123e-05,4.49999999999999e-05,-3.699999999999537e-05
12252,0.00365,-0.00248,-0.070062,0.00011099999999999999,0.00020899999999999998,-0.00021999999999999797
12143,-0.005823,-0.0037400000000000003,-0.069679,2.599999999999998e-05,0.00013299999999999987,3.0000000000002247e-05
14293,-0.011368,-0.011706,-0.072792,-1.799999999999892e-05,0.0002139999999999989,6.599999999999662e-05
13131,-0.012376,0.012398999999999999,-0.069002,-9.299999999999933e-05,-7.399999999999941e-05,1.2999999999985246e-05
15024,0.004444,0.0026,-0.06981,-2.2999999999999583e-05,0.00011900000000000018,-0.00013299999999999423
14758,-0.005273,-0.008126,-0.07320399999999999,7.400000000000028e-05,2.2000000000001185e-05,5.0999999999981616e-05
14108,0.008364,0.007136999999999999,-0.069408,-0.00021099999999999938,0.00011800000000000092,-0.00014700000000000824
13940,-0.00916,-0.0040019999999999995,-0.067538,6.499999999999909e-05,0.00014199999999999977,0.00018599999999999173
14463,0.012731999999999999,-0.001527,-0.070518,-1.699999999999792e-05,4.7999999999999866e-05,-7.800000000000862e-05
13450,-0.0010689999999999999,-0.005307,-0.065932,0.00029699999999999985,0.0003020000000000002,7.100000000000162e-05
11763,-0.006305,0.005614,-0.073409,2.799999999999938e-05,0.00011099999999999999,1.9000000000005124e-05
14961,0.008709,-0.000149,-0.075503,4.0000000000000105e-05,-9.400000000000001e-05,-0.0003919999999999896
11481,-0.00383,-0.0058579999999999995,-0.07225,4.200000000000037e-05,0.00013299999999999944,2.0999999999993246e-05
13527,0.009626,0.007529,-0.063496,-3.5999999999999574e-05,0.0002230000000000001,-0.00016499999999999848
14832,0.00015900000000000002,0.004008,-0.06279699999999999,7.599999999999998e-05,0.0003889999999999996,-0.00011200000000000099
10136,0.000421,-0.005197,-0.070372,3.100000000000005e-05,0.00019300000000000046,1.9000000000005124e-05
14957,-0.014301,-0.011756,-0.072202,-0.00017099999999999928,0.0003580000000000007,-0.00013399999999999523
14936,0.010724000000000001,-0.001867,-0.065342,9.299999999999933e-05,0.00034699999999999987,1.8000000000004124e-05
13551,-0.009807999999999999,-0.007426,-0.064525,2.9999999999998778e-05,0.0002149999999999999,0.0002459999999999962
14444,-0.00708,-0.00714,-0.06882200000000001,8.700000000000027e-05,0.00010399999999999993,0.00016800000000001536
12473,0.014830999999999999,0.009262000000000001,-0.07303,-4.099999999999937e-05,6.299999999999882e-05,-0.0002390000000000031
12879,0.016343,0.011416,-0.066488,-0.0001020000000000014,-1.8000000000000654e-05,-0.00012799999999998923
12871,0.016406,0.003573,-0.070397,-5.500000000000296e-05,0.00011800000000000005,-0.0001789999999999986
14493,0.011009,0.003682,-0.069852,-0.00010700000000000119,0.00013900000000000023,-9.599999999999886e-05
12766,0.011307000000000001,-0.004345,-0.069812,-3.500000000000031e-05,5.799999999999989e-05,-4.200000000000037e-05
11431,-0.013099,0.005091,-0.071104,-5.800000000000076e-05,8.300000000000061e-05,1.6000000000002124e-05
12631,0.000323,0.010894000000000001,-0.068366,-0.00013199999999999998,0.00010399999999999819,1.1999999999998123e-05
14462,-0.006602,0.0067729999999999995,-0.063655,0.00012400000000000085,0.0003610000000000011,9.199999999999486e-05
13153,0.004343,0.001512,-0.06873900000000001,7.000000000000062e-06,7.099999999999988e-05,-0.00015899999999999248
9793,0.002629,0.009517,-0.074644,-7.699999999999981e-05,-8.89999999999988e-05,-0.00015899999999999248
13127,-0.014731,-0.011026,-0.07094299999999999,-0.0001020000000000014,0.00016000000000000042,0.0001719999999999916
14294,0.012975,0.004732999999999999,-0.07152,-0.00010399999999999993,-5.999999999999062e-06,-0.0003029999999999977
14585,0.015002000000000001,0.009287,-0.069368,-8.000000000000021e-05,6.400000000000156e-05,-0.00025299999999998934
14790,-0.010675,0.002799,-0.063656,1.700000000000139e-05,0.00021300000000000008,-0.00014499999999999236
14205,-0.005934999999999999,0.008298999999999999,-0.074696,6.999999999999194e-06,0.00014000000000000123,-9.100000000000774e-05
14124,0.013365,-0.012842000000000001,-0.068633,9.000000000000327e-06,0.00015300000000000036,2.8000000000000247e-05
13832,-0.010022999999999999,-0.009852,-0.068914,2.399999999999798e-05,0.00023899999999999963,-8.799999999999086e-05
14471,-0.010858000000000001,0.013021000000000001,-0.06781699999999999,-1.2999999999999123e-05,-7.300000000000015e-05,3.599999999998049e-05
12467,-0.010044,0.002822,-0.064467,6.800000000000035e-05,0.00016400000000000052,-0.00021699999999999497
14786,-0.007847999999999999,-0.003691,-0.068845,-3.200000000000078e-05,0.00012299999999999985,0.00017600000000000948
13188,0.006783,-0.000825,-0.062891,7.599999999999968e-05,0.00012300000000000006,1.9000000000005124e-05
14583,0.0044740000000000005,-0.012467,-0.063596,3.399999999999931e-05,6.600000000000009e-05,4.300000000000137e-05
14770,0.007808,-0.006199,-0.07257899999999999,-6.299999999999969e-05,7.399999999999941e-05,-3.0000000000030003e-06
13872,0.014679000000000001,-0.004288,-0.07221999999999999,-1.000000000001e-06,7.100000000000075e-05,-5.800000000001637e-05
9765,0.012228999999999999,-0.00020999999999999998,-0.068922,3.600000000000131e-05,0.00017099999999999998,-0.00012000000000000899
12752,-0.009599,0.011614000000000001,-0.07447799999999999,-0.00013200000000000017,-7.100000000000162e-05,-0.00014700000000000824
9661,0.001746,0.0052380000000000005,-0.069149,1.699999999999987e-05,8.5e-05,-0.0001850000000000046
14508,-0.00501,-0.011301,-0.06882899999999999,-3.0000000000000512e-05,0.0001910000000000002,-0.00011100000000001387
12748,-0.0052190000000000005,-0.006033999999999999,-0.066782,0.0001810000000000006,0.0002909999999999987,0.00011099999999998611
9691,0.0017230000000000001,0.009961000000000001,-0.068511,-0.00013200000000000017,9.599999999999886e-05,-7.399999999999074e-05
14763,0.000416,-0.002093,-0.063186,0.00017899999999999996,0.0004019999999999998,-0.00010099999999998999
14861,0.0075439999999999995,0.01222,-0.06289,-0.00013099999999999917,0.00020800000000000159,-9.599999999999886e-05
11874,0.015510999999999999,-0.0106,-0.071605,4.300000000000137e-05,0.0002149999999999999,-2.3999999999996247e-05
9922,0.009601,-0.008171,-0.071088,-1.4000000000000123e-05,6.100000000000029e-05,-0.00010799999999999699
14100,0.015475,-0.004783000000000001,-0.07473099999999999,6.300000000000056e-05,0.00014000000000000123,-0.0001310000000000061
14498,0.002027,0.005106,-0.07098399999999999,-8.200000000000004e-05,8.99999999999998e-05,-0.00010900000000001187
13430,0.005838,0.001597,-0.06389,0.00019599999999999913,0.00025100000000000014,8.000000000008e-06
13082,0.001873,0.009526,-0.064352,-5.3000000000000096e-05,0.0002459999999999997,-9.299999999998199e-05
14596,0.010315,-0.000643,-0.06243,2.8000000000000247e-05,0.000349,-3.099999999999631e-05
13992,-0.005424,0.00232,-0.064283,7.699999999999981e-05,0.00031400000000000004,-0.00014699999999999436
14004,-0.006431,-0.009914999999999998,-0.065119,8.399999999999987e-05,0.00010499999999999746,-0.00021700000000000885
12913,0.011676,-0.011816,-0.065512,0.00017200000000000028,0.00012199999999999885,-0.00010500000000000786
14542,-0.009087999999999999,0.001693,-0.063692,5.4999999999999494e-05,0.00013100000000000004,4.699999999999149e-05
13949,-0.004705,-0.009773,-0.063898,8.100000000000034e-05,0.0002669999999999999,-7.200000000000262e-05
8823,0.002472,0.0064269999999999996,-0.070159,-0.00012399999999999998,0.00011300000000000025,-0.00010300000000000586
10755,-0.004634,-0.004718,-0.069728,2.0000000000000052e-05,0.00019000000000000006,0.00014600000000000724
13746,0.004647999999999999,-0.005951,-0.07266299999999999,-2.9999999999998778e-05,9.899999999999926e-05,-0.00011300000000000199
9719,0.0044800000000000005,0.010733000000000001,-0.069789,-0.00012200000000000058,-8.500000000000174e-05,-1.1999999999998123e-05
13825,-0.006487,0.010042,-0.061958,1.2999999999999123e-05,0.00031799999999999884,-6.800000000000556e-05
13748,-0.01048,0.00259,-0.067297,2.499999999999898e-05,0.0002630000000000002,5.4999999999985616e-05
14833,-0.01165,-0.004957,-0.06660200000000001,0.00015500000000000062,-4.100000000000024e-05,2.8000000000014125e-05
14856,-0.014989,-0.011051,-0.07738500000000001,0.00011099999999999999,0.00011500000000000052,0.0001360000000000111
10349,-0.001796,0.008043,-0.063149,-0.00012100000000000001,0.00021200000000000038,-3.0000000000002247e-05
10707,-0.014648,-0.002072,-0.069368,4.2999999999999636e-05,3.199999999999991e-05,2.1000000000007124e-05
13457,-0.000497,-0.010884,-0.07276300000000001,0.000154,0.0001360000000000007,9.000000000000674e-05
14789,0.014917,-0.009855000000000001,-0.068479,-3.200000000000078e-05,8.000000000000021e-05,9.299999999999586e-05
14779,-0.007167,0.011495,-0.064539,9.900000000000013e-05,0.00022800000000000077,-9.600000000001274e-05
14838,-0.005458,0.01055,-0.065168,7.500000000000041e-05,0.00036699999999999927,-5.7999999999988616e-05
9458,0.016735,-0.000861,-0.067717,8.400000000000074e-05,0.000205,-9.800000000000086e-05
14306,-0.01214,-0.008527,-0.06673699999999999,9.599999999999886e-05,3.4999999999998574e-05,0.00015699999999999048
9061,0.007,0.011974,-0.070725,-0.0001510000000000001,2.9999999999998778e-05,-0.000124000000000013
11147,-0.00505,0.006109,-0.073488,-4.100000000000024e-05,7.500000000000041e-05,-2.1000000000007124e-05
12411,-0.013493999999999999,0.001928,-0.070405,3.099999999999978e-05,2.5000000000000066e-05,-5.400000000001237e-05
11454,0.012577,-0.004936,-0.06966,0.00010399999999999993,0.0001529999999999995,-5.8999999999989616e-05
14532,-0.007288,0.006843,-0.072673,-2.9999999999999645e-05,-7.000000000000062e-06,-0.00010200000000000486
11424,0.007983,-0.012202999999999999,-0.06736199999999999,0.00016000000000000042,-4.49999999999999e-05,-8.900000000000574e-05
11764,0.014855,0.007997,-0.069865,-8.000000000000021e-05,8.99999999999998e-05,-0.00027499999999999747
13466,0.017092,0.010103999999999998,-0.07164100000000001,-9.399999999999686e-05,6.400000000000156e-05,-0.00023299999999998322
11778,-0.01533,0.00387,-0.070029,-5.9000000000000025e-05,-1.000000000000046e-05,-0.00010800000000001087
14203,-0.008795,-0.001348,-0.061478000000000005,-7.999999999999327e-06,0.0002230000000000001,6.1000000000005494e-05
9742,0.012792,0.008939,-0.07315600000000001,-7.799999999999994e-05,-9.000000000000327e-06,-0.00021299999999999097
14434,-0.013366,-0.001292,-0.073614,2.999999999999531e-06,5.299999999999988e-05,-0.00010599999999999499
9738,-0.014138999999999999,-0.0015400000000000001,-0.070647,-1.5000000000001124e-05,6.100000000000007e-05,1.7999999999990246e-05
11800,0.010029,-0.008747999999999999,-0.066512,3.200000000000078e-05,0.00011899999999999931,2.9000000000001247e-05
14138,0.0018160000000000001,-0.004096,-0.07498600000000001,-5.800000000000011e-05,7.099999999999988e-05,-0.00010399999999999299
14881,-0.005226,0.0050940000000000004,-0.061998,-6.799999999999948e-05,0.00019399999999999973,-0.00024400000000000116
14781,-0.003247,0.011706,-0.071411,3.799999999999984e-05,0.00011599999999999978,-7.599999999999274e-05
14844,0.008257,-0.002835,-0.071596,4.49999999999999e-05,6.300000000000012e-05,-0.00022300000000000098
9840,0.008785,-0.012010999999999999,-0.067928,9.799999999999913e-05,2.6999999999999247e-05,-0.00012799999999998923
10533,0.012010999999999999,0.005496,-0.064389,-0.00010099999999999866,0.0002009999999999998,7.400000000000462e-05
9763,0.002404,0.005891,-0.063024,4.9e-05,0.0003119999999999998,-0.0001810000000000006
9843,0.003134,0.008749,-0.063695,-9.600000000000017e-05,0.00023400000000000157,-4.899999999999349e-05
14715,0.002198,-0.011673,-0.07051600000000001,6.800000000000035e-05,0.00010999999999999899,6.0000000000004494e-05
14958,0.002519,-0.01322,-0.064511,1.0999999999999725e-05,0.00010700000000000119,-8.800000000000474e-05
9650,0.003042,-0.000903,-0.074109,5.00000000000023e-06,6.100000000000007e-05,-0.0002390000000000031
14405,0.012276,5.4e-05,-0.07328100000000001,-3.0000000000012655e-06,0.000111,-6.199999999999262e-05
11414,-0.014414,-0.008773999999999999,-0.06947400000000001,-5.000000000000143e-05,0.00018799999999999893,5.2999999999997494e-05
9882,0.008944,-0.000224,-0.071212,6.499999999999909e-05,0.000128,-0.00015099999999999836
14830,0.005473,-0.008044,-0.076015,1.4000000000000123e-05,0.00010900000000000146,-0.00010999999999999899
14855,-0.009295999999999999,-0.000851,-0.07051600000000001,3.999999999998796e-06,0.00010899999999999994,-9.999999999998899e-05
13963,0.012608000000000001,-0.003913,-0.071519,-5.000000000001531e-06,8.099999999999991e-05,-1.8000000000004124e-05
12443,0.00926,-0.012349,-0.06699200000000001,9.800000000000086e-05,2.599999999999998e-05,-3.599999999999437e-05
13754,-0.009271000000000001,0.006634999999999999,-0.063039,0.00011800000000000178,0.00029900000000000065,-0.00010100000000000386
14112,-0.006595,0.00818,-0.06614,-2.0000000000000052e-05,0.0002760000000000002,-9.699999999998599e-05
9591,-0.004468,0.010737,-0.066145,2.7000000000000114e-05,0.0002639999999999986,-5.9000000000003494e-05
14803,0.01312,0.003599,-0.063436,7.599999999999968e-05,0.0002329999999999997,5.4999999999999494e-05
10207,0.013458,0.011387000000000001,-0.06982200000000001,-8.799999999999954e-05,6.299999999999882e-05,-0.00027299999999999547
10445,0.009188,-0.011215999999999999,-0.071783,-5.9000000000000025e-05,4.999999999999796e-05,-0.00010299999999999199
9747,-0.002366,-0.005284,-0.06983400000000001,-2.1999999999999884e-05,0.00020799999999999985,-2.6999999999999247e-05
13548,0.013041,-0.002285,-0.063255,1.1999999999999858e-05,0.00032700000000000003,-8.800000000000474e-05
14178,-0.0073739999999999995,0.009068,-0.066572,2.3999999999999716e-05,0.00022699999999999977,-1.8000000000004124e-05
12249,0.013738,-0.005308,-0.07453900000000001,9.10000000000008e-05,3.5999999999999574e-05,-7.999999999999674e-05
14476,0.015153999999999999,0.008146,-0.072395,-7.199999999999915e-05,0.00015999999999999868,-0.00010000000000000286
13833,-0.0021190000000000002,-0.008735,-0.061318,0.00021900000000000023,0.00027699999999999947,-7.400000000000462e-05
14518,-0.004371000000000001,0.009500999999999999,-0.068816,-9.399999999999947e-05,0.0002760000000000002,2.1000000000007124e-05
11405,0.0016259999999999998,0.003535,-0.07091800000000001,-1.4999999999999823e-05,0.00011099999999999999,-0.00013900000000000023
14445,-0.009976,-0.007809,-0.06820699999999999,0.00017200000000000028,0.00024399999999999943,8.899999999999186e-05
9655,0.0006810000000000001,0.0044139999999999995,-0.07031,7.99999999999987e-06,0.0001299999999999999,-9.499999999999786e-05
13103,-0.0010329999999999998,0.002054,-0.068596,5.699999999999987e-05,0.00021900000000000044,-0.00010999999999999899
14914,-0.005242,0.008369999999999999,-0.072784,-8.600000000000014e-05,0.00010600000000000193,-4.499999999998949e-05
14276,0.011378000000000001,-0.010138,-0.064151,0.00023199999999999783,0.0002129999999999979,-6.299999999999362e-05
11434,-0.008611,0.001625,-0.069068,0.00013300000000000117,5.800000000000011e-05,-3.499999999999337e-05
12809,0.004564,-0.00479,-0.07279300000000001,-7.700000000000068e-05,8.69999999999994e-05,-0.00014299999999999036
9721,-0.001261,0.004226,-0.072255,-4.7999999999999866e-05,0.0001330000000000003,-0.00019399999999999973
14176,0.002009,-0.007194,-0.07214799999999999,-5.6999999999999976e-05,9.19999999999992e-05,1.9999999999992246e-05
13421,-0.008856999999999999,-0.010936,-0.067093,-3.100000000000151e-05,0.0001460000000000003,5.0000000000050004e-06
14114,-0.014955999999999999,-0.010505,-0.073321,-2.2000000000001185e-05,0.00015300000000000036,-0.00019299999999999873
14242,-0.009244,-0.006564,-0.06568,7.799999999999994e-05,0.0001559999999999999,7.700000000000762e-05
14687,0.0037240000000000003,0.01065,-0.07567700000000001,-6.800000000000035e-05,2.9000000000001247e-05,-0.0001779999999999976
9696,-0.003162,0.00519,-0.06913,-2.0000000000000052e-05,0.0002689999999999993,-0.00010300000000000586
9874,0.013982,0.001035,-0.068028,0.00012300000000000158,0.0001920000000000001,-0.00012599999999998723
12181,0.012885,0.001353,-0.07116299999999999,-1.4000000000000123e-05,0.00014400000000000003,-0.00011800000000002087
14232,0.001978,0.004633,-0.072462,-0.0001200000000000001,8.399999999999987e-05,-0.00022300000000000098
14435,-0.002854,-0.002767,-0.073878,-5.4999999999999494e-05,7.699999999999981e-05,4.000000000004e-06
14442,-0.006284,-0.0046440000000000006,-0.068646,3.5999999999999574e-05,0.0001260000000000011,0.0002510000000000012
9640,-0.001427,0.006984,-0.07132899999999999,-0.00010399999999999971,0.0001250000000000001,-0.00011100000000001387
14983,0.01667,0.005875,-0.06897,-4.000000000000184e-05,9.700000000000073e-05,-0.0002219999999999861
13575,0.015875,-0.012384000000000001,-0.07104300000000001,2.8000000000000247e-05,0.00018500000000000114,-1.6999999999989246e-05
14439,0.004609,-0.003285,-0.07002,0.00010999999999999985,5.3000000000000096e-05,-0.00019600000000000173
9694,-0.008012,-0.003206,-0.070118,-3.900000000000084e-05,8.5e-05,0.0001280000000000031
14118,-0.009237,-0.002944,-0.068051,2.8999999999999512e-05,0.00012399999999999998,6.799999999999862e-05
13856,0.0032,0.010827,-0.063261,-8.600000000000014e-05,0.0001510000000000001,-5.200000000001037e-05
9782,-0.000571,-0.007497,-0.071965,-8.300000000000007e-05,6.400000000000069e-05,1.000000000001e-06
9797,0.01129,0.006766,-0.07183400000000001,-0.0001299999999999999,-0.00011900000000000018,-0.00027299999999999547
13418,-0.000777,-0.007149,-0.065788,8.600000000000003e-05,0.000255,-0.0001850000000000046
14794,0.01064,0.004529,-0.066187,6.000000000000796e-06,0.00023399999999999983,-3.899999999999737e-05
9794,0.007153,0.009078,-0.073234,-0.0001499999999999991,0.00011099999999999999,-0.00016399999999999748
14099,0.007133,0.00206,-0.071271,-8.600000000000014e-05,3.299999999999961e-05,-0.0001840000000000036
12749,-0.006745,-0.001292,-0.067772,-5.999999999999929e-06,0.00034199999999999996,-8.099999999999774e-05
9847,-0.009425000000000001,0.006266,-0.06951900000000001,-2.999999999999531e-06,-2.7000000000000114e-05,-0.00014699999999998048
12422,-0.01299,0.005314,-0.073859,-0.00010800000000000046,2.2000000000000318e-05,-3.899999999999737e-05
14440,-0.012705,0.00721,-0.070998,-0.00017,4.99999999999997e-05,-4.800000000000637e-05
14111,0.007415,-0.004623,-0.07047199999999999,1.000000000000046e-05,5.3000000000000096e-05,-0.000127000000000016
9796,-0.012954,0.010288,-0.065429,-4.099999999999937e-05,7.599999999999968e-05,4.900000000000737e-05
10236,0.007755,0.002806,-0.071536,-0.0001429999999999999,3.300000000000004e-05,-0.00018299999999998873
12070,-0.006941,0.009316000000000001,-0.076254,-5.099999999999983e-05,6.599999999999835e-05,-0.00014499999999999236
13101,-0.012124000000000001,0.0012549999999999998,-0.063601,9.800000000000086e-05,0.0001870000000000001,5.100000000000937e-05
14200,-0.006871,0.001418,-0.06407399999999999,0.00011900000000000018,0.00013000000000000012,4.999999999999449e-05
14264,0.004621,-8e-05,-0.065884,0.0001460000000000003,0.000225,-6.799999999999862e-05
13780,0.013603,-0.006315,-0.065298,9.000000000000327e-06,0.00027800000000000047,-0.00017600000000000948
11073,-0.0038540000000000002,-0.000925,-0.071509,0.00014800000000000013,0.00018100000000000006,-1.2999999999999123e-05
14767,-0.008235,-0.006402,-0.06773900000000001,0.00011799999999999831,0.00016399999999999922,0.00015800000000000536
14447,-0.00865,0.012132,-0.069569,-9.799999999999913e-05,1.5999999999998654e-05,-2.499999999998337e-05
9743,-0.001254,-0.008265,-0.067236,4.3999999999999985e-05,0.0003089999999999985,-0.0001250000000000001
10067,-0.010671,0.008926,-0.063569,5.199999999999996e-05,0.00013299999999999944,-3.200000000000425e-05
9804,-0.008093999999999999,0.0013109999999999999,-0.064334,8.199999999999874e-05,0.00017700000000000007,6.199999999999262e-05
12061,-0.000712,0.00029299999999999997,-0.070972,5.8999999999999916e-05,0.00019300000000000003,-0.0001860000000000056
13745,0.002999,0.004767,-0.07375,-0.00015399999999999962,2.3999999999999716e-05,-0.00017200000000000548
11791,0.010055,-0.009923,-0.070983,3.400000000000104e-05,0.0001510000000000001,1.9000000000005124e-05
12518,-0.006148,-0.001685,-0.067481,9.99999999999994e-05,0.00030900000000000025,5.1999999999996493e-05
12770,-0.009104,0.009460000000000001,-0.062856,0.00010099999999999866,0.0002249999999999995,0.00010599999999999499
14177,-0.004293999999999999,-0.006594,-0.067804,0.00012299999999999898,0.00026099999999999995,6.1000000000005494e-05
14122,0.013616,-0.001314,-0.06331,6.699999999999935e-05,0.00023999999999999998,8.900000000000574e-05
9766,0.01307,0.00534,-0.073889,-0.00010700000000000119,1.0999999999999725e-05,-0.00011099999999999999
14646,0.015888,-0.0077480000000000005,-0.071078,-8.299999999999974e-05,7.000000000000062e-05,-0.00014300000000000423
9980,0.00838,0.007952,-0.071547,-0.00017400000000000054,1.5999999999998654e-05,-0.00014999999999999736
14123,0.00709,-0.006021,-0.068285,0.00010600000000000019,7.099999999999988e-05,-0.00018399999999998973
13177,-0.011783,0.000853,-0.06728,-8.000000000001062e-06,8.699999999999995e-05,-7.899999999998186e-05
12212,-0.012694,0.001871,-0.070223,-4.900000000000043e-05,-6.000000000000016e-05,-0.00011400000000000299
9964,0.001787,-0.010541,-0.070885,7.300000000000015e-05,2.700000000000098e-05,-0.0001250000000000001
14191,0.008797000000000001,-0.004976,-0.07270399999999999,-2.700000000000098e-05,6.700000000000022e-05,-0.00010400000000002074
14332,0.010057,-0.001166,-0.065464,8.799999999999954e-05,0.00019799999999999993,-8.299999999999974e-05
11417,0.008377,0.009087,-0.065236,-0.00010899999999999972,8.500000000000174e-05,-6.30000000000075e-05
11738,0.015969,0.002594,-0.069992,-2.2000000000001185e-05,0.00015200000000000023,-0.00010999999999999899
13415,-0.005403,-0.004429000000000001,-0.067858,0.00010500000000000006,0.00031000000000000125,4.400000000000237e-05
14503,-0.006285,-0.0020870000000000003,-0.066898,3.9999999999996635e-06,0.00038500000000000036,-8.000000000008e-06
12090,0.014015000000000001,0.001601,-0.069393,4.799999999999943e-05,0.00010500000000000006,-0.0001940000000000136
9853,-0.011305999999999998,-0.007533000000000001,-0.06893200000000001,3.7999999999998105e-05,0.0001860000000000004,3.700000000000925e-05
10573,0.00656,-0.00038,-0.06908199999999999,0.00013599999999999984,0.000151,-0.00016300000000001036
9679,0.0034300000000000003,0.009914,-0.067805,-5.8000000000000326e-05,0.00022000000000000144,-5.2999999999997494e-05
9695,0.001606,-0.005108,-0.070934,-2.800000000000003e-05,0.00019899999999999952,2.799999999998637e-05
13792,0.013651,0.004513,-0.072355,-5.10000000000007e-05,6.400000000000069e-05,-0.00017300000000000648
11304,0.005598,-0.003645,-0.07051900000000001,4.99999999999997e-05,8.199999999999961e-05,-0.00017599999999998173
9170,-0.00701,0.006798,-0.07023,-5.6000000000000494e-05,0.00012299999999999985,-0.00021100000000000285
9681,0.013654999999999999,0.002327,-0.07158,-8.999999999998592e-06,0.00013200000000000017,-0.00020100000000000673
14106,-0.001432,0.010648,-0.06980700000000001,-0.00010099999999999996,-7.000000000000062e-06,-2.9999999999891225e-06
13209,-0.011248,-0.003814,-0.067851,0.00021699999999999844,0.00026500000000000004,0.00021099999999998897
9671,0.000416,0.0029649999999999998,-0.06813,-5.999999999999983e-06,0.0001950000000000003,-0.0001330000000000081
14652,0.010874,0.003592,-0.064266,1.1000000000000593e-05,0.0001759999999999995,2.8000000000000247e-05
10371,0.009339,0.006295,-0.066598,-1.4000000000000123e-05,0.0001719999999999994,-8.099999999999774e-05
9697,0.001665,0.00311,-0.069027,-3.8000000000000056e-05,0.00014199999999999977,-5.2999999999997494e-05
14760,-0.010521,-0.00346,-0.068745,6.200000000000129e-05,0.0001250000000000001,4.900000000000737e-05
9956,-0.001047,0.000907,-0.068185,9.000000000000002e-05,0.00019700000000000013,-0.00022100000000001285
9206,0.011747,0.010809,-0.07002599999999999,-9.20000000000018e-05,-2.2999999999998716e-05,-0.00015199999999999936
14453,-0.008013999999999999,-0.008771000000000001,-0.06447,0.0001379999999999975,0.000171000000000001,-0.00013699999999999823
9901,0.0119,0.006793,-0.068982,-7.300000000000015e-05,6.299999999999969e-05,-0.00026999999999999247
9673,0.001609,0.0038650000000000004,-0.067348,4.3999999999999985e-05,0.0002299999999999993,-0.00012199999999999711
10783,0.004940000000000001,0.000192,-0.065393,0.0001519999999999985,0.000251,-0.00013399999999999523
10740,0.011611,-0.001026,-0.06959,7.000000000000062e-06,0.00011200000000000001,-6.90000000000135e-05
13848,-0.0038650000000000004,-0.012694,-0.06520000000000001,0.00014800000000000013,0.0001299999999999999,-0.00020999999999998797
11803,0.000202,0.008121,-0.068216,-0.00014800000000000002,0.00013200000000000017,0.0
10415,0.0075910000000000005,0.008402,-0.067785,-0.00010700000000000032,0.00019900000000000126,-0.00015400000000000136
9670,0.0061059999999999994,0.008487999999999999,-0.069841,-6.099999999999942e-05,2.8000000000000247e-05,-0.00019800000000000373
13591,0.012739,-0.0014299999999999998,-0.06729600000000001,9.99999999999994e-05,0.00025699999999999985,-0.00011499999999999011
12283,0.013260999999999998,0.010333,-0.066495,-4.89999999999987e-05,4.700000000000017e-05,-0.00026899999999999147
10005,0.01375,0.000162,-0.06549200000000001,8.3999999999999e-05,0.00020699999999999996,-6.0999999999991616e-05
9683,0.008402,-0.004673,-0.069318,0.00011099999999999999,8.5e-05,-0.00012199999999999711
10017,-0.003637,0.001184,-0.071669,0.0001250000000000001,0.00017200000000000006,-6.40000000000085e-05
12743,-0.0029620000000000002,7e-06,-0.07245,6.799999999999992e-05,0.000121,-5.7999999999988616e-05
9680,0.007925,0.002008,-0.06823,7.599999999999968e-05,0.00016200000000000025,-0.00011300000000000199
12745,0.008055,0.0029950000000000003,-0.06798900000000001,3.999999999998796e-06,0.0001389999999999998,-7.699999999999374e-05
9977,0.006622,-0.00233,-0.06987900000000001,6.399999999999982e-05,0.00014899999999999983,-0.00020399999999998197
9835,-0.008251,0.0059370000000000004,-0.06478199999999999,2.3999999999999716e-05,0.00018899999999999993,-7.00000000000145e-05
14208,0.001527,0.004143,-0.064286,9.600000000000017e-05,0.0002919999999999997,-0.00010700000000000986
12475,0.013114,-0.006553,-0.07098099999999999,0.00012599999999999938,0.00010599999999999932,-5.400000000001237e-05
13485,-0.003599,0.002558,-0.0681,4.40000000000002e-05,0.000281,-0.000127000000000016
11102,0.001282,0.008451,-0.07183,-0.0002419999999999998,-4.4000000000000636e-05,-7.399999999999074e-05
10367,0.011948,-0.005698000000000001,-0.06879099999999999,7.499999999999868e-05,0.00016100000000000055,-5.000000000000837e-05
13192,-0.006652999999999999,0.004064,-0.068944,9.39999999999986e-05,5.9000000000000025e-05,-0.00010099999999998999
10752,0.005829,-0.0037099999999999998,-0.064227,7.200000000000002e-05,0.00020599999999999959,-0.00019399999999999973
10756,-0.011899,0.00549,-0.06858,-0.00013299999999999944,-8.199999999999961e-05,-4.600000000000437e-05
14192,0.013630000000000001,0.008827,-0.070229,-9.70000000000016e-05,3.5999999999999574e-05,-0.00019600000000000173
10018,0.01081,-0.006203,-0.066892,1.4999999999999389e-05,0.00014400000000000003,-2.6000000000012125e-05
11107,0.013856,-0.005045,-0.06862,0.00010699999999999946,0.0001719999999999994,-0.00010599999999999499
8985,0.007958,0.009682,-0.070295,-5.299999999999923e-05,-8.299999999999974e-05,-0.00016199999999999548
11420,-0.009797,0.000983,-0.067331,4.700000000000017e-05,0.000291,7.100000000000162e-05
11523,-0.0070739999999999996,-0.010698000000000001,-0.066619,-2.4000000000000583e-05,0.0002870000000000008,-1.9999999999992246e-05
12971,-0.002391,0.006995,-0.066281,-6.0999999999999856e-05,0.0001979999999999994,-7.299999999998974e-05
12062,-0.001617,-0.001175,-0.07139799999999999,0.0001299999999999999,0.00016400000000000008,-5.2999999999997494e-05
9660,0.005203999999999999,0.002154,-0.068318,0.0,6.699999999999979e-05,-6.799999999999862e-05
10413,0.0054340000000000005,0.008216,-0.069536,-5.10000000000007e-05,-5.999999999999062e-06,-0.0001270000000000021
9183,0.009473,0.0036720000000000004,-0.066293,1.9999999999985307e-06,0.00015599999999999946,-0.00010100000000000386
13081,0.010535000000000001,0.0079,-0.069481,-0.00014600000000000203,-1.8000000000000654e-05,-0.00021499999999999297
10129,0.01492,-0.007442,-0.071155,2.100000000000192e-05,0.00010500000000000006,-0.00010200000000000486
9995,-0.002539,-0.002055,-0.071024,8.700000000000027e-05,0.00017200000000000006,-5.6000000000000494e-05
10462,0.011703,-0.00226,-0.069154,4.799999999999943e-05,0.00011699999999999992,-0.00010300000000000586
11773,0.010017,0.010775,-0.06686700000000001,-8.6000000000001e-05,-7.500000000000041e-05,-0.00013699999999999823
10082,0.00901,0.011234,-0.067238,2.5999999999998247e-05,0.00014899999999999983,-0.00011799999999999311
14446,-0.012201,-0.000203,-0.06891800000000001,0.0,2.8000000000000003e-05,2.1000000000007124e-05
9724,0.004788000000000001,0.003828,-0.06740900000000001,4.2999999999999636e-05,0.00011699999999999992,-0.00011199999999998711
13766,-0.013149,-0.008609,-0.06831100000000001,6.399999999999809e-05,0.00021200000000000038,9.900000000000186e-05
9675,0.008667999999999999,0.0031520000000000003,-0.068757,3.0000000000002247e-05,0.00019300000000000003,-7.000000000000062e-05
14131,0.013284,-0.003962,-0.068068,9.199999999999833e-05,0.00018500000000000027,-0.00010399999999999299
10746,0.009018,0.010081,-0.068731,-0.00012000000000000031,0.0001310000000000009,-0.00016599999999999948
9764,0.010461999999999999,-0.00233,-0.068062,0.0001370000000000017,8.199999999999961e-05,-7.200000000000262e-05
12914,0.012289999999999999,-0.0027240000000000003,-0.068762,7.500000000000215e-05,0.00017700000000000007,-0.00012699999999998823
12819,-0.008404,0.004726,-0.06840600000000001,6.300000000000056e-05,6.200000000000042e-05,-0.0001239999999999991
9857,0.007814,0.006201,-0.069779,-0.00015899999999999942,0.00011499999999999965,-0.000130000000000019
9845,0.01376,-0.006461000000000001,-0.06952,3.8999999999999105e-05,0.0001280000000000005,-0.00018399999999998973
13741,0.00299,-0.005215,-0.065548,0.00025299999999999975,0.0001529999999999995,-8.400000000001462e-05
12758,0.0053620000000000004,-0.005514,-0.06495000000000001,3.799999999999984e-05,0.00013900000000000023,-0.00018899999999999473
13640,0.015736,0.008066,-0.065891,-4.000000000000184e-05,4.800000000000117e-05,-0.0003399999999999931
14468,-0.01156,-0.006298,-0.069225,2.8999999999999512e-05,0.00018199999999999987,1.5000000000001124e-05
11113,0.00335,-0.00666,-0.070088,-3.4000000000000176e-05,0.00023399999999999983,-9.400000000001074e-05
10157,0.001433,-0.010551999999999999,-0.073264,3.399999999999996e-05,0.00015099999999999836,-6.0000000000004494e-05
9772,0.011852,-0.004552,-0.06893200000000001,9.20000000000018e-05,0.00015999999999999955,-4.299999999998749e-05
