Particle,x,y,z,Vx,Vy,Vz
39717,0.010599,0.00518,-0.072686,0.0,0.0,0.0
36265,-0.011083,0.007538,-0.07259,0.0,0.0,0.0
34264,0.000615,-0.002579,-0.068956,0.0,0.0,0.0
26185,-0.011086,0.006445,-0.068653,0.0,0.0,0.0
40553,-0.015174,-0.0017629999999999998,-0.072264,0.0,0.0,0.0
40440,0.012452999999999999,0.011787,-0.074696,0.0,0.0,0.0
41129,-0.00643,-0.009626,-0.07427500000000001,0.0,0.0,0.0
40055,-0.002695,-0.0043879999999999995,-0.075291,0.0,0.0,0.0
34432,0.002868,0.012455,-0.06851399999999999,0.0,0.0,0.0
40221,0.010686999999999999,-0.011412,-0.067575,0.0,0.0,0.0
40722,0.004692999999999999,0.008961,-0.072818,0.0,0.0,0.0
41093,-0.008844,-0.012419000000000001,-0.069877,0.0,0.0,0.0
40471,0.010269,0.003977,-0.062144,0.0,0.0,0.0
40360,-0.004343,-0.011781,-0.075018,0.0,0.0,0.0
32284,0.005013,0.01122,-0.07422,0.0,0.0,0.0
38866,-0.003428,0.009204,-0.06738,0.0,0.0,0.0
38881,0.013448,-0.008055,-0.06743099999999999,0.0,0.0,0.0
38577,0.0011200000000000001,-0.011149,-0.0686,0.0,0.0,0.0
41120,-0.000416,-0.001451,-0.060035,0.0,0.0,0.0
40497,-0.010103999999999998,-0.008487999999999999,-0.06539400000000001,0.0,0.0,0.0
39862,-0.003727,-0.005152,-0.073521,0.0,0.0,0.0
41184,0.007889,0.002422,-0.070702,0.0,0.0,0.0
41225,0.013214,0.012525999999999999,-0.073158,0.0,0.0,0.0
40138,0.007843,0.003958000000000001,-0.07596299999999999,0.0,0.0,0.0
40309,0.00016,0.005799,-0.059591,0.0,0.0,0.0
41209,0.002568,-0.004869,-0.075909,0.0,0.0,0.0
40743,0.000368,0.005737,-0.06167,0.0,0.0,0.0
41117,-0.006718,0.011491,-0.062374,0.0,0.0,0.0
40804,0.014153,0.01103,-0.07486799999999999,0.0,0.0,0.0
41174,0.003657,0.007058,-0.059142,0.0,0.0,0.0
41102,-0.00956,0.005142000000000001,-0.077824,0.0,0.0,0.0
40150,0.005714,0.002175,-0.061362,0.0,0.0,0.0
41159,-0.001292,0.007916000000000001,-0.069396,0.0,0.0,0.0
40717,-0.0060030000000000005,-0.007176,-0.05786,0.0,0.0,0.0
40622,0.000622,0.012702999999999999,-0.071241,0.0,0.0,0.0
41230,0.012949,0.011618999999999999,-0.069846,0.0,0.0,0.0
40450,-0.008721999999999999,0.001858,-0.077757,0.0,0.0,0.0
40567,0.017997,-0.010376,-0.070852,0.0,0.0,0.0
40959,-0.003435,0.008207,-0.062403,0.0,0.0,0.0
40764,-0.006641,0.0028610000000000003,-0.069089,0.0,0.0,0.0
40812,-0.003261,-0.008929,-0.077438,0.0,0.0,0.0
40543,0.001497,-0.009519999999999999,-0.07438299999999999,0.0,0.0,0.0
40536,0.014805,0.0068520000000000005,-0.062796,0.0,0.0,0.0
40780,0.003198,-0.003212,-0.070253,0.0,0.0,0.0
33845,-0.008013,0.011724,-0.06621200000000001,0.0,0.0,0.0
33626,-0.002917,0.010131,-0.061607999999999996,0.0,0.0,0.0
38961,0.002742,-0.005490999999999999,-0.076808,0.0,0.0,0.0
41141,0.013434,-0.004763,-0.06535500000000001,0.0,0.0,0.0
40296,0.016535,-0.012569,-0.07236100000000001,0.0,0.0,0.0
39282,-0.014285,-0.008811,-0.077081,0.0,0.0,0.0
41169,0.015316000000000001,0.0058449999999999995,-0.0736,0.0,0.0,0.0
41198,0.011835,0.003556,-0.061894,0.0,0.0,0.0
40836,0.010977,-0.011519999999999999,-0.064378,0.0,0.0,0.0
41202,-0.004726,0.012693,-0.070857,0.0,0.0,0.0
41237,0.009382,-3.8e-05,-0.06568399999999999,0.0,0.0,0.0
41305,-0.006898,-0.000441,-0.079669,0.0,0.0,0.0
39642,0.011883,0.00016900000000000002,-0.07099899999999999,0.0,0.0,0.0
37121,-0.002231,0.008905,-0.076348,0.0,0.0,0.0
35891,-0.014579,0.013529999999999999,-0.069076,0.0,0.0,0.0
40230,0.010278,-0.011729,-0.066938,0.00010499999999999919,8.799999999999954e-05,-0.00032200000000000284
38945,0.000482,-0.003185,-0.06622700000000001,0.00033299999999999996,0.00021600000000000005,-0.0005309999999999898
37807,-0.012358000000000001,-0.0075769999999999995,-0.068533,9.200000000000007e-05,0.00017599999999999994,-0.0002879999999999966
41327,-0.004051,-0.000907,-0.07719,0.00015400000000000006,0.00015099999999999998,-8.200000000001262e-05
41395,0.006498,-0.006964000000000001,-0.072162,0.00012199999999999971,0.0002920000000000006,-0.00025399999999999034
40001,-0.007741,-0.007657,-0.06643600000000001,0.00021299999999999965,9.49999999999996e-05,-0.00025899999999998147
39535,0.00156,-0.003887,-0.07391299999999999,0.0001820000000000001,0.0002009999999999998,-5.200000000001037e-05
41097,-0.01094,0.007743000000000001,-0.062193,-0.00011599999999999978,0.00024399999999999856,0.00017199999999999854
40277,0.006425,-0.006378,-0.07385,0.00015200000000000023,0.00023800000000000036,-0.00037900000000000433
40151,-0.01061,0.012246,-0.062669,4.200000000000037e-05,-5.699999999999976e-05,0.00017800000000000454
40434,-0.008697,0.007268,-0.075062,0.00016799999999999975,4.799999999999943e-05,-4.900000000000737e-05
41375,-5.4e-05,0.006018,-0.06561,6.7e-05,8.5e-05,1.6000000000002124e-05
39754,-0.008243,0.006875,-0.06865099999999999,7.700000000000068e-05,0.00022599999999999964,-3.1000000000017125e-05
41590,-0.015177,0.011177,-0.077586,9.999999999999593e-06,6.200000000000129e-05,8.299999999999974e-05
39283,0.013084,0.011099,-0.06745,0.00033399999999999923,-0.00013299999999999944,-2.3000000000009124e-05
41319,0.002963,-0.004606,-0.07194199999999999,0.00013200000000000017,0.00019399999999999973,-0.00015700000000001824
41411,-0.010611,0.000847,-0.059618000000000004,0.0002310000000000003,0.00015500000000000008,-0.0001769999999999966
41101,-0.005479,-0.010297,-0.062761,0.00019700000000000013,0.00010600000000000019,-0.00014899999999999636
41415,-0.001712,0.001214,-0.059431,0.00036899999999999997,0.00018999999999999985,-0.0002750000000000044
38862,0.0027029999999999997,-0.009032,-0.066814,0.00037500000000000033,1.9999999999999185e-05,-5.000000000000837e-05
20570,0.013074,-0.0049039999999999995,-0.066343,0.00016799999999999975,0.00027099999999999954,-1.5000000000001124e-05
36557,0.004552,0.006995,-0.06768300000000001,5.400000000000023e-05,3.399999999999931e-05,-0.00022199999999999998
39056,-0.012775,0.006041,-0.068911,5.300000000000096e-05,0.0003919999999999991,-0.00019500000000000073
39579,-0.002156,0.012183999999999999,-0.070931,-5.700000000000019e-05,0.00028600000000000153,-8.500000000001562e-05
41252,-0.008313000000000001,-0.002932,-0.073661,1.3000000000000858e-05,0.00023499999999999997,-0.00026199999999999835
40736,0.006356,-0.010101,-0.07209499999999999,0.00019000000000000093,3.199999999999904e-05,-0.0003040000000000126
41133,-0.010932,-0.0020440000000000002,-0.061704,0.00017400000000000228,0.00027300000000000024,-0.00016499999999999848
41144,-0.010067,0.005598,-0.06042,-1.1000000000000593e-05,0.0002360000000000001,2.1000000000000185e-05
41410,-0.000859,-0.009243,-0.063995,0.00025699999999999996,9.999999999992654e-07,-8.500000000000174e-05
40460,0.008516,-0.005338,-0.062140999999999995,0.00031400000000000004,9.400000000000033e-05,-0.00017500000000000848
41537,0.00031,0.010853999999999999,-0.058645,1.9999999999999998e-05,0.0001420000000000015,2.1000000000000185e-05
40216,-0.004201,-0.002718,-0.077819,9.399999999999947e-05,0.00013799999999999967,3.299999999999137e-05
41391,0.003781,-0.008001,-0.073066,0.00032600000000000033,0.00022099999999999898,-2.0999999999993246e-05
28625,0.004777,0.009428,-0.071197,6.299999999999969e-05,0.00020499999999999859,-4.099999999999937e-05
38868,0.017816,0.009518,-0.06929,0.00016299999999999995,0.00014299999999999903,-0.00012899999999999023
34496,1.7999999999999997e-05,0.01058,-0.068658,2.4999999999999998e-05,0.00014199999999999803,-5.100000000000937e-05
41138,-0.011347,0.011366,-0.069976,-4.000000000002266e-06,0.000451,0.00010999999999999899
41553,0.013871,-0.01288,-0.072389,0.00026799999999999914,-7.099999999999988e-05,-9.300000000000974e-05
41158,-0.009053,-0.006614,-0.058141,0.00010199999999999966,0.00025600000000000015,-0.0003999999999999976
39513,-0.00571,0.010458,-0.062232,3.099999999999978e-05,0.00032000000000000084,0.00011400000000000299
40363,-0.012912000000000002,0.012377,-0.069215,1.3000000000002593e-05,0.00041799999999999823,1.7999999999990246e-05
38002,0.007503,-0.010037,-0.06937099999999999,3.199999999999991e-05,3.600000000000131e-05,-0.00043500000000000483
40408,-0.007609,-0.000521,-0.06551699999999999,5.10000000000007e-05,0.000219,-0.0004330000000000167
39612,-0.003368,-0.00917,-0.062429000000000005,0.00022100000000000028,9.39999999999986e-05,-0.00014999999999999042
31743,0.006479,-0.0020670000000000003,-0.073977,0.0001719999999999994,0.00019300000000000025,-0.00020399999999999585
39200,0.015313,0.003981,-0.06856699999999999,0.00020599999999999959,8.000000000000021e-05,-0.0002480000000000121
41360,-0.003523,-0.0031520000000000003,-0.075772,0.00010900000000000016,0.00019200000000000033,1.8000000000004124e-05
30836,0.017529,0.009908,-0.07338,0.00017500000000000154,0.0002599999999999998,-0.00020199999999999385
41367,-0.000507,-0.007293,-0.074495,6.399999999999998e-05,0.00014099999999999963,-1.8000000000004124e-05
41063,-0.015908,0.000484,-0.07257899999999999,0.00018499999999999767,0.00037099999999999996,-0.00016200000000000936
40757,0.012429,0.010259,-0.06457500000000001,0.00016299999999999995,2.599999999999998e-05,-6.499999999999562e-05
35920,0.001637,-0.010236,-0.072287,0.000307,5.999999999999929e-05,-0.00015300000000000036
41417,-0.004781,-0.009885,-0.063803,0.00022699999999999977,0.00012999999999999817,4.900000000000737e-05
41421,-0.0017330000000000002,-0.00739,-0.06222,0.00023100000000000009,0.00017700000000000007,-0.00037199999999999733
41435,0.014815,0.010877000000000001,-0.069461,7.799999999999994e-05,-3.0000000000002247e-05,-0.00021300000000000485
41441,0.016132999999999998,0.003029,-0.078285,8.400000000000074e-05,0.0001550000000000002,0.00024099999999999122
41066,-0.003251,0.004986,-0.073482,0.0001380000000000001,0.00026400000000000035,-5.8000000000002494e-05
41183,0.0012909999999999998,-0.007831000000000001,-0.061301,0.00019200000000000033,3.200000000000078e-05,-0.0005249999999999977
41526,0.008304,-0.007335,-0.071782,3.399999999999931e-05,0.0001540000000000005,-0.00039000000000000146
41572,-0.014178000000000001,0.002196,-0.07572799999999999,-4.5999999999999167e-05,0.0001929999999999996,-0.00016100000000000836
40816,0.000739,0.010449,-0.062824,6.000000000000037e-06,0.0001749999999999998,0.00011900000000000799
41272,-0.008822,-0.009236000000000001,-0.066039,0.0003199999999999991,-6.999999999999715e-05,-0.00020699999999999885
39229,-0.011179,-0.005804,-0.066261,2.700000000000098e-05,5.799999999999989e-05,-0.00021499999999999297
27607,-0.008674,0.013071999999999999,-0.07091700000000001,8.6000000000001e-05,0.0001420000000000015,-2.899999999998737e-05
41160,0.000435,0.0069039999999999995,-0.077891,5.499999999999998e-05,0.00010299999999999979,-0.00032000000000000084
39843,-0.009264,-0.008896000000000001,-0.076732,6.600000000000009e-05,0.00017400000000000228,-3.500000000000725e-05
35621,0.013742,0.006253,-0.0711,0.00016299999999999822,2.7000000000000114e-05,6.20000000000065e-05
32643,0.013000999999999999,0.0016020000000000001,-0.064703,0.0001020000000000014,0.00028399999999999975,0.00027800000000000047
40444,-0.014957000000000002,0.002815,-0.076336,-0.00010199999999999793,0.00015200000000000023,-7.000000000000062e-05
37891,0.017088000000000002,-0.002236,-0.063369,0.00020199999999999732,0.00017500000000000024,1.8999999999991246e-05
41729,-0.0024140000000000003,-0.003362,-0.065286,0.00014100000000000007,0.00020600000000000002,-0.0006010000000000043
41450,-0.014145,-0.00047299999999999995,-0.066064,5.10000000000007e-05,0.00020499999999999994,-0.0004910000000000053
41075,-0.011174,-0.011987,-0.0668,5.400000000000023e-05,-0.00014500000000000103,-0.00021699999999999497
38375,0.01293,-0.004165,-0.068899,0.00016299999999999995,-0.00011499999999999965,-0.00010100000000000386
40457,-0.008029999999999999,-0.011196,-0.069275,0.00016399999999999922,1.9999999999999185e-05,-0.00016100000000000836
41134,-0.015516,-0.004312,-0.07011400000000001,0.0001250000000000001,0.00020300000000000006,-0.00026500000000000135
31968,0.0031360000000000003,0.00718,-0.069419,3.399999999999974e-05,0.00020100000000000066,-1.0000000000010001e-05
37779,-0.01349,0.009795,-0.0728,1.9999999999999185e-05,6.399999999999982e-05,-1.0999999999997123e-05
40131,8.8e-05,-0.008901,-0.070649,0.000133,6.799999999999862e-05,-0.00014599999999999336
40726,-0.007957,0.009914,-0.061124000000000005,-4.699999999999843e-05,0.00012200000000000058,1.6000000000009063e-05
31369,0.010044,-0.004085,-0.072242,4.1999999999998636e-05,0.00010800000000000046,-0.0003080000000000027
40609,0.011432000000000001,-0.001178,-0.068163,2.999999999999531e-06,0.00015300000000000014,1.2000000000012001e-05
41149,0.011743,-0.0032280000000000004,-0.063626,3.099999999999978e-05,0.00019300000000000046,-8.299999999999974e-05
40901,-0.000146,0.007248,-0.072925,1.0999999999999996e-05,0.00017099999999999928,-1.2999999999999123e-05
41247,-0.008265,0.007609,-0.062504,-6.700000000000109e-05,0.00017799999999999934,1.9000000000005124e-05
41548,0.011477000000000001,0.008097,-0.068653,0.00011499999999999878,1.8000000000000654e-05,-8.499999999998786e-05
38027,-0.016023,-0.007318,-0.074335,-3.600000000000131e-05,0.0001990000000000004,1.8000000000004124e-05
36602,-0.00037,0.005111,-0.07399599999999999,5.499999999999998e-05,8.100000000000034e-05,9.999999999982245e-06
41692,-0.004345,-0.001724,-0.059763,0.00013399999999999957,0.00023700000000000001,-0.0004170000000000007
35681,-0.00441,0.000189,-0.071387,0.0002889999999999993,0.00016099999999999998,-0.00030499999999998584
41689,0.005477,0.008191,-0.06631999999999999,8.000000000000194e-06,0.00023399999999999983,-0.0002450000000000091
39608,0.012718,0.00574,-0.066528,0.00017200000000000028,0.00019999999999999966,-0.00015300000000000036
39848,0.016457999999999997,0.007779,-0.06898,0.0002700000000000029,0.00015499999999999976,-9.099999999999386e-05
36830,0.004803,0.010368,-0.076406,-4.30000000000005e-05,0.00014899999999999983,-0.00032000000000000084
41475,0.004333999999999999,-0.009890000000000001,-0.061866,0.0002900000000000003,4.000000000002266e-06,-0.0001300000000000051
40876,-0.00782,0.001978,-0.060648,0.00014200000000000063,0.0001519999999999998,-0.00020599999999999785
41683,0.002975,-0.003946,-0.075288,9.39999999999999e-05,0.0002279999999999999,-5.3999999999998494e-05
38378,-0.004509,-0.010091,-0.06757200000000001,0.00017700000000000007,0.00015800000000000015,-2.9999999999891225e-06
39953,-0.000867,0.01116,-0.059494,6.999999999999997e-05,0.00015800000000000015,3.799999999999637e-05
41332,-0.00495,-0.0077800000000000005,-0.064065,0.00020000000000000052,0.00012199999999999971,-8.800000000000474e-05
40817,-0.013319000000000001,-0.009854,-0.070076,0.00012000000000000031,-2.0000000000002655e-06,-0.00011899999999999411
41119,0.011569000000000001,0.012393000000000001,-0.063085,0.00028099999999999827,8.3999999999999e-05,-5.099999999999549e-05
40442,0.006882,0.003375,-0.067978,0.00014599999999999943,0.00023000000000000017,-0.00016099999999999448
41027,-0.003792,-0.001967,-0.061869,0.00016599999999999991,0.00026999999999999984,-0.0003160000000000038
41650,0.006672,0.004332,-0.060985,0.00010399999999999993,0.00023000000000000017,1.2999999999999123e-05
38294,-0.014485,0.0057729999999999995,-0.070091,-4.300000000000137e-05,0.0002520000000000005,-4.099999999999937e-05
41640,0.012978,-0.008563000000000001,-0.066718,0.00016200000000000069,0.0001570000000000009,-0.00014999999999999736
40880,-0.000518,0.0023439999999999997,-0.077265,6.000000000000037e-06,0.0001250000000000001,-6.799999999999862e-05
41778,0.001734,-0.000867,-0.07678700000000001,-8.999999999999894e-06,0.0001290000000000001,-0.00018899999999999473
41752,0.003757,-0.00737,-0.075729,0.00017,7.799999999999994e-05,-0.00011199999999998711
40741,0.009111000000000001,0.0020440000000000002,-0.06795699999999999,0.00011899999999999931,0.0003719999999999995,-4.300000000001525e-05
40593,0.008859,0.008482,-0.062979,4.799999999999943e-05,0.00021200000000000038,-4.900000000000737e-05
41487,0.0070480000000000004,-0.013169,-0.063281,0.00021600000000000005,2.2999999999998716e-05,-0.00010799999999999699
40611,-0.014957000000000002,9.800000000000001e-05,-0.076813,4.800000000000117e-05,8.4e-05,-3.0000000000030003e-06
41506,0.0065179999999999995,-0.002042,-0.060418999999999994,0.0002230000000000001,8.5e-05,-1.4000000000007062e-05
41661,-0.005394,0.011914,-0.07484600000000001,-4.999999999999796e-06,0.000197000000000001,-2.799999999998637e-05
41828,0.003946,0.010964999999999999,-0.060314,-6.699999999999979e-05,0.00024799999999999996,8.100000000000468e-05
41543,-0.015215999999999999,0.000829,-0.06915900000000001,4.5999999999999167e-05,0.00035000000000000016,-0.0001579999999999776
39071,-0.011033,0.008702,-0.062897,-0.0002020000000000008,0.000308000000000001,-5.000000000000837e-05
37678,-0.008128999999999999,0.007872,-0.074926,0.00012099999999999958,0.0001250000000000001,-6.799999999999862e-05
41825,-0.009349999999999999,-0.0006879999999999999,-0.07625499999999999,-3.0000000000002247e-05,0.0003489999999999999,-0.00019600000000000173
24806,-0.003428,0.005212,-0.072213,0.00014599999999999986,0.0002230000000000001,-7.200000000000262e-05
41396,0.0033959999999999997,-0.003552,-0.068756,0.0001780000000000002,3.600000000000001e-05,-7.100000000000162e-05
39219,-0.005706,0.009309,-0.062851,-1.7999999999999787e-05,0.00026000000000000155,0.00010700000000000986
41638,-0.011918,-0.0050880000000000005,-0.074705,3.500000000000031e-05,0.00018200000000000074,-0.00014500000000000624
41643,0.015227000000000001,0.012631999999999999,-0.070894,8.599999999999927e-05,-0.0002249999999999995,-0.00020299999999999485
38360,0.0016699999999999998,-0.010856999999999999,-0.065586,0.00026900000000000014,2.999999999999531e-06,-1.3999999999986246e-05
34733,-0.004412,0.012976000000000001,-0.062605,-9.000000000000327e-06,0.0002609999999999991,0.00025899999999999535
39529,0.00094,0.012515,-0.071298,-9.000000000000002e-05,0.00016299999999999995,-1.1999999999998123e-05
41493,0.007426,-0.006126,-0.064944,0.0002230000000000001,0.00010700000000000032,-0.00025799999999999434
41349,0.009555999999999999,0.008656,-0.061936,3.700000000000231e-05,0.00022199999999999998,-8.299999999999974e-05
36343,-0.008822,0.010147,-0.07506399999999999,3.300000000000004e-05,0.0001860000000000004,0.00013599999999999723
41849,0.005301,-0.001259,-0.052229,0.00015899999999999942,7.399999999999985e-05,-2.9000000000008186e-05
41871,0.004972000000000001,0.001965,-0.056164,0.00017299999999999868,7.000000000000018e-05,2.9999999999995308e-05
41903,0.00061,-0.006364,-0.063321,0.000246,0.00016799999999999975,-0.00038299999999999446
41094,-0.014676999999999999,-0.011946,-0.06921200000000001,9.999999999992654e-07,0.00012699999999999864,-0.00022099999999999898
39210,-0.000367,-0.00282,-0.066024,0.00020999999999999998,0.00023499999999999997,-0.0004680000000000101
41006,-0.009885999999999999,-0.003716,-0.067027,0.00020599999999999959,0.0003259999999999999,-0.00036499999999999033
36785,0.001564,-0.010186,-0.06616899999999999,0.00027800000000000004,-9.000000000000327e-06,-3.500000000000725e-05
40526,-0.003428,-0.0040030000000000005,-0.063593,0.00020199999999999992,0.0001730000000000004,-0.00045100000000000695
33562,-0.00026000000000000003,0.004551,-0.066856,2.600000000000001e-05,0.00016599999999999948,-0.00010899999999999799
41124,-0.008202,0.002884,-0.064604,-2.6999999999999247e-05,0.00012300000000000028,-0.00015600000000001724
36008,0.004218,0.002576,-0.071601,0.00014299999999999903,0.0002519999999999996,-0.00015999999999999348
41446,-0.016173,-0.010655,-0.073033,6.799999999999862e-05,0.00021799999999999944,-0.00010999999999999899
41348,-0.010815,-0.00033600000000000004,-0.063249,0.00013200000000000017,0.00024100000000000003,-0.0003520000000000051
32995,-0.009177,0.005175,-0.07366400000000001,-1.3000000000000858e-05,0.00023700000000000023,-1.6000000000002124e-05
39713,0.008244999999999999,0.003559,-0.07004300000000001,8.7000000000002e-05,0.0003009999999999996,-0.0002859999999999807
41139,0.005542,0.007672,-0.069147,0.00010700000000000032,0.00022299999999999924,-0.00012099999999999611
41674,-0.001148,-0.011063,-0.064929,0.00019700000000000002,0.00019300000000000046,0.00011099999999999999
41744,0.004574,0.004023,-0.060634,0.00020600000000000045,0.00014099999999999963,6.300000000000056e-05
39522,-0.002042,0.007692999999999999,-0.062399,-2.5000000000000282e-05,0.0002539999999999999,2.9000000000008186e-05
41051,-0.010939,-0.009103,-0.0755,2.9000000000001247e-05,9.200000000000007e-05,-0.00020399999999999585
40201,0.005051,0.002216,-0.07546800000000001,0.0001330000000000003,0.0002009999999999998,-0.00011300000000000199
39221,0.01385,-0.004059999999999999,-0.066661,0.00021100000000000112,5.5999999999999626e-05,4.900000000000737e-05
34527,0.006019999999999999,-0.01168,-0.069476,5.400000000000023e-05,7.000000000000062e-06,-0.00016599999999999948
41400,-0.007222,-0.008773999999999999,-0.063725,0.00018400000000000014,0.00016499999999999848,-0.00021499999999999297
41630,0.013927,0.008993000000000001,-0.07339,0.00019800000000000026,-8.99999999999998e-05,-0.0002400000000000041
41625,0.011238,0.007853,-0.063065,6.300000000000056e-05,0.00017699999999999834,0.0002269999999999911
41111,0.002428,0.01185,-0.061702,-6.800000000000035e-05,0.00020899999999999912,0.00010999999999999899
41017,-0.0062510000000000005,0.004893,-0.060725,-6.999999999999194e-06,0.0001460000000000003,-4.399999999999543e-05
36253,-0.006998,-0.011982,-0.06913,0.00016400000000000008,6.899999999999962e-05,-0.00014899999999999636
16139,0.001509,0.011973000000000001,-0.066488,2.3000000000000017e-05,0.00012799999999999964,0.0001340000000000091
39968,0.012548,-0.002191,-0.063027,0.00010199999999999966,0.0002019999999999995,-9.399999999999686e-05
41342,-0.004557,-0.010291,-0.07132599999999999,0.00016299999999999995,8.299999999999974e-05,-0.00024000000000001798
41432,-0.014701,-0.007418999999999999,-0.07522799999999999,0.00010700000000000119,0.00011099999999999912,-1.3000000000013001e-05
41334,-0.0055049999999999995,-0.00261,-0.068568,0.0001739999999999988,0.0001709999999999997,-0.0003389999999999921
41036,0.012092,0.010489,-0.062173,4.0000000000000105e-05,0.00019300000000000046,7.000000000000062e-06
38058,0.005872,0.006822,-0.07434099999999999,9.900000000000013e-05,0.00020000000000000052,-0.00010699999999999599
41384,0.001825,0.003458,-0.077501,-1.4000000000000123e-05,0.0002049999999999999,-3.900000000001125e-05
41346,-0.002978,-0.005475,-0.06585200000000001,0.00015200000000000023,2.6999999999999247e-05,-0.0002209999999999851
41589,0.016481000000000003,-0.002869,-0.064653,0.00013699999999999476,0.0002049999999999999,-1.4000000000000123e-05
38331,0.013633,-0.0071319999999999995,-0.065759,9.900000000000013e-05,0.00016099999999999969,-7.100000000000162e-05
41178,0.001099,0.004611,-0.07459,-2.0000000000000486e-06,0.00024600000000000056,-0.00037699999999998846
34940,-0.009538999999999999,0.0006810000000000001,-0.07370099999999999,7.399999999999941e-05,0.000223,-8.800000000001862e-05
41891,0.005307,-0.001888,-0.070735,0.00021700000000000018,9.500000000000003e-05,-0.0003599999999999992
41356,0.010007,0.007437,-0.071034,0.0001399999999999995,0.0001299999999999999,-0.00010700000000000986
41697,0.0078049999999999994,0.001101,-0.074438,0.00016000000000000042,0.00030900000000000003,-0.0002969999999999917
35901,0.008627000000000001,0.000379,-0.072865,0.00018199999999999814,0.00024300000000000005,-0.00037500000000000033
36482,0.012253,-0.000614,-0.06806699999999999,-2.0000000000002655e-06,0.00018799999999999996,3.199999999999037e-05
30409,0.012456,-0.005136,-0.0712,0.0001460000000000003,-9.8e-05,-0.00013599999999999723
39926,-0.000178,0.004472,-0.06546500000000001,1.5999999999999982e-05,0.00020799999999999985,-6.499999999999562e-05
41746,0.005337,0.005732,-0.058173,8.99999999999998e-05,0.00014899999999999983,-7.999999999999674e-05
40153,-0.013104,-0.009245,-0.067118,-2.3000000000002185e-05,6.399999999999982e-05,-0.00021799999999999597
40137,-0.009391,-0.0060030000000000005,-0.067983,0.0002710000000000004,0.00025900000000000055,-4.099999999999937e-05
41011,-0.009982,-0.0044800000000000005,-0.066791,0.0001899999999999992,0.00026400000000000035,-0.00015099999999998448
33852,0.010179,-0.001101,-0.07288800000000001,0.00010800000000000046,0.00016799999999999996,-0.0002279999999999921
35929,0.018263,-0.005384000000000001,-0.06973,0.0001449999999999993,4.0000000000000105e-05,-2.4000000000010124e-05
39197,0.007274,-0.010346,-0.07495099999999999,0.0002169999999999993,7.699999999999894e-05,-0.0003640000000000032
41583,-0.00057,-0.010108,-0.076067,0.000149,2.300000000000045e-05,-1.1000000000011001e-05
38861,0.003055,0.0018360000000000002,-0.074446,8.799999999999997e-05,0.00016699999999999983,-0.00017400000000000748
39008,-0.013696,0.013138,-0.065236,-5.400000000000023e-05,4.2999999999999636e-05,0.00019700000000000273
41663,0.00639,-0.010228,-0.066357,0.0003130000000000008,8.499999999999827e-05,-2.5999999999998247e-05
41710,0.014070000000000001,-0.002265,-0.074615,0.00016699999999999875,0.00013000000000000034,-7.999999999999674e-05
41646,0.001557,0.008060000000000001,-0.056028,-2.099999999999997e-05,0.00020599999999999959,-0.0003060000000000007
37603,0.002953,0.012275000000000001,-0.07188599999999999,-8.099999999999991e-05,0.0002299999999999993,-3.5000000000021125e-05
39660,0.012686,-0.0010969999999999999,-0.06411,0.00014199999999999977,0.00026999999999999995,-4.999999999999449e-05
41002,-0.004313,-0.003695,-0.07010599999999999,3.9999999999996635e-06,3.199999999999991e-05,-0.0003590000000000121
39837,0.0052179999999999995,0.009766,-0.06479800000000001,7.300000000000102e-05,0.00016099999999999969,3.1000000000017125e-05
40245,0.001769,0.000301,-0.068236,0.00013600000000000005,9.200000000000001e-05,-0.0003599999999999992
40475,-0.003412,0.007607999999999999,-0.068244,5.600000000000006e-05,0.00022800000000000164,6.30000000000075e-05
32309,0.00674,-0.007626,-0.068524,0.0002029999999999992,0.00014800000000000056,-0.0001810000000000006
39829,-0.003395,-0.003521,-0.073712,-2.9999999999999645e-06,0.00018299999999999957,-3.499999999999337e-05
41401,0.0076230000000000004,-0.000188,-0.060603000000000004,6.799999999999948e-05,0.000148,-3.699999999999537e-05
40744,0.00698,0.00298,-0.061453,0.00016799999999999975,0.00023099999999999987,3.100000000000325e-05
40886,0.00321,-0.002511,-0.071048,0.0002499999999999998,0.00022800000000000034,3.0000000000030003e-06
41380,-0.0025459999999999997,0.012352,-0.06819,-1.000000000000046e-05,0.0001760000000000008,0.00014099999999998836
41070,-0.012815,-0.006086,-0.06681699999999999,1.1999999999999858e-05,4.700000000000017e-05,-0.00035700000000002396
41025,-0.012936999999999999,0.001324,-0.068783,4.1999999999998636e-05,0.0005049999999999998,-0.00043800000000000783
33245,0.010271,0.002319,-0.072537,0.00016299999999999822,4.40000000000002e-05,-0.00018799999999999373
41870,0.004516,-0.010863,-0.07059900000000001,0.00017100000000000014,9.999999999992654e-07,-5.7000000000001494e-05
40870,0.004386,-0.003133,-0.067935,0.00021299999999999965,0.000271,-0.0002869999999999956
36181,-0.0016040000000000002,0.012116,-0.06518600000000001,-1.899999999999992e-05,0.0002199999999999997,0.00011700000000000599
40789,0.00884,-0.011589,-0.06314,0.0001910000000000002,4.0000000000000105e-05,-0.0003019999999999967
41324,-0.0014019999999999998,-0.001125,-0.06901900000000001,5.299999999999988e-05,0.00020199999999999992,-0.00018099999999998673
40708,-0.0068579999999999995,-0.007966,-0.068132,2.199999999999945e-05,0.00015600000000000162,-0.00010700000000000986
41731,-0.006887,-0.012901,-0.06773900000000001,0.0002390000000000005,5.999999999999062e-06,-0.00010299999999999199
41708,-0.008064,0.006543,-0.062214,-4.2999999999999636e-05,0.00013399999999999957,-1.000000000007939e-06
41636,-0.006657,0.0067670000000000004,-0.060686,-0.00010500000000000006,0.00011999999999999945,-3.0000000000030003e-06
39251,0.004488000000000001,0.007621,-0.077109,0.00012299999999999898,0.00016599999999999948,-0.00013799999999999923
40420,-0.015597,0.009212999999999999,-0.072892,-3.399999999999931e-05,-7.299999999999841e-05,-0.0002360000000000001
41394,-0.013037,-0.0032589999999999997,-0.071882,0.00022500000000000124,4.99999999999997e-05,3.999999999999837e-05
41631,0.008661,-0.0044989999999999995,-0.07557599999999999,0.0001349999999999997,0.00011899999999999931,-0.000123000000000012
41588,-0.003945,0.007889,-0.067655,0.0,0.00018400000000000014,-3.399999999999237e-05
38319,0.015549,0.009065,-0.073485,0.00011699999999999905,9.49999999999996e-05,-0.0002470000000000111
41365,0.0126,0.007973,-0.070098,0.00011800000000000005,-0.00019899999999999952,-0.00032500000000000584
35693,0.011269,-0.002947,-0.06934399999999999,0.00011800000000000178,0.00011799999999999962,-0.00020000000000000573
41813,-0.016252,0.0014299999999999998,-0.071646,5.7999999999999025e-05,0.0002810000000000002,-0.00019399999999999973
38297,-0.006454,-0.0034460000000000003,-0.075245,0.0001749999999999998,0.00026000000000000025,-4.500000000000337e-05
25418,0.001719,0.012862,-0.064441,3.6999999999999924e-05,0.00016399999999999922,0.00021300000000000485
40534,-0.001297,0.001324,-0.07214100000000001,9.999999999999983e-05,0.0003749999999999999,7.200000000000262e-05
40955,0.0040490000000000005,-0.002942,-0.071289,0.0001999999999999988,0.0003259999999999999,-0.00013799999999999923
40181,-0.012717000000000001,0.010086,-0.068559,-8.000000000000021e-05,0.0003630000000000005,0.0001789999999999986
40461,-0.003956,-0.008071,-0.06892100000000001,7.000000000000062e-06,-7.599999999999968e-05,-0.00011300000000000199
41143,0.013541000000000001,-0.011503,-0.07099,0.00020500000000000032,8.200000000000048e-05,0.00010799999999999699
41455,0.011226000000000002,0.005381,-0.07299,0.00018599999999999867,9.30000000000002e-05,-0.00027800000000000047
41323,-0.012259,-0.002805,-0.07062,0.00021700000000000018,0.00014000000000000037,-1.5000000000001124e-05
41633,0.005704,-0.0073869999999999995,-0.068507,0.00033199999999999983,7.699999999999981e-05,-0.00026700000000000335
39206,0.0043760000000000005,-0.008913,-0.065334,0.00012599999999999938,5.600000000000223e-05,-0.00013299999999999423
41832,0.008777,-0.0035600000000000002,-0.06259,5.800000000000076e-05,0.0001240000000000004,-0.00014399999999999136
36498,0.015009999999999999,0.010315,-0.06862900000000001,0.00016800000000000148,4.900000000000043e-05,-3.999999999998449e-05
41658,-0.00443,-0.005641,-0.067403,0.0002429999999999993,4.30000000000005e-05,-0.0003660000000000052
39951,-0.010489,0.000191,-0.075257,8.5e-05,0.00028699999999999993,-5.9000000000003494e-05
41696,0.016165,0.000855,-0.068191,-5.6999999999998024e-05,4.0000000000000105e-05,-9.000000000000674e-05
38414,-0.012863,-0.002397,-0.07411,3.8999999999999105e-05,0.00027899999999999973,-7.00000000000145e-05
41007,-0.001751,-0.010409,-0.060195,0.00024200000000000003,-0.0001010000000000004,-0.0003270000000000009
41341,-0.010141,-0.00321,-0.076652,-5.400000000000023e-05,0.0003460000000000004,-2.2000000000008124e-05
41427,0.013921,0.000536,-0.06419499999999999,8.99999999999998e-05,0.000268,-1.4000000000014001e-05
40231,-0.014213,-0.012403,-0.068664,6.500000000000082e-05,7.900000000000094e-05,-1.000000000001e-06
39625,0.013263,-0.0047279999999999996,-0.073688,0.00027699999999999947,0.00012899999999999977,7.00000000000145e-05
41186,-0.012083,0.002649,-0.065388,-2.8000000000000247e-05,0.00015700000000000002,-0.0002449999999999952
41376,0.01604,0.012527,-0.06704900000000001,6.900000000000309e-05,0.00014400000000000003,-6.299999999997974e-05
37698,0.008981999999999999,0.009055,-0.06436,1.1000000000002327e-05,0.00012700000000000038,-5.8000000000002494e-05
39545,0.008882,-0.012240000000000001,-0.07177700000000001,0.00015500000000000236,2.5000000000000716e-05,-0.00027199999999999447
41523,-0.003149,0.000521,-0.070839,0.0002040000000000002,0.000201,-8.299999999999974e-05
40762,-0.008783,0.010345,-0.06547499999999999,-1.700000000000139e-05,0.00036699999999999927,6.799999999999862e-05
40495,-0.005365999999999999,0.005849,-0.0705,0.000168999999999999,0.0002260000000000005,-9.900000000001574e-05
41037,0.008695999999999999,0.011531000000000001,-0.065506,-6.499999999999909e-05,5.599999999999876e-05,-2.7000000000013125e-05
41372,0.008016,0.005171,-0.062373,8.79999999999978e-05,0.00022099999999999984,-7.200000000000262e-05
34035,0.010235,-0.007777,-0.07066700000000001,6.100000000000029e-05,2.3999999999999716e-05,-9.299999999999586e-05
38691,-0.003271,0.000722,-0.068245,2.599999999999998e-05,0.000187,-0.00017200000000000548
41463,-0.011064000000000001,-0.011381,-0.069483,0.0002270000000000015,3.300000000000004e-05,-1.4000000000000123e-05
26013,-0.009768,0.002785,-0.07380800000000001,-9.999999999999593e-06,0.00014999999999999996,-0.00022999999999998022
41550,-0.012372,0.011281000000000001,-0.061719,6.600000000000009e-05,0.00010799999999999872,4.300000000000137e-05
41760,-0.006762,-0.005068,-0.068179,0.0002919999999999997,-9.000000000000327e-06,-8.299999999999974e-05
38054,-0.012426999999999999,0.008239000000000002,-0.070573,-0.00012100000000000131,0.0003409999999999993,7.199999999998874e-05
37683,-0.006911,0.004118999999999999,-0.069481,4.399999999999977e-05,0.0003480000000000002,-0.00020399999999999585
41082,0.001719,-0.005322,-0.065197,0.0002949999999999997,0.0001299999999999999,-0.0006009999999999904
38280,0.007782,0.007271,-0.066956,7.100000000000075e-05,0.00022400000000000024,-6.60000000000105e-05
40125,-0.007333,-0.007535,-0.068926,-2.799999999999938e-05,9.400000000000033e-05,-0.00016499999999999848
41338,0.007745,0.007227,-0.073599,0.0001449999999999993,0.00016799999999999975,-0.0001330000000000081
38571,0.006162,-0.005745,-0.073753,0.00011900000000000018,0.00018599999999999953,-0.00033299999999999996
41357,0.014156,-0.0013859999999999999,-0.063267,0.00012099999999999958,0.000317,9.900000000000186e-05
41784,0.011933999999999998,0.003563,-0.061647,0.0001020000000000014,0.00027899999999999973,-4.700000000000537e-05
41385,-0.012405,-0.008003999999999999,-0.066873,8.700000000000027e-05,8.3999999999999e-05,-0.0003429999999999961
41038,0.013947,0.007477999999999999,-0.067105,0.000197000000000001,3.4000000000000176e-05,-0.00011600000000000499
41022,-0.006652,0.00147,-0.064646,-9.900000000000013e-05,9.500000000000003e-05,-0.00010500000000000786
37500,0.017199000000000002,-0.004154,-0.06718600000000001,0.0001879999999999972,6.999999999999975e-05,1.1999999999998123e-05
37741,0.004785,0.0014910000000000001,-0.065366,0.00011899999999999931,-1.5000000000000256e-05,-0.00021899999999999697
41188,-0.0033929999999999997,-0.011257,-0.06536199999999999,8.299999999999974e-05,-4.49999999999999e-05,-0.0001370000000000121
35939,0.006163,0.0036269999999999996,-0.073086,0.00012899999999999977,0.00018700000000000053,-0.0002520000000000022
41248,0.008332,-0.012978,-0.061347,-5.000000000001531e-06,-4.200000000000037e-05,-0.0002489999999999992
41606,-0.014681,0.011203,-0.07232599999999999,7.999999999999327e-06,2.0000000000002655e-06,1.9999999999992246e-05
34231,0.008028,-0.001998,-0.071889,0.00013699999999999823,0.00018900000000000037,-0.00026199999999999835
25194,-0.000632,0.012115,-0.068336,5.400000000000001e-05,0.0002149999999999999,3.199999999999037e-05
41680,0.003443,-0.004094,-0.06840900000000001,0.00016400000000000052,0.00017400000000000054,-0.00018199999999998773
31974,0.010088,0.007927,-0.069277,0.0001749999999999998,7.199999999999915e-05,-5.2999999999997494e-05
39928,-0.008252,0.002846,-0.067194,-2.999999999999531e-06,0.00033500000000000023,-0.00011199999999998711
39456,-0.007539,-0.005426,-0.067255,0.00024200000000000003,0.00020800000000000072,-7.100000000000162e-05
41353,0.01435,0.006511,-0.069247,0.00025699999999999855,4.8999999999999565e-05,-0.00013899999999998636
39474,-0.0015680000000000002,-0.011803000000000001,-0.069007,0.00016300000000000017,0.00012900000000000064,-6.699999999999762e-05
41651,0.013882,0.011051,-0.06461,0.00021199999999999865,0.00012200000000000058,1.1999999999998123e-05
40785,0.00262,-0.006777,-0.068327,0.0002540000000000003,8.600000000000014e-05,-0.00031499999999999584
34250,-0.003576,0.008782,-0.061626,-5.799999999999989e-05,0.0002609999999999991,8.200000000000568e-05
40464,-0.011097,0.013004,-0.06307399999999999,6.199999999999956e-05,4.60000000000009e-05,0.00021999999999999797
41313,0.006392999999999999,0.009144,-0.064942,4.80000000000003e-05,7.500000000000041e-05,-3.599999999999437e-05
36320,0.002472,0.006931,-0.061127,4.80000000000003e-05,0.00015300000000000036,5.9000000000003494e-05
37391,0.001538,-0.011049,-0.06884799999999999,0.00010599999999999976,3.5999999999999574e-05,-0.00011900000000000799
41558,-0.013775,-0.000516,-0.072092,0.00010400000000000166,0.00019999999999999998,-0.00012399999999998523
40481,-0.007557,0.006851,-0.063874,-6.299999999999969e-05,0.00022400000000000024,-5.2999999999997494e-05
38852,0.006416000000000001,0.010234,-0.070169,-6.0000000000001025e-05,6.699999999999935e-05,1.8999999999991246e-05
40998,-0.008048,-0.005208999999999999,-0.070902,-3.0000000000000512e-05,7.499999999999868e-05,-0.00013299999999999423
41707,0.007488000000000001,0.009289,-0.065275,3.2999999999999176e-05,0.00012700000000000038,0.0001290000000000041
38870,-0.003973,0.006811,-0.062229999999999994,-6.299999999999969e-05,0.00024499999999999956,-4.000000000001225e-05
41426,0.010632999999999998,-0.006397,-0.072718,0.00011700000000000078,-5.6000000000000494e-05,-0.0002500000000000002
40386,-0.0060149999999999995,0.004777999999999999,-0.06420000000000001,1.599999999999952e-05,0.00013400000000000044,-5.7000000000001494e-05
40257,0.012332000000000001,-0.008647,-0.069843,3.500000000000031e-05,0.00010500000000000093,-0.00020799999999999985
40574,-0.012621,-0.004561,-0.07436,0.00011599999999999978,0.0001380000000000001,-0.00014600000000000724
39854,-0.011720000000000001,0.004213,-0.071267,0.00016600000000000122,0.00016500000000000022,-0.00018399999999998973
41841,-0.013797,-0.005913,-0.06864400000000001,4.0000000000000105e-05,2.599999999999998e-05,-0.00037199999999999733
40539,-0.00030199999999999997,-0.005409,-0.064021,0.00026099999999999995,0.0002360000000000001,-0.00037099999999999633
35938,0.00604,0.002505,-0.073322,8.5e-05,0.00016700000000000048,-0.00017900000000001248
31131,0.009779,0.0061459999999999996,-0.070145,0.00011800000000000005,0.00012399999999999998,-9.900000000000186e-05
41049,-0.012766,-0.00618,-0.072676,0.0002659999999999989,-1.4000000000000123e-05,-0.00020999999999998797
41452,-0.005934,-0.012413,-0.067579,0.00016199999999999982,0.00014900000000000156,-0.00010100000000000386
37360,0.006216,0.0031869999999999997,-0.062513,0.0002490000000000001,0.00020600000000000002,-1.6000000000002124e-05
39877,0.000757,0.008922000000000001,-0.061988999999999995,-8.099999999999991e-05,0.00015699999999999915,-0.00017400000000000054
40737,0.005856,0.0009360000000000001,-0.07162600000000001,0.00013100000000000004,0.000187,-0.00021399999999999197
36510,-0.012596999999999999,0.008147999999999999,-0.073582,-3.100000000000151e-05,0.00011100000000000172,-5.600000000001437e-05
41754,0.014155,-0.012754,-0.062717,3.0000000000000512e-05,0.00017799999999999934,-0.00011600000000000499
40087,0.002229,0.007928,-0.076776,5.899999999999959e-05,0.00017300000000000128,-3.799999999999637e-05
41336,-0.006065,0.006749,-0.070444,0.00018000000000000047,0.0002570000000000003,-1.3999999999986246e-05
37157,-0.009571999999999999,-0.007918,-0.069257,8.099999999999948e-05,0.0001269999999999995,-0.00015600000000000336
39546,-0.001409,-0.0012050000000000001,-0.072782,0.00018300000000000022,0.0003160000000000001,-0.00015600000000000336
41775,-0.0045839999999999995,-0.008167,-0.07621299999999999,0.00010600000000000019,0.00020300000000000006,-8.800000000001862e-05
40711,-0.005878,0.0061920000000000005,-0.065704,8.400000000000074e-05,0.00035299999999999915,6.0000000000060005e-06
37364,-0.0026469999999999996,0.004771,-0.063485,-2.5000000000000716e-05,0.00013299999999999944,-0.00010999999999999899
37980,0.000651,0.007534,-0.0637,-2.1999999999999993e-05,0.00014500000000000016,-4.799999999999249e-05
41762,-0.005413,-0.004364,-0.06815,0.00017,9.19999999999992e-05,-0.0002989999999999937
36005,0.007812,-0.010124000000000001,-0.07037399999999999,0.00012499999999999924,7.000000000000062e-05,-0.00026199999999999835
40585,0.008837,-0.001091,-0.07167100000000001,9.300000000000107e-05,0.00017699999999999997,-0.0005149999999999877
40760,0.000384,-0.012039999999999999,-0.075012,0.00023399999999999994,0.0001899999999999992,0.0001689999999999886
32320,0.010019,0.0065190000000000005,-0.06710200000000001,6.199999999999956e-05,9.400000000000033e-05,-0.00011499999999999011
41107,0.007634999999999999,0.001797,-0.062129,0.0001730000000000004,0.00015099999999999988,-8.100000000000468e-05
41715,-0.002877,-0.013058,-0.06495699999999999,6.499999999999995e-05,3.400000000000104e-05,-7.900000000000962e-05
39207,-0.002276,-0.011626,-0.072681,0.00014899999999999983,9.39999999999986e-05,-1.8000000000004124e-05
41741,-0.010116,-0.002821,-0.066327,0.00016199999999999895,0.000245,-0.0003510000000000041
38346,0.001512,0.005902,-0.076964,2.1999999999999884e-05,0.00017100000000000014,-4.499999999998949e-05
40709,0.007016,-0.007788000000000001,-0.070934,0.00016099999999999969,0.00010500000000000093,-0.0003949999999999926
38324,-0.001745,0.008934,-0.064231,-0.00011900000000000018,0.00023500000000000083,5.3999999999984616e-05
41542,0.016555,0.0061719999999999995,-0.072382,0.00012099999999999958,9.900000000000013e-05,-8.999999999999286e-05
22096,-0.010377,0.010601000000000001,-0.07052800000000001,5.300000000000096e-05,0.0002589999999999988,4.800000000000637e-05
41763,0.012648999999999999,-0.005153,-0.06931999999999999,5.20000000000017e-05,-1.5000000000000256e-05,-0.00014800000000000924
41819,-0.014108,0.007072,-0.06625700000000001,0.0001470000000000013,0.00011399999999999952,4.500000000000337e-05
38683,-0.009031,-0.006709,-0.07053,3.600000000000131e-05,7.499999999999955e-05,-0.00011800000000000699
41067,0.010704,0.011817,-0.071508,6.299999999999882e-05,-0.0002189999999999987,-7.099999999998774e-05
40449,-0.001613,0.012912000000000002,-0.07011400000000001,2.099999999999997e-05,0.00017699999999999834,-2.6999999999999247e-05
36255,-0.00862,-0.004359,-0.06840099999999999,0.00023399999999999983,0.0001250000000000001,-0.00011800000000002087
36245,-0.011425000000000001,0.0076619999999999995,-0.075529,9.000000000000327e-06,0.0001230000000000007,-0.00010200000000000486
41109,-0.000753,-0.000816,-0.068107,6.899999999999994e-05,0.0002819999999999999,-0.00031599999999999684
36250,0.009698,0.010306,-0.07331,5.4999999999999494e-05,-0.00011899999999999931,-0.0002889999999999976
40162,0.007967,-0.00117,-0.069836,0.0002310000000000003,0.00010399999999999993,-0.00022600000000000398
29657,0.001736,0.007059,-0.06983400000000001,-4.199999999999994e-05,0.0001910000000000002,3.300000000000525e-05
41358,0.008263,0.000486,-0.068341,0.0003010000000000009,0.000228,-0.00012100000000000999
32657,-0.003045,0.009156000000000001,-0.068804,-1.1000000000000159e-05,0.00021299999999999965,0.00010000000000001674
41405,-0.009846,-0.008922000000000001,-0.067059,0.00014199999999999977,7.500000000000215e-05,-0.00034700000000001396
41490,-0.015553,-0.006133,-0.074707,5.300000000000096e-05,2.700000000000098e-05,-6.20000000000065e-05
41148,0.013585000000000002,0.007974,-0.064829,0.00013199999999999844,0.00022400000000000024,-0.0001290000000000041
41623,0.010545,-0.001312,-0.064292,0.0001460000000000003,0.00020399999999999997,-8.499999999998786e-05
39195,0.001598,0.010915,-0.065592,-1.500000000000004e-05,0.0001870000000000014,0.00019399999999999973
40376,-0.001095,-0.011492,-0.06806,0.00015500000000000008,0.00011300000000000025,-9.600000000001274e-05
41041,-0.012132,0.00383,-0.077705,0.00011399999999999952,0.00025600000000000015,-3.0000000000002247e-05
35897,0.017505,-0.00373,-0.070272,0.00015099999999999836,7.900000000000008e-05,-9.599999999999886e-05
38440,0.007296,-0.004354,-0.064348,0.000183,0.00019200000000000033,-0.00018699999999999273
40999,-0.00215,-0.010166,-0.065526,6.900000000000005e-05,9.599999999999886e-05,-3.100000000000325e-05
41564,0.004958000000000001,0.01209,-0.067891,-0.00010000000000000113,0.00013799999999999923,7.600000000000662e-05
41695,-0.002503,-0.005959,-0.072515,0.00017799999999999977,0.0002879999999999992,-2.9000000000001247e-05
41617,0.002133,-0.003726,-0.06643,0.00030100000000000005,5.900000000000046e-05,-0.00039200000000000346
41776,-0.009032,0.007687,-0.061799,-5.699999999999976e-05,0.00015700000000000002,1.8999999999998185e-05
27255,-0.010516,0.007912,-0.067715,4.49999999999999e-05,0.0002699999999999994,6.1000000000005494e-05
34753,-0.015657,0.00643,-0.07304300000000001,-0.00011599999999999805,9.599999999999973e-05,3.5000000000021125e-05
41146,-0.014606,-0.001694,-0.067539,6.799999999999862e-05,0.000165,-0.00031899999999999984
40052,0.009044,0.006253,-0.066672,-1.4000000000000123e-05,0.00023700000000000023,-7.500000000000562e-05
40724,-0.013778,0.010665,-0.06846200000000001,-1.1999999999998123e-05,0.00021700000000000018,-3.9999999999901226e-06
39224,0.009568,0.010752000000000001,-0.063806,-5.800000000000076e-05,0.0001510000000000001,5.2999999999997494e-05
39534,-0.004547,-0.00531,-0.070107,0.00017099999999999928,-1.0000000000001327e-06,-0.00039100000000000246
36426,0.004784,-0.011373,-0.06767100000000001,0.00015999999999999955,6.800000000000035e-05,-9.499999999999786e-05
41688,-0.013446999999999999,0.010948000000000001,-0.071847,-2.0000000000002655e-06,0.00012399999999999738,2.6999999999999247e-05
40860,0.015673,-0.005686,-0.06544,0.0001260000000000011,0.00013200000000000017,-1.0999999999997123e-05
29467,0.010718,0.003528,-0.07339,0.0001010000000000004,7.600000000000011e-05,-0.00028700000000000947
33296,0.0007199999999999999,-0.002154,-0.0692,7.900000000000008e-05,7.799999999999994e-05,-0.0001799999999999996
36512,0.010256,-0.0020459999999999996,-0.07046899999999999,0.0001010000000000004,0.0001299999999999997,-0.0001960000000000156
38869,0.004659,0.011545,-0.07179,-0.00016199999999999982,4.4000000000000636e-05,-0.00020099999999999285
40490,-0.002036,-0.00711,-0.068303,0.00011400000000000017,-8.899999999999967e-05,-0.00030899999999998984
40308,0.008225,-0.003097,-0.06852,0.0003280000000000019,0.00014800000000000013,-0.00034000000000000696
33298,-0.008452,0.010103,-0.067868,-3.900000000000084e-05,0.0002310000000000003,0.00011699999999999211
41009,-0.004309,-0.003876,-0.064887,0.0001780000000000002,1.0000000000000026e-05,-0.00033299999999999996
40178,-0.007150999999999999,0.00039600000000000003,-0.062932,-9.000000000001195e-06,0.00010399999999999998,-0.00026400000000000035
34139,0.005784,-0.005118,-0.068036,0.00033299999999999996,0.00020799999999999985,-9.900000000000186e-05
39204,-0.008067999999999999,-0.006899,-0.06889100000000001,0.00010599999999999846,0.00016199999999999982,-0.00011099999999998611
29876,-0.0064269999999999996,0.001926,-0.076026,0.00012299999999999898,0.00019800000000000004,3.499999999999337e-05
41014,0.006307,-0.003966,-0.06465900000000001,0.0002779999999999996,0.0001020000000000001,-0.00019899999999999085
41325,-0.00318,-0.007866,-0.068711,9.000000000000327e-06,-8.099999999999948e-05,-0.00021200000000000385
39232,0.0002,0.008163,-0.06712699999999999,6.8e-05,0.00016700000000000048,9.800000000000086e-05
39517,0.005825,-0.000618,-0.07581399999999999,0.00010099999999999953,0.00022099999999999995,-0.00010000000000000286
40704,0.006410999999999999,0.008031,-0.076431,9.9000000000001e-05,0.0001860000000000004,-0.00022500000000000298
34746,0.010013999999999999,0.000978,-0.06852899999999999,2.599999999999998e-05,0.00031400000000000004,-3.300000000000525e-05
38949,-0.014157999999999999,-0.006058,-0.072551,0.0001389999999999985,5.9000000000000025e-05,-0.0001759999999999956
39875,-0.007730000000000001,0.005241,-0.076303,5.10000000000007e-05,0.00010699999999999946,-1.4000000000000123e-05
41366,-0.008253,0.0047469999999999995,-0.06895399999999999,0.00014900000000000156,0.0004030000000000006,-0.0002620000000000122
37192,-0.000368,-0.009774,-0.071299,0.000151,5.699999999999976e-05,-0.00016099999999999448
41045,-0.010435,-0.005553,-0.067099,0.0001260000000000011,0.00010999999999999985,-3.999999999998449e-05
41728,0.014538,-0.010537000000000001,-0.06969299999999999,0.00015399999999999962,8.299999999999974e-05,-0.0001270000000000021
41177,0.011942,0.00906,-0.06972400000000001,0.00011000000000000072,-4.60000000000009e-05,-0.00020099999999999285
40126,0.0010680000000000002,0.00479,-0.073113,0.00011999999999999988,0.0002469999999999998,-0.00013299999999999423
41079,0.0014930000000000002,0.010052,-0.07173600000000001,-2.9000000000000163e-05,0.00023099999999999857,-3.0000000000002247e-05
39275,-0.005326,-0.0006680000000000001,-0.064837,-3.899999999999997e-05,0.00021600000000000005,-0.0004629999999999912
40621,0.0018759999999999998,-0.012782,-0.06537699999999999,0.00010700000000000011,7.700000000000068e-05,1.5000000000001124e-05
33543,-0.0071600000000000006,0.008753,-0.06448000000000001,-3.2999999999999176e-05,0.00025799999999999955,4.400000000000237e-05
37397,0.011788,-0.0006670000000000001,-0.072984,0.00012000000000000031,9.300000000000009e-05,-1.7000000000017e-05
39674,-0.012262,0.0051909999999999994,-0.07131399999999999,6.800000000000035e-05,0.00028699999999999993,-7.40000000000185e-05
28570,-0.0062569999999999995,0.012058999999999999,-0.06830599999999999,8.399999999999987e-05,7.300000000000188e-05,0.00010299999999999199
39899,-0.004897,0.0053490000000000005,-0.07204600000000001,0.00018000000000000047,0.0002219999999999991,-0.00010199999999997711
39191,0.001045,0.009787,-0.07462099999999999,6.300000000000012e-05,0.00023199999999999957,-2.3000000000009124e-05
40199,-0.000985,-0.005829,-0.068422,0.00014000000000000004,0.00010000000000000026,-7.600000000000662e-05
41020,0.003911,0.008377,-0.064697,-3.800000000000027e-05,0.00018199999999999814,-1.9999999999881224e-06
36506,0.016289,0.0039049999999999996,-0.068771,0.0001559999999999999,0.00012500000000000098,-2.2999999999995246e-05
40716,-0.008388999999999999,0.0024129999999999998,-0.066216,-3.9000000000002574e-05,0.00020200000000000036,-0.00011500000000000399
40839,-0.0059169999999999995,-0.009329,-0.064906,0.0002189999999999987,6.100000000000029e-05,-0.00013199999999999323
41552,-0.010786,0.005587,-0.074197,2.6999999999999247e-05,0.00027500000000000007,-0.00016199999999999548
39859,-0.009532,5.9999999999999995e-05,-0.071768,1.6999999999999654e-05,0.000203,-0.0001239999999999991
38573,-0.012046,0.000683,-0.069298,0.00012699999999999864,0.000389,-0.0002319999999999961
39212,-0.007821,0.007483,-0.06901900000000001,9.099999999999907e-05,0.0002630000000000002,-9.999999999871223e-07
38854,-0.004542,0.005598,-0.063983,1.5000000000000256e-05,0.00024300000000000016,7.899999999999574e-05
41220,0.005772,0.009872,-0.064096,-1.5000000000000256e-05,0.00011399999999999952,-8.100000000001162e-05
41010,-0.010361,-0.001078,-0.073401,4.200000000000037e-05,0.00027099999999999987,-0.0001890000000000086
36266,0.01202,-0.003895,-0.06504,0.00013000000000000164,0.00018800000000000023,1.000000000001e-06
38281,-0.011973000000000001,0.005619,-0.06628,3.9000000000002574e-05,0.00020500000000000032,1.0999999999997123e-05
40996,-0.0045780000000000005,-0.010823000000000001,-0.071051,2.7000000000000114e-05,0.0001820000000000016,-0.00011700000000000599
41528,-0.012081,-0.007745,-0.07403,0.00022199999999999998,0.00027899999999999973,-0.00022400000000000198
41355,0.007841,-0.002848,-0.069727,0.00024199999999999916,0.00010399999999999949,-0.00022900000000000698
39196,0.00626,0.007222,-0.063772,-5.10000000000007e-05,0.00013599999999999984,-4.700000000000537e-05
32050,0.005163999999999999,-0.011583999999999999,-0.069363,6.100000000000029e-05,7.099999999999815e-05,-0.0001310000000000061
40183,-0.014071,0.005473,-0.073901,-5.4999999999999494e-05,7.300000000000102e-05,-9.700000000001374e-05
41029,-0.014771000000000001,0.008715,-0.071495,1.600000000000039e-05,0.00029199999999999886,-8.999999999995123e-06
37740,0.003908,-0.008231,-0.065792,0.0002660000000000006,7.000000000000062e-05,-0.00020999999999998797
41057,0.015772,-0.000896,-0.069253,-0.0001020000000000014,4.3999999999999985e-05,-1.0000000000010001e-05
38885,0.0018919999999999998,-0.00285,-0.065979,0.00023800000000000015,6.700000000000022e-05,-0.0004210000000000047
41081,0.008147999999999999,0.012342,-0.069608,-0.00010599999999999846,-0.00026900000000000014,-9.399999999999686e-05
39523,-0.011673,0.004849,-0.063279,6.499999999999909e-05,7.299999999999928e-05,-0.00013099999999999223
30446,-0.008405,0.010669,-0.070681,2.300000000000045e-05,8.6000000000001e-05,3.899999999999737e-05
36494,0.009378000000000001,-0.007495,-0.070009,0.00010399999999999819,5.9000000000000025e-05,-0.0002459999999999962
38872,-0.0011799999999999998,-0.0070869999999999995,-0.067606,0.000129,-6.500000000000082e-05,-0.00014899999999999636
40437,-0.010894000000000001,-0.009313,-0.06885899999999999,8.500000000000174e-05,1.000000000001e-06,-0.00021999999999999797
38582,0.010345,-0.000378,-0.065316,9.400000000000033e-05,0.000219,-1.8999999999991246e-05
41003,0.006794,0.012548,-0.069037,-0.00011400000000000039,-7.099999999999988e-05,-6.0000000000060005e-06
38874,0.001359,-0.009218,-0.069465,0.00021600000000000005,8.799999999999954e-05,-0.00011600000000000499
40727,-0.008882,-0.0021939999999999998,-0.06589300000000001,0.0002349999999999991,0.00019399999999999973,-0.0004499999999999921
37975,-0.003411,0.010984,-0.067088,5.1000000000000264e-05,0.00013199999999999844,0.0001310000000000061
35102,-0.007186,-0.00657,-0.068509,0.0001529999999999995,0.00014700000000000043,-0.00013299999999999423
41042,-0.011259,0.007619,-0.071226,-8.000000000000021e-05,0.000268,7.999999999999674e-05
41766,0.001673,-0.0031230000000000003,-0.06211,0.00026400000000000013,0.0001580000000000006,-0.0006130000000000024
40234,-0.009321999999999999,-0.006791,-0.06700300000000001,8.2999999999998e-05,0.0001510000000000001,-0.00011999999999999511
41402,-0.01278,0.005078,-0.064258,8.799999999999954e-05,4.6000000000000034e-05,-3.599999999999437e-05
37423,0.00275,0.002911,-0.06951099999999999,0.00018400000000000014,0.0002639999999999999,-0.00011700000000000599
36723,0.015340999999999999,0.0028020000000000002,-0.067068,5.000000000001531e-06,0.0001879999999999998,-5.1999999999996493e-05
41363,0.015288,0.00166,-0.065873,9.799999999999913e-05,0.00017200000000000006,5.1999999999996493e-05
39663,0.014317,-0.012457000000000001,-0.069771,0.00010500000000000093,0.00010700000000000119,-7.599999999999274e-05
36549,0.003055,0.005537,-0.062765,6.499999999999995e-05,0.00020999999999999925,8.500000000000174e-05
29830,0.00159,0.011574,-0.069173,3.399999999999996e-05,0.0001370000000000017,7.300000000000362e-05
41092,-0.010667999999999999,0.001557,-0.06342199999999999,-3.0000000000002247e-05,0.000129,-0.00028100000000001735
37470,0.004295,0.004594,-0.06669199999999999,4.6000000000000034e-05,0.00021399999999999978,5.4999999999985616e-05
35610,-0.006341,-0.001057,-0.073345,1.0000000000001327e-06,0.00029299999999999997,-6.799999999999862e-05
39404,0.005016,0.006423,-0.06629600000000001,2.5000000000000716e-05,0.00019800000000000026,5.600000000001437e-05
17102,0.000306,0.009134999999999999,-0.068012,1.699999999999998e-05,0.00018699999999999967,2.000000000002e-06
41706,-0.0074930000000000005,-0.006521,-0.066802,0.0002930000000000007,0.00016099999999999969,-7.199999999998874e-05
34728,0.000766,0.009612,-0.067917,4.000000000000097e-06,0.00020499999999999859,5.200000000001037e-05
35113,0.011196999999999999,0.0037879999999999997,-0.067349,6.100000000000029e-05,0.0002530000000000006,-0.00018699999999999273
41649,0.000527,-0.009534,-0.068313,0.00010800000000000002,5.699999999999976e-05,-0.00011799999999999311
40720,-0.004814,-0.006738,-0.068538,0.00023099999999999943,3.1000000000000645e-05,-0.00019899999999999085
39835,0.0022679999999999996,0.001833,-0.067598,0.00018200000000000074,0.0003089999999999998,-3.499999999999337e-05
40997,-0.005208,0.008167,-0.072397,8.299999999999974e-05,0.0001399999999999995,4.000000000004e-06
41416,0.012044000000000001,-0.012973,-0.061829,-3.500000000000031e-05,0.00017400000000000054,-0.00011200000000000099
39337,0.016192,0.003156,-0.068786,9.10000000000008e-05,4.300000000000007e-05,-7.000000000007001e-06
37358,0.010217,0.005482,-0.06815,5.6999999999998024e-05,0.00017899999999999947,-7.400000000000462e-05
40008,-0.00019700000000000002,-0.007121000000000001,-0.069788,0.00012100000000000001,5.10000000000007e-05,-4.699999999999149e-05
36082,0.0034820000000000003,6e-06,-0.06591899999999999,0.0001359999999999994,1.1999999999999997e-05,-0.00033200000000001284
22358,0.009543,0.0029500000000000004,-0.06978400000000001,9.400000000000033e-05,0.000343,-0.00020199999999999385
41665,0.011503,-0.008404,-0.06645999999999999,4.4000000000000636e-05,0.00013599999999999897,-0.0001260000000000011
27266,0.002018,0.008204000000000001,-0.072473,-4.6000000000000034e-05,0.0002189999999999987,1.000000000001e-06
41703,-0.005882,-0.001673,-0.06836400000000001,0.00013599999999999984,0.0002279999999999999,-0.0004499999999999782
39521,0.004513,0.002969,-0.06526900000000001,8.400000000000074e-05,9.800000000000043e-05,-0.00010999999999999899
28193,-0.000347,0.007354,-0.07135999999999999,5.9000000000000025e-05,0.0002219999999999991,9.900000000000186e-05
37366,0.00982,0.004998,-0.06383899999999999,0.00010600000000000019,0.00027700000000000034,-5.8000000000002494e-05
39954,0.0011459999999999999,-0.001712,-0.064989,0.000165,0.00013100000000000004,-0.0003339999999999871
40735,-0.013023999999999999,-0.0010689999999999999,-0.072726,-7.0000000000017965e-06,0.0002279999999999999,-9.399999999999686e-05
39510,0.0040149999999999995,0.003421,-0.069956,0.00020600000000000045,0.00026000000000000025,-0.0001250000000000001
39923,-0.000372,0.0053419999999999995,-0.06946899999999999,0.00013099999999999999,0.00023399999999999983,-7.10000000000155e-05
29483,0.0070030000000000005,0.006876,-0.068797,4.19999999999995e-05,0.00021700000000000018,-0.00014700000000000824
41005,-4.4999999999999996e-05,-0.004619,-0.069408,0.000247,0.0001849999999999994,-0.00021500000000000685
32999,0.001717,0.009486000000000001,-0.067482,-1.3999999999999907e-05,0.00017299999999999954,4.099999999999937e-05
38631,0.005383,-0.008576,-0.06934900000000001,0.00022900000000000004,0.00010899999999999972,-0.0001789999999999986
41032,0.0034809999999999997,0.006163,-0.067746,1.3000000000000424e-05,0.00012199999999999971,-0.00013099999999999223
37988,0.008801999999999999,0.007043,-0.06601,9.500000000000133e-05,0.0002199999999999997,-6.20000000000065e-05
39077,0.008371,-0.003902,-0.065384,6.199999999999956e-05,0.00021500000000000035,-0.00010200000000000486
39605,-0.0020440000000000002,0.0008399999999999999,-0.065275,0.00010100000000000018,0.0001290000000000001,-1.7000000000003124e-05
36518,0.013987999999999999,-0.003691,-0.068368,0.0001870000000000014,-1.1000000000000159e-05,2.5999999999998247e-05
41320,0.008339000000000001,0.005197,-0.067078,-9.20000000000018e-05,0.00026099999999999995,1.5000000000001124e-05
39962,0.009309,0.004811,-0.067302,-7.999999999999327e-06,0.00033100000000000056,-2.9000000000001247e-05
37982,0.008834,-0.000569,-0.06682099999999999,0.00013200000000000017,0.00015399999999999995,-0.0001250000000000001
41546,0.012738,-0.010611,-0.06914100000000001,0.0001420000000000015,0.0001520000000000011,1.6000000000002124e-05
36191,-0.000741,0.006896,-0.066208,-1.5999999999999955e-05,0.00025600000000000015,-5.999999999992123e-06
34145,0.014372999999999999,0.000893,-0.068885,3.0000000000002247e-05,3.300000000000004e-05,-1.8999999999991246e-05
41393,-0.0017529999999999998,0.001423,-0.069215,0.00019599999999999978,0.00033199999999999983,-0.00022199999999999998
35128,0.013266,0.0022400000000000002,-0.06710899999999999,7.499999999999868e-05,0.0002679999999999996,-4.300000000001525e-05
41343,-0.0015,-0.003884,-0.064604,0.0002090000000000002,0.0001789999999999999,-0.0004260000000000097
41735,0.015349999999999999,-0.0051470000000000005,-0.066274,0.00011400000000000125,8.900000000000054e-05,-9.000000000000674e-05
37734,0.011345000000000001,-0.004149,-0.06654399999999999,0.00017,0.00027499999999999964,-0.0002530000000000032
37969,-0.003348,0.002867,-0.06755,4.59999999999996e-05,0.00018599999999999953,-4.800000000000637e-05
35618,-0.007226,0.0033439999999999998,-0.06541899999999999,7.099999999999988e-05,0.00021600000000000048,2.999999999998837e-05
39005,-0.012459,-4.4999999999999996e-05,-0.07213299999999999,6.800000000000035e-05,0.000296,-0.00020000000000000573
15880,-0.000921,0.005725,-0.07077599999999999,4.6000000000000034e-05,0.00014800000000000056,-6.20000000000065e-05
40196,-0.007364,0.006067,-0.06378,-3.799999999999984e-05,0.00014899999999999983,-6.899999999999962e-05
41620,3.2e-05,0.0013520000000000001,-0.062923,0.000182,0.0002919999999999997,-0.00026699999999998947
34833,0.01193,-0.002477,-0.065149,8.3999999999999e-05,0.00019899999999999996,-7.599999999999274e-05
38585,0.006894,-0.010081,-0.06704,0.0002480000000000008,7.999999999999327e-06,-0.00011099999999999999
34209,0.004255,0.0072050000000000005,-0.06937,5.099999999999983e-05,0.00024999999999999935,6.699999999999762e-05
40132,-0.002431,0.001761,-0.066213,9.299999999999977e-05,0.00032899999999999987,-7.900000000000962e-05
41004,0.001379,0.0006820000000000001,-0.06654900000000001,0.00014199999999999998,0.00021799999999999988,-0.0004129999999999967
33280,0.010137,0.000474,-0.067825,6.899999999999962e-05,0.0003000000000000001,-0.0001250000000000001
