Particle,x,y,z,Vx,Vy,Vz
23822,0.001478,-0.011764,-0.067141,0.0,0.0,0.0
21034,-0.001608,0.008922000000000001,-0.063171,0.0,0.0,0.0
21041,-0.0076,0.008084,-0.063721,0.0,0.0,0.0
23850,-0.00877,0.0026939999999999998,-0.068768,0.0,0.0,0.0
23515,-0.004678,0.006853,-0.072328,0.0,0.0,0.0
23204,-0.002964,0.004542,-0.067626,0.0,0.0,0.0
23623,0.003483,0.008341,-0.075984,0.0,0.0,0.0
22987,-0.008743,0.0015429999999999999,-0.060831,0.0,0.0,0.0
16548,0.007261999999999999,-0.008839,-0.06786400000000001,0.0,0.0,0.0
20188,-0.015231,-0.00413,-0.071681,0.0,0.0,0.0
23262,-0.00316,0.010287000000000001,-0.065824,0.0,0.0,0.0
19438,-0.004293,0.011260999999999998,-0.07464799999999999,0.0,0.0,0.0
23234,0.004891,-0.01102,-0.06787699999999999,0.0,0.0,0.0
23232,-0.009884,0.004721,-0.075601,0.0,0.0,0.0
23036,-0.008814,-0.009181,-0.062915,0.0,0.0,0.0
24368,0.00048699999999999997,-0.001565,-0.07555200000000001,0.0,0.0,0.0
19946,-0.013733,0.005186,-0.065318,0.0,0.0,0.0
23869,0.006955,-0.006131999999999999,-0.073169,0.0,0.0,0.0
24446,0.008829,0.003314,-0.062958,0.0,0.0,0.0
23873,-0.007906,0.01243,-0.06273,0.0,0.0,0.0
19436,0.011723,0.01266,-0.069135,0.0,0.0,0.0
24248,-0.012595,-0.010142,-0.0695,0.0,0.0,0.0
21952,0.0029519999999999998,0.010085,-0.066645,0.0,0.0,0.0
23947,0.0027229999999999997,-0.011949,-0.07076600000000001,0.0,0.0,0.0
23954,-0.004046999999999999,0.008676,-0.061302,0.0,0.0,0.0
23980,-0.000558,-0.0059039999999999995,-0.062197,0.0,0.0,0.0
23643,-0.007766,-0.001746,-0.060339,0.0,0.0,0.0
24287,-0.011968999999999999,0.002375,-0.062641,0.0,0.0,0.0
24179,-0.011256,-0.00394,-0.060785,0.0,0.0,0.0
23875,0.001958,-0.011330999999999999,-0.065888,0.0,0.0,0.0
21785,0.016895,-0.004275999999999999,-0.066559,0.0,0.0,0.0
10129,0.014692,-0.004226,-0.07386799999999999,0.0,0.0,0.0
23522,0.00711,1.4999999999999999e-05,-0.066635,0.0,0.0,0.0
23535,-0.013,0.006931,-0.066622,0.0,0.0,0.0
22703,-0.0158,0.005889999999999999,-0.071062,0.0,0.0,0.0
20784,-0.007023,0.012143000000000001,-0.075303,0.0,0.0,0.0
23353,0.006667,-0.008055,-0.06347699999999999,0.0,0.0,0.0
22729,0.014915,-0.008839,-0.063794,0.0,0.0,0.0
24230,0.012021,-0.004139,-0.062475,0.0,0.0,0.0
23862,-0.011378000000000001,-0.000728,-0.075988,0.0,0.0,0.0
24259,-0.002053,-0.01262,-0.06542700000000001,0.0,0.0,0.0
24277,0.0009649999999999999,0.011035,-0.062318,0.0,0.0,0.0
24282,-0.013796,0.007396,-0.07573099999999999,0.0,0.0,0.0
24005,0.004196,-0.012581,-0.065566,0.0,0.0,0.0
23861,-0.006388,0.012739,-0.06765399999999999,0.0,0.0,0.0
23902,-0.010686999999999999,0.013153,-0.06417,0.0,0.0,0.0
24176,-0.0066289999999999995,0.009259,-0.075964,0.0,0.0,0.0
20264,-0.00554,-0.009522000000000001,-0.074149,0.0,0.0,0.0
22821,0.017076,-0.008625,-0.066138,0.0,0.0,0.0
24345,-0.010740999999999999,-0.003878,-0.07572100000000001,0.0,0.0,0.0
23898,0.00984,0.009726,-0.077371,0.0,0.0,0.0
24220,0.000878,0.004787,-0.07249,0.0,0.0,0.0
24204,0.012641,0.003137,-0.06438200000000001,0.0,0.0,0.0
24215,-0.003671,0.008147,-0.06690900000000001,0.0,0.0,0.0
24163,-0.004553,-0.011899,-0.069799,0.0,0.0,0.0
24167,-0.002659,-0.010625,-0.058982999999999994,0.0,0.0,0.0
21090,-0.0005610000000000001,0.0070149999999999995,-0.07292,0.0,0.0,0.0
21144,0.005255,-0.002058,-0.070255,0.0,0.0,0.0
19851,0.00456,-0.0067610000000000005,-0.073366,0.0,0.0,0.0
21996,0.0074080000000000005,-0.008650999999999999,-0.06654600000000001,0.0,0.0,0.0
23925,0.011061,0.00846,-0.067408,0.0,0.0,0.0
24225,0.003085,-0.007894,-0.058073,0.0,0.0,0.0
9995,0.000652,0.003557,-0.07372799999999999,0.0,0.0,0.0
23583,-0.006552,0.001245,-0.063276,0.0,0.0,0.0
24249,0.006548,-0.011771,-0.07212,0.0,0.0,0.0
23209,0.003124,0.009292,-0.06454399999999999,0.0,0.0,0.0
23972,0.01771,-0.011312,-0.068047,0.0,0.0,0.0
24371,0.005838,-0.0066040000000000005,-0.076889,0.0,0.0,0.0
24400,0.010006000000000001,0.011095,-0.063628,0.0,0.0,0.0
23661,0.011753,-0.01248,-0.061066,0.0,0.0,0.0
23570,-0.007482,-0.010731,-0.067375,0.0,0.0,0.0
23692,-0.012951,-0.01041,-0.07480800000000001,0.0,0.0,0.0
23557,-0.0065650000000000005,-0.000128,-0.066683,0.0,0.0,0.0
22322,0.011644,-0.0009180000000000001,-0.07058400000000001,0.0,0.0,0.0
23548,0.0016519999999999998,0.0034300000000000003,-0.070961,-4.999999999999796e-06,0.00033399999999999966,-1.9999999999992246e-05
21049,-0.009215999999999998,0.003018,-0.065944,0.00022799999999999904,0.00033,-0.00014099999999998836
24612,0.008164,0.00993,-0.062148,-8.099999999999948e-05,0.00020000000000000052,-0.00010999999999999899
24496,-0.012958,0.012157,-0.07276,3.400000000000104e-05,9.000000000000327e-06,-4.200000000000037e-05
24321,0.00856,-0.012199,-0.064693,4.800000000000117e-05,0.00021099999999999938,0.0002500000000000002
23944,-0.013817,-0.011465,-0.074276,-7.300000000000188e-05,0.0002249999999999995,7.299999999998974e-05
23539,0.015455,-0.003787,-0.07291500000000001,-1.600000000000039e-05,2.7000000000000114e-05,-7.299999999998974e-05
10462,0.013365,0.001544,-0.072872,2.599999999999998e-05,8.299999999999996e-05,-0.0001250000000000001
24207,0.015917999999999998,-0.009672,-0.071184,-9.999999999999593e-06,0.00012400000000000085,0.00010500000000000786
23247,-0.012639,-9.4e-05,-0.07171999999999999,6.499999999999909e-05,0.000127,-0.00020900000000001473
24036,0.015103,0.012125,-0.07156399999999999,-0.00011399999999999952,-2.2000000000001185e-05,-0.00016800000000001536
24198,0.012433999999999999,-0.005515,-0.07425799999999999,-4.699999999999843e-05,2.4000000000000583e-05,-6.0000000000060005e-06
17413,-0.010526,0.002934,-0.071853,0.00012200000000000058,3.000000000000008e-05,-4.099999999999937e-05
22979,-0.000221,0.004307,-0.074173,4.200000000000002e-05,9.099999999999994e-05,-8.899999999999186e-05
23581,-0.012191,0.013038000000000001,-0.064994,3.0000000000000512e-05,0.00017200000000000028,-4.200000000000037e-05
24574,-0.008667999999999999,0.009352000000000001,-0.063476,-8.200000000000221e-05,0.000338999999999999,-1.1999999999998123e-05
23735,0.003705,0.007427,-0.066407,5.799999999999989e-05,0.00023000000000000017,-0.000127000000000016
20104,0.012362,0.005923,-0.0669,5.000000000001531e-06,0.00015800000000000015,-0.00014900000000001024
23284,-0.00087,-0.011993,-0.06815500000000001,0.00023099999999999998,0.00013400000000000044,-0.0002979999999999927
23536,-0.008237999999999999,0.0026030000000000003,-0.061191,1.5999999999998654e-05,0.0003409999999999997,-1.8999999999998185e-05
23224,0.005226,-0.011887,-0.065762,0.00017900000000000034,4.49999999999999e-05,1.4000000000000123e-05
24618,-0.004438,0.003182,-0.057447000000000005,-1.000000000000046e-05,0.0002890000000000002,-0.00021599999999999397
23884,0.012069000000000002,-0.006932000000000001,-0.065167,0.00015899999999999768,-4.69999999999993e-05,-4.500000000000337e-05
24563,-0.004311,0.003402,-0.066672,2.599999999999998e-05,0.00021099999999999982,-3.799999999999637e-05
24782,0.016373000000000002,-0.012569,-0.068407,0.0001999999999999988,2.700000000000098e-05,0.0002530000000000032
24699,-0.009489000000000001,0.007956000000000001,-0.064441,3.500000000000031e-05,0.00015800000000000015,3.299999999999137e-05
22634,-0.009362,0.007498,-0.066224,0.00011599999999999978,0.00015399999999999962,-5.6000000000000494e-05
21032,0.005803,0.010637,-0.071414,-0.00014400000000000003,9.99999999999994e-05,-0.00010599999999999499
24670,0.011484999999999999,-0.004634999999999999,-0.065596,0.00011100000000000172,5.5999999999999626e-05,-2.5999999999998247e-05
24648,0.010189,0.010298999999999999,-0.075011,-0.00017800000000000107,-1.3999999999998389e-05,-0.00033299999999999996
24630,0.018806999999999997,0.005484,-0.072033,-3.199999999999731e-05,0.00027999999999999987,-0.00015899999999999248
24665,0.01728,-0.006969,-0.07522799999999999,-8.399999999999727e-05,2.7000000000000114e-05,-0.00017600000000000948
24217,0.016080999999999998,0.011164,-0.066664,4.300000000000137e-05,-0.00017900000000000034,-0.0002530000000000032
24716,0.015519,-0.012242000000000001,-0.068488,0.00011800000000000178,8.400000000000248e-05,2.0999999999993246e-05
24132,-0.005871,-0.009583,-0.06704399999999999,0.00014400000000000003,0.00012799999999999964,-0.00023300000000001098
21758,0.01148,0.011278999999999999,-0.074406,-0.00012400000000000085,-5.999999999999929e-05,-3.599999999999437e-05
22665,-0.014072,0.002853,-0.07407899999999999,0.00011300000000000025,5.5999999999999626e-05,-3.2000000000018125e-05
22922,0.0014810000000000001,0.0039239999999999995,-0.07105700000000001,7.499999999999998e-05,0.0003150000000000002,1.2000000000012001e-05
22445,0.007824,0.006225,-0.066555,0.0001349999999999997,0.00023800000000000036,0.00014299999999999036
23826,0.002907,0.009074,-0.065235,8.300000000000017e-05,0.0003220000000000011,-0.0002329999999999971
22622,-0.00106,-0.002057,-0.06400199999999999,0.00014899999999999994,0.00028299999999999983,-0.0002560000000000062
23532,-0.007189,0.005239,-0.062085999999999995,-3.199999999999991e-05,0.00019700000000000013,-4.800000000000637e-05
24537,0.015455,0.008158,-0.062892,2.6999999999999247e-05,4.49999999999999e-05,5.6000000000000494e-05
24549,-0.012765,0.001474,-0.078183,9.299999999999933e-05,-6.400000000000004e-05,-2.999999999998837e-05
23763,0.006235999999999999,0.002474,-0.074723,3.800000000000071e-05,-7.999999999999978e-05,-0.00020300000000000873
23834,0.00903,-0.001666,-0.073192,-9.799999999999913e-05,1.899999999999992e-05,1.7999999999990246e-05
24002,0.01584,-0.010161,-0.067953,0.0001470000000000013,3.399999999999931e-05,0.00014000000000000123
24323,-0.008305,0.011748,-0.076408,6.399999999999982e-05,0.00010800000000000046,-0.00014000000000000123
24696,0.0005949999999999999,0.0069169999999999995,-0.066123,0.0002950000000000001,0.00020100000000000066,-0.0005379999999999968
24143,-0.006043,0.002484,-0.06647499999999999,0.00010599999999999932,0.00016800000000000018,1.5999999999988246e-05
21391,0.003088,0.009998,-0.07220099999999999,-0.00010300000000000023,0.00014300000000000077,-7.00000000000145e-05
22366,0.013305999999999998,-0.002275,-0.074641,-6.899999999999788e-05,-1.4000000000000123e-05,-0.00017500000000000848
23863,-0.005477999999999999,0.008364,-0.077215,-0.0001010000000000004,7.400000000000115e-05,-0.00015099999999999836
24519,0.003536,0.010273,-0.072007,-6.0999999999999856e-05,0.00013900000000000197,-8.399999999998686e-05
19099,0.014756,-0.007775000000000001,-0.072354,-2.1000000000000185e-05,0.0001330000000000003,-4.099999999999937e-05
24988,-0.003326,-0.00189,-0.065,4.0000000000000105e-05,0.00024899999999999987,0.00011700000000000599
24816,-0.011496000000000001,0.00206,-0.068838,0.0002470000000000007,9.89999999999997e-05,6.999999999993123e-06
24532,-0.014282999999999999,0.008362999999999999,-0.07686499999999999,-4.4000000000000636e-05,4.000000000002266e-06,-2.2000000000008124e-05
23843,-0.014497,0.00834,-0.072092,1.1999999999999858e-05,7.200000000000088e-05,-6.199999999999262e-05
24165,0.0017259999999999999,0.008549,-0.062667,0.00021200000000000017,0.0003619999999999995,-0.00010600000000000886
21172,0.010426,-0.003192,-0.064148,1.8000000000000654e-05,9.699999999999986e-05,-0.00014400000000000523
23915,0.003316,-0.012211999999999999,-0.069119,0.00018800000000000023,0.00012199999999999885,-0.0002909999999999996
20788,-0.002541,0.000116,-0.07483,6.999999999999975e-05,0.000143,-8.500000000001562e-05
22419,-0.000966,0.0012410000000000001,-0.064814,2.9999999999999645e-06,0.00028799999999999984,0.00014500000000000624
23237,-0.007298,-0.00495,-0.06844,-4.700000000000017e-05,0.00017100000000000014,-2.0999999999993246e-05
24844,-0.014773,0.004475,-0.069368,3.300000000000004e-05,-4.999999999999796e-06,-2.3999999999996247e-05
23879,0.007991,0.007483,-0.072215,-6.499999999999909e-05,0.00016099999999999969,-0.0002299999999999941
24813,0.005261,0.005865,-0.063121,0.00010499999999999919,0.00034799999999999935,-0.00016399999999999748
24516,0.005498,-0.010286,-0.06839400000000001,0.0001429999999999999,4.999999999999796e-06,0.00015100000000001224
24018,-0.008636,0.00924,-0.0746,-0.0001250000000000001,0.00010899999999999972,-0.00014899999999999636
20838,-0.008678000000000002,0.006932000000000001,-0.07332,4.000000000000184e-05,8.899999999999967e-05,-7.799999999999474e-05
23626,-0.0005679999999999999,-0.00327,-0.064819,0.00031699999999999995,0.00021199999999999995,-2.2999999999995246e-05
23844,-0.013935000000000001,0.010107,-0.07399599999999999,7.000000000000062e-06,8.7000000000002e-05,-6.60000000000105e-05
24821,0.009005,0.008381999999999999,-0.070288,-4.300000000000137e-05,0.00013600000000000244,-8.400000000000074e-05
23637,0.014027,-0.003899,-0.074428,-3.4999999999998574e-05,0.00011900000000000018,-1.6000000000002124e-05
23967,-0.007713,0.007846,-0.075099,-1.299999999999999e-05,8.099999999999948e-05,-5.6000000000000494e-05
24969,0.000777,-0.01211,-0.076143,0.00017999999999999993,6.599999999999835e-05,-0.0001250000000000001
24238,-0.004355,0.012081,-0.063443,-8.99999999999946e-06,0.00026900000000000014,-0.00011600000000000499
23219,0.012097,0.003205,-0.06511199999999999,0.00019000000000000093,0.0001690000000000003,-9.600000000001274e-05
24971,0.005744,-0.008067,-0.06857200000000001,0.0002919999999999997,0.00023399999999999983,-0.00016700000000000048
19746,-0.001452,0.001575,-0.07448,8.399999999999987e-05,0.00016200000000000003,-4.699999999999149e-05
18078,-0.008301,-0.005709,-0.06803100000000001,5.699999999999976e-05,0.0001579999999999993,0.00014800000000000924
22754,0.006371000000000001,-0.006613000000000001,-0.071665,0.00024999999999999935,0.00016100000000000055,-7.499999999999174e-05
24502,-0.008904,0.000124,-0.077776,8.099999999999948e-05,-7.300000000000001e-05,-2.3000000000009124e-05
20484,-0.0014910000000000001,0.011464,-0.06645999999999999,2.400000000000015e-05,0.00024399999999999943,-0.00014000000000000123
19094,-0.010834,0.009525,-0.063292,8.299999999999974e-05,0.00022799999999999904,-6.799999999999862e-05
23833,0.011408,-0.002928,-0.072593,-4.800000000000117e-05,2.1999999999999884e-05,-2.9000000000001247e-05
22060,-0.010076,-0.000877,-0.062392,-5.199999999999996e-05,0.00018199999999999998,-0.00014299999999999036
21352,-0.00434,0.004900000000000001,-0.06950400000000001,0.00016099999999999969,0.0001519999999999985,-3.599999999999437e-05
22915,-0.012417999999999998,0.006864,-0.07255500000000001,-4.000000000002266e-06,5.4999999999999494e-05,-1.4999999999987246e-05
22305,0.005299000000000001,0.0056,-0.066216,0.00016399999999999922,0.0004000000000000002,-6.40000000000085e-05
24592,0.010497,-0.004465,-0.061914000000000004,0.00016900000000000075,7.400000000000028e-05,-0.00010999999999999899
22940,0.004492,-0.00749,-0.06547499999999999,0.00024999999999999935,0.00015300000000000036,-0.0003050000000000136
24809,0.004194,0.0059900000000000005,-0.061090000000000005,0.0001479999999999997,0.0003119999999999989,-2.5999999999991308e-05
19172,0.010333,0.008432,-0.06404800000000001,-2.1000000000000185e-05,0.00018199999999999987,-1.6999999999989246e-05
24874,0.006416000000000001,0.009974,-0.059576000000000004,-1.400000000000099e-05,0.00032900000000000117,8.000000000008e-06
11773,0.005652,0.012088,-0.07215600000000001,-0.00016399999999999922,0.00013800000000000097,-0.0002209999999999851
24358,0.017559,0.009744,-0.068927,8.599999999999927e-05,9.999999999999593e-06,-0.00021300000000000485
22656,-0.001786,-0.005843,-0.065746,0.00013100000000000004,0.0002729999999999998,-0.00011200000000000099
25018,-0.0055899999999999995,0.0036230000000000004,-0.062491,6.099999999999942e-05,0.00036599999999999914,3.499999999999337e-05
24850,0.015309,0.009385,-0.06548699999999999,-5.10000000000007e-05,0.00011500000000000052,-5.200000000001037e-05
24981,0.014087,0.011085000000000001,-0.061762,-4.900000000000043e-05,9.299999999999933e-05,0.00012299999999999117
23955,-0.014638,-0.002903,-0.066947,9.000000000000327e-06,0.00031700000000000044,8.500000000001562e-05
24917,0.002215,0.011829000000000001,-0.060933,-1.399999999999969e-05,0.0002639999999999986,4.300000000000137e-05
21180,-0.012894000000000001,-0.010308999999999999,-0.07015,9.20000000000018e-05,0.00019699999999999926,-0.00017899999999998473
24858,-0.010406,0.006751,-0.063806,9.299999999999933e-05,0.00015700000000000002,0.00010400000000000686
24829,-0.009297000000000001,-0.004764,-0.06501900000000001,0.0001930000000000022,0.00011200000000000012,-3.499999999999337e-05
24501,-0.003018,-0.001889,-0.064152,1.5999999999999955e-05,8.90000000000001e-05,-6.699999999999762e-05
22410,-0.004297,-0.004475,-0.060107999999999995,3.099999999999978e-05,0.00013200000000000017,-0.00019500000000000073
24572,0.014215,-0.009373,-0.064766,0.0002620000000000001,0.00012099999999999958,-7.799999999999474e-05
24605,-0.014635,-0.002472,-0.067244,4.800000000000117e-05,0.00020299999999999962,-0.00013599999999999723
24916,-0.006601,-0.009089,-0.076276,-3.199999999999991e-05,1.2999999999999123e-05,-5.6000000000000494e-05
23872,0.01472,-0.006432,-0.06881699999999999,-0.00011800000000000005,7.300000000000015e-05,-3.300000000000525e-05
24694,-0.0045119999999999995,-0.003866,-0.063443,5.4999999999999494e-05,8.300000000000017e-05,-3.300000000000525e-05
24529,0.005961999999999999,-0.00086,-0.066202,4.000000000000531e-06,0.00032299999999999994,-0.0003170000000000117
24164,-0.004273,0.012834,-0.07069199999999999,-0.00017400000000000054,0.00013699999999999997,-4.000000000001225e-05
20981,0.014416,-0.003134,-0.075236,-0.00014799999999999883,7.099999999999988e-05,-0.0001280000000000031
19480,-0.015534000000000001,-0.00809,-0.073717,-2.599999999999998e-05,0.00013799999999999923,-0.00024399999999999422
22426,-0.015177,0.008416,-0.07612300000000001,-0.00011800000000000005,4.2999999999999636e-05,-1.3999999999986246e-05
24006,0.00028199999999999997,0.008601000000000001,-0.064631,4.100000000000002e-05,0.00014299999999999903,-5.8000000000002494e-05
24731,0.004896,0.0127,-0.066952,-8.5e-05,0.0002420000000000009,1.1999999999998123e-05
22120,-0.000221,-0.000728,-0.060874000000000004,0.000174,0.000116,-4.099999999999243e-05
20782,-0.003696,0.011059,-0.072158,-0.00011699999999999992,0.00013799999999999923,-0.0001290000000000041
23210,0.006698000000000001,-0.008647,-0.063729,-3.800000000000071e-05,8.099999999999948e-05,-9.499999999999786e-05
23864,0.009982,0.0062640000000000005,-0.06296500000000001,6.0000000000001025e-05,0.00024999999999999935,0.00010900000000001187
10082,0.007437999999999999,0.010835000000000001,-0.071093,-0.00015399999999999962,-3.799999999999984e-05,-0.00012599999999998723
21494,-0.0024980000000000002,-0.001841,-0.070769,0.0001290000000000002,0.00023799999999999993,0.00010399999999999299
23316,0.006413,-0.008933,-0.07194,0.00017099999999999928,4.1000000000001105e-05,-5.2999999999997494e-05
24210,-0.0052699999999999995,-0.01048,-0.07156699999999999,6.699999999999935e-05,0.00027399999999999994,8.199999999999874e-05
17666,0.013614000000000001,-0.006965,-0.067649,2.499999999999898e-05,8.5e-05,7.999999999999674e-05
21735,-0.013049,0.004666,-0.06819,6.499999999999909e-05,8.200000000000048e-05,-8.500000000000174e-05
24952,-0.009094,0.005749,-0.073823,-2.999999999999531e-06,4.900000000000043e-05,5.3999999999998494e-05
24579,-0.01024,-0.002812,-0.060823,0.0,7.799999999999994e-05,-0.00018499999999999767
24890,-0.001613,0.000261,-0.06854,0.00016400000000000008,0.00017499999999999997,7.200000000000262e-05
23841,-0.007157,0.005367,-0.06972199999999999,0.00020500000000000032,0.00011699999999999992,6.199999999999262e-05
24160,-0.0040880000000000005,-0.009139,-0.061646,4.900000000000043e-05,0.0001860000000000004,-9.20000000000018e-05
22658,0.0010500000000000002,-0.0015429999999999999,-0.075705,-3.0000000000001813e-06,0.0001479999999999999,0.00011400000000000299
23213,-0.007391,-0.001632,-0.063972,4.99999999999997e-05,0.00011999999999999988,0.00015700000000000436
24880,-0.0026680000000000002,-0.012587,-0.063356,0.00013000000000000034,0.0001289999999999989,-0.00021400000000000585
24820,-0.003614,0.011611,-0.065262,-2.0000000000000052e-05,0.0002199999999999997,-0.00013900000000000023
22741,-0.0061059999999999994,-0.010567,-0.06395300000000001,0.00011399999999999952,0.00018699999999999967,-0.00010199999999999099
23930,0.00442,0.010414,-0.0767,-0.00018500000000000027,7.900000000000094e-05,-9.399999999999686e-05
24628,0.002944,0.002553,-0.060341,9.699999999999986e-05,0.0002639999999999999,-0.0002530000000000032
23112,0.004796,-0.00069,-0.074027,-5.099999999999983e-05,0.00018399999999999992,-8.600000000000274e-05
24843,0.011592,0.007449,-0.065983,-4.000000000000531e-06,0.0001510000000000001,-4.300000000000137e-05
24822,0.014671,-0.000761,-0.065488,6.699999999999935e-05,0.00015499999999999997,5.000000000000837e-05
23081,-0.009172000000000001,-0.009951,-0.06766599999999999,2.2000000000001185e-05,0.00023699999999999936,-5.700000000001537e-05
24915,0.01807,-0.004467,-0.068184,-4.899999999999696e-05,9.699999999999986e-05,-2.9000000000001247e-05
24825,0.011778,0.00086,-0.077092,-0.0001420000000000015,6.900000000000005e-05,-5.6000000000000494e-05
22502,-0.015124,-0.006908,-0.073404,2.8000000000000247e-05,6.399999999999982e-05,-0.00021100000000000285
24599,-0.014396,-0.009945,-0.077633,1.1000000000000593e-05,0.000197000000000001,-0.0002490000000000131
24955,-0.008123,-0.002143,-0.058924,0.00016099999999999969,-7.200000000000002e-05,-0.00021800000000000291
24206,0.0040750000000000005,-0.008279,-0.073917,0.00024200000000000003,0.00016799999999999975,-6.0999999999991616e-05
24218,-0.010872999999999999,-0.008034000000000001,-0.070154,0.00023799999999999863,0.00027000000000000114,-1.1000000000011001e-05
24928,-0.004901,-0.012098000000000001,-0.068685,7.000000000000062e-06,0.00016100000000000142,8.400000000000074e-05
24918,0.004357000000000001,0.004046999999999999,-0.060721,0.0001269999999999995,0.00027600000000000107,-0.00013099999999999917
24534,-0.011822,-0.004413,-0.077227,-6.000000000000796e-06,-5.699999999999976e-05,-4.800000000000637e-05
16587,0.01586,-0.0025729999999999998,-0.066801,6.0000000000001025e-05,0.00020699999999999972,-3.0000000000030003e-06
24857,0.01082,0.005517,-0.064107,0.0001570000000000009,0.0002909999999999996,7.999999999999674e-05
19843,-0.0027440000000000003,0.008455,-0.067981,3.4000000000000176e-05,0.00021099999999999938,-7.600000000000662e-05
20750,0.006724,-0.006964000000000001,-0.06774,0.00016500000000000022,6.300000000000056e-05,-0.0003210000000000157
24510,0.002269,-0.004356,-0.061888,0.00020199999999999992,0.0001349999999999997,-0.00010000000000000286
22944,0.011056,0.009292,-0.06431100000000001,-2.6999999999999247e-05,0.0001810000000000006,0.00014100000000000223
22941,0.01043,0.002811,-0.076497,-7.700000000000068e-05,5.600000000000006e-05,-6.90000000000135e-05
24835,-0.01238,0.003248,-0.067838,0.0002199999999999997,0.0003579999999999998,0.00014499999999999236
24859,0.016467,-0.011159,-0.07261799999999999,0.00010500000000000093,0.00014699999999999956,3.699999999998149e-05
14446,-0.009634,0.002885,-0.06785200000000001,0.00021200000000000038,0.0002720000000000001,8.000000000021878e-06
22337,0.001409,-0.002584,-0.068055,0.00020300000000000006,0.00035000000000000005,-0.00013900000000000023
18856,-0.0154,0.006859,-0.074272,-4.099999999999937e-05,9.900000000000013e-05,-1.9999999999992246e-05
18491,-0.007256,0.011721,-0.07128100000000001,-6.100000000000029e-05,0.0001839999999999984,-9.699999999998599e-05
22641,0.0008719999999999999,-0.010204000000000001,-0.066494,0.00014400000000000003,0.00016900000000000075,-0.00038599999999999746
21052,0.003419,-0.003024,-0.068096,1.6999999999999654e-05,0.00019200000000000033,-0.00019299999999999873
24056,-0.0059180000000000005,-0.010253,-0.072186,4.49999999999999e-05,0.00023900000000000136,2.6999999999999247e-05
23848,0.0048579999999999995,-0.004982,-0.063372,0.00020500000000000032,0.00020600000000000045,-0.0003650000000000042
20865,0.001911,-0.000911,-0.068358,3.000000000000008e-05,0.000375,-0.00016100000000000836
22675,0.010230000000000001,-0.008458,-0.068899,0.00021799999999999944,-4.1000000000001105e-05,6.0000000000004494e-05
21353,0.004111,0.00329,-0.067755,-4.999999999999796e-06,0.00023799999999999993,-5.7000000000001494e-05
24250,0.002763,0.011179,-0.07303,-0.00017,8.5e-05,-9.200000000000874e-05
24182,0.012738,-0.006173,-0.06842000000000001,-4.9999999999980616e-06,0.00012600000000000024,3.800000000001025e-05
22965,-0.001621,0.010513,-0.068576,-3.6999999999999924e-05,0.0003130000000000008,-0.00016599999999999948
24360,-0.015814,-0.011689,-0.075512,1.6000000000002124e-05,0.0002989999999999989,1.9999999999881224e-06
22968,-0.014002,0.004465,-0.071367,9.999999999999593e-06,8.799999999999954e-05,-1.8000000000004124e-05
25013,-0.009710000000000002,-0.005909,-0.059689,8.6000000000001e-05,8.5e-05,-0.0004030000000000006
21376,-0.011856,0.000916,-0.072135,9.900000000000013e-05,9.600000000000006e-05,-0.00012599999999998723
19080,-0.009167999999999999,0.002576,-0.07346899999999999,8.599999999999754e-05,4.19999999999995e-05,-4.500000000000337e-05
25020,0.017175999999999997,-0.005205,-0.071865,-4.999999999999449e-05,8.6000000000001e-05,-8.400000000000074e-05
24966,0.011367,0.000847,-0.060045,0.00016400000000000095,0.00023500000000000007,-9.599999999999886e-05
24175,-0.005155,-0.001771,-0.075296,-3.4000000000000176e-05,9.199999999999985e-05,3.599999999999437e-05
23349,0.011683,0.001123,-0.063704,0.0001229999999999981,0.00023999999999999998,-0.00020000000000000573
24281,0.01027,0.010388999999999999,-0.06371,7.000000000000062e-06,0.00027000000000000114,6.0000000000004494e-05
24509,0.017995999999999998,0.004339000000000001,-0.068835,5.7999999999999025e-05,6.699999999999848e-05,-4.500000000000337e-05
23855,-0.012237999999999999,0.012001,-0.066157,6.999999999999888e-05,7.500000000000041e-05,8.999999999995123e-06
24173,0.015589,0.004906,-0.07147400000000001,9.999999999992654e-07,0.00019100000000000106,-0.00011399999999998911
24957,0.014292999999999998,-0.005032,-0.06576699999999999,0.00012600000000000285,2.8000000000000247e-05,1.6999999999989246e-05
23110,0.015701,-0.005538,-0.072065,-6.800000000000209e-05,0.0001250000000000001,-0.00010799999999999699
22492,0.00539,-0.010889,-0.065046,0.00014999999999999996,0.00013900000000000023,-5.9999999999990616e-05
24507,-0.00454,-0.010596,-0.069178,-3.199999999999991e-05,0.00020299999999999832,5.4999999999999494e-05
22919,-0.002075,-0.000734,-0.070836,3.800000000000027e-05,0.00021799999999999999,0.00015899999999999248
23271,0.003354,-0.005428,-0.069172,0.00012299999999999985,0.0002219999999999991,-0.00020700000000001273
22624,-0.008232,0.012483000000000001,-0.067262,1.4999999999999389e-05,0.0002389999999999979,-0.0001350000000000101
24187,0.013902,-0.0043890000000000005,-0.072673,3.400000000000104e-05,4.30000000000005e-05,-6.199999999999262e-05
24546,-4.4e-05,-0.002608,-0.070577,0.000201,0.00019200000000000033,0.0001290000000000041
21394,-0.015893,-0.0039049999999999996,-0.07226600000000001,-6.600000000000009e-05,0.00023699999999999936,-4.200000000000037e-05
25069,-0.005386,0.010659,-0.070048,-3.199999999999991e-05,0.00017200000000000028,-0.00014799999999999536
23205,-0.010196,0.003754,-0.070009,0.00015899999999999942,-2.3000000000000017e-05,-5.3999999999998494e-05
23977,0.011631,-0.013224,-0.070931,9.39999999999986e-05,-6.199999999999956e-05,-5.3999999999998494e-05
24513,0.004797,-0.00023400000000000002,-0.064312,0.00014500000000000016,0.000273,-0.00017400000000000748
20957,0.011241,-0.006732,-0.07105,3.500000000000031e-05,0.00010500000000000006,-4.200000000000037e-05
16494,-0.0051790000000000004,0.001617,-0.062959,4.49999999999999e-05,0.00022500000000000016,0.00011500000000000399
24512,0.009084,-0.002184,-0.077128,1.4999999999999389e-05,8.300000000000017e-05,-0.00014499999999999236
24724,-0.001258,0.008074,-0.068282,-1.4999999999999823e-05,0.0003060000000000007,-0.0001310000000000061
22676,-0.006713,-0.009823,-0.070548,-2.1000000000000185e-05,0.0002930000000000016,8.400000000000074e-05
9724,0.005923,0.007687,-0.070233,-8.000000000000194e-06,0.0001719999999999994,-0.00011999999999999511
22303,0.002265,0.0046,-0.064374,0.00013699999999999997,0.0002669999999999999,-0.0001830000000000026
23828,-0.007442,-0.004234,-0.077803,2.3999999999999716e-05,0.00015899999999999942,4.500000000000337e-05
13766,-0.011409,-0.0016519999999999998,-0.065876,4.700000000000017e-05,0.0003439999999999997,2.8000000000000247e-05
24498,-0.006911,-0.008825,-0.07440300000000001,3.699999999999971e-05,0.00011999999999999858,-8.599999999998886e-05
24832,-8.9e-05,-0.012992,-0.066578,0.000217,0.00014800000000000056,-0.00018899999999999473
16325,-0.0026,-0.005894999999999999,-0.068037,0.0001429999999999999,0.00023899999999999963,-0.0001250000000000001
24594,-0.014501,0.009702,-0.067717,6.199999999999956e-05,7.899999999999921e-05,8.999999999995123e-06
21703,-0.00474,-0.0023020000000000002,-0.071748,7.400000000000028e-05,0.00033000000000000043,-5.6000000000000494e-05
16492,-0.005161,0.001921,-0.064371,6.299999999999969e-05,0.00012200000000000015,0.00014699999999999436
24615,0.012392,-0.010643000000000001,-0.065306,0.00019000000000000093,5.900000000000176e-05,6.799999999999862e-05
24824,-0.012403,0.010624,-0.06527,8.000000000000021e-05,4.49999999999999e-05,-6.60000000000105e-05
18178,0.004163999999999999,0.009653,-0.07237099999999999,-8.299999999999887e-05,9.099999999999907e-05,-0.00010500000000000786
24621,-0.011339,0.010035,-0.06972199999999999,7.200000000000088e-05,5.099999999999896e-05,5.1999999999996493e-05
24586,0.003669,-0.001395,-0.062481999999999996,0.00020899999999999998,0.000214,-8.700000000000374e-05
24188,-0.013246,0.00215,-0.07728,6.200000000000129e-05,5.1000000000000264e-05,-1.6999999999989246e-05
21155,0.006582,-0.009571,-0.071342,0.00020300000000000006,6.499999999999909e-05,1.7000000000003124e-05
20647,-0.011219,0.010291,-0.06523000000000001,-2.5000000000000716e-05,0.0001570000000000009,-3.899999999999737e-05
23215,0.016698,-0.010166999999999999,-0.06888899999999999,7.099999999999815e-05,0.00011199999999999925,1.5999999999988246e-05
24254,0.015057000000000001,0.006702,-0.06481100000000001,9.499999999999786e-05,0.00022500000000000037,-2.099999999997937e-05
23525,-0.009677,-0.00618,-0.07441800000000001,-2.5000000000000716e-05,0.00021399999999999978,3.800000000001025e-05
23953,-0.013471,0.004729,-0.064386,7.000000000000062e-05,0.00021300000000000052,0.00022300000000000098
24499,-0.008712999999999999,0.008848,-0.06404699999999999,-6.000000000000796e-06,0.0002450000000000004,6.0999999999991616e-05
24316,0.016712,0.008636,-0.07140300000000001,8.499999999999827e-05,0.00013799999999999923,-0.00013099999999999223
24191,-0.012740999999999999,0.001976,-0.063757,0.00010899999999999972,0.00020199999999999992,6.799999999999862e-05
15632,0.004974,0.011538,-0.072632,-0.00023000000000000017,0.0001820000000000016,-0.00020899999999998697
24909,0.012402,0.009726,-0.064829,-0.00011699999999999905,0.00016599999999999948,-0.00014700000000000824
24558,-0.0031739999999999997,0.0053230000000000005,-0.072154,1.399999999999969e-05,0.00010199999999999966,8.999999999995123e-06
24954,0.00583,-0.013104,-0.069966,0.00018199999999999987,0.00015199999999999936,4.400000000000237e-05
23278,0.012029,0.0028599999999999997,-0.06879600000000001,0.00018199999999999987,5.8000000000000326e-05,2.1000000000007124e-05
22666,0.005182,-0.003504,-0.068997,0.00011099999999999999,0.0002669999999999999,-0.0004009999999999986
24908,-0.0022949999999999997,0.004322,-0.072143,7.899999999999964e-05,0.00016299999999999995,-8.400000000000074e-05
23702,0.007381,-0.000616,-0.061106,0.0001849999999999994,0.00027000000000000006,-0.00019200000000000467
18094,-0.0025440000000000003,-0.000862,-0.06861199999999999,6.700000000000022e-05,0.000228,9.899999999998799e-05
16470,0.002525,0.006724,-0.073431,-0.00010699999999999989,8.399999999999987e-05,-0.00014899999999999636
22727,-0.00857,-0.009862,-0.061679000000000005,0.00012299999999999985,0.000167999999999998,-0.00018999999999999573
24836,0.003552,0.0006919999999999999,-0.063565,0.0002149999999999999,0.00017100000000000004,3.300000000000525e-05
20411,0.009129,0.009856,-0.072938,-8.700000000000027e-05,7.399999999999941e-05,-0.00019399999999999973
23250,0.009474999999999999,-0.005233,-0.07398600000000001,-5.400000000000023e-05,9.899999999999926e-05,-0.00013199999999997936
21103,-0.0063490000000000005,0.005497,-0.068518,2.1000000000000185e-05,0.00021100000000000025,5.5999999999986616e-05
24181,-0.007829,0.002371,-0.071607,5.699999999999889e-05,5.1000000000000264e-05,3.900000000001125e-05
18218,-0.0071660000000000005,0.011887,-0.06700400000000001,-7.899999999999921e-05,0.00020599999999999959,-0.00013599999999999723
24600,-0.014886,-0.009561,-0.07328100000000001,3.0000000000012655e-06,0.00032900000000000117,-8.299999999998586e-05
22992,-0.001591,-0.009094,-0.07144,8.5e-05,0.0001299999999999999,-0.00014199999999998936
24523,-0.008602,0.011646,-0.064133,4.300000000000137e-05,0.00025299999999999975,-0.0001229999999999981
23876,0.012296,-0.0031869999999999997,-0.071722,2.599999999999998e-05,7.399999999999985e-05,-5.3999999999998494e-05
23905,0.017716000000000003,0.0039169999999999995,-0.071306,3.500000000000031e-05,0.00010299999999999979,-0.00010699999999999599
22630,0.001168,0.004524,-0.072449,0.00011300000000000004,0.00016099999999999969,-6.70000000000115e-05
24199,0.01525,0.00881,-0.06531,-8.3999999999999e-05,0.00012799999999999964,3.600000000000825e-05
21999,-0.0089,0.008513999999999999,-0.07473199999999999,-7.199999999999915e-05,0.00011600000000000152,-4.099999999999937e-05
24931,-0.011467,-0.006032,-0.063561,5.699999999999976e-05,0.00024300000000000016,-0.00032399999999999096
24840,0.013292,0.009673,-0.07154,-7.300000000000015e-05,-6.999999999999888e-05,-0.00013799999999998536
20810,0.008678000000000002,-0.00312,-0.065134,7.999999999999674e-05,0.0003440000000000001,-0.00019600000000000173
22649,-0.0025830000000000002,0.0071600000000000006,-0.065721,0.00011699999999999992,0.0004019999999999996,-7.899999999999574e-05
22759,0.01261,0.008782,-0.066118,-3.699999999999884e-05,0.00015399999999999962,-9.100000000000774e-05
24838,-0.012931,-0.003478,-0.069304,-1.1999999999999858e-05,5.300000000000053e-05,0.00021300000000000485
23573,0.016777,0.011715,-0.068122,7.000000000000062e-06,-1.5000000000001124e-05,-7.699999999999374e-05
22299,-0.005242,-0.002263,-0.067584,0.00011000000000000072,0.00021899999999999958,1.8000000000004124e-05
17276,0.015687,0.011550000000000001,-0.072776,-7.199999999999915e-05,5.199999999999823e-05,-0.00017100000000000448
24322,0.015949,0.009321,-0.07260599999999999,5.9999999999997555e-05,4.000000000000184e-05,-0.0002590000000000092
24649,0.008632999999999998,-0.012721,-0.061173000000000005,8.800000000000127e-05,0.0001849999999999994,-0.00010499999999999399
22615,-0.004158,0.0027589999999999997,-0.06911,0.00010200000000000053,9.200000000000007e-05,3.500000000000725e-05
22632,-0.001414,-0.010595,-0.065274,9.699999999999986e-05,0.00013300000000000117,-0.00026099999999999735
24826,0.00447,-0.008134,-0.063726,0.00024300000000000016,0.000256000000000001,-0.0001799999999999996
22932,0.009349999999999999,0.006313,-0.064447,7.600000000000141e-05,0.00019300000000000046,0.0001310000000000061
23516,-0.00411,0.009128,-0.067138,4.200000000000037e-05,0.00017699999999999834,-0.00010199999999999099
25028,0.014426,-0.0014010000000000001,-0.06501699999999999,7.500000000000041e-05,0.00012200000000000015,-1.0000000000148779e-06
24542,0.012821999999999998,-0.0024649999999999997,-0.066413,0.000199000000000003,0.00011199999999999969,2.6999999999999247e-05
9675,0.007521,0.008777,-0.07273099999999999,-8.600000000000014e-05,0.0001239999999999991,-0.00019700000000000273
23230,-0.004817,0.0060030000000000005,-0.063346,7.000000000000062e-05,0.00025499999999999915,-0.00010700000000000986
19748,-0.006704,0.012022999999999999,-0.063994,0.0,0.00017900000000000034,-5.7000000000001494e-05
24922,-0.010824,-0.011044,-0.06910899999999999,0.00020699999999999885,0.0002500000000000002,-0.0002349999999999991
24974,0.007906,0.007935,-0.062594,1.1999999999999858e-05,0.0001410000000000005,1.2999999999999123e-05
23657,-0.003356,0.006562,-0.06561700000000001,0.0001299999999999999,0.0003259999999999999,-2.2999999999995246e-05
24951,0.012509000000000001,-0.012747,-0.067168,0.00010800000000000046,-2.5000000000000716e-05,-7.899999999999574e-05
20197,0.010496,-0.010641999999999999,-0.071146,2.1000000000000185e-05,-0.00012600000000000285,-0.0001820000000000016
14131,0.015903,0.001536,-0.071645,8.400000000000074e-05,0.00014100000000000007,-0.00011999999999999511
19161,-0.014251,-0.006208,-0.076621,-0.00023300000000000057,7.499999999999955e-05,-9.599999999999886e-05
22619,0.001317,-0.003261,-0.0735,-2.9999999999999645e-06,0.00013000000000000034,1.1999999999998123e-05
24645,-0.012013,-0.003943,-0.06358,-2.599999999999998e-05,0.00014000000000000037,-0.00022500000000000298
23588,0.003005,0.010915,-0.065932,-5.999999999999929e-06,0.00028000000000000073,7.000000000007001e-06
24914,-0.01084,-0.000953,-0.062588,-0.00012700000000000038,0.000192,-3.299999999999137e-05
24676,0.012348000000000001,0.004798,-0.074788,-9.800000000000086e-05,8.099999999999948e-05,-0.0001950000000000146
24943,0.00428,0.0035470000000000002,-0.068865,2.8000000000000247e-05,0.0002329999999999997,-0.00014599999999999336
24849,-0.004197,-0.007759,-0.065967,0.00015700000000000002,0.00025100000000000035,-1.5000000000001124e-05
10746,0.007061,0.011852999999999999,-0.072795,-0.00018599999999999953,3.500000000000031e-05,-0.00012199999999999711
17431,-0.007601,0.004318,-0.070108,0.0002630000000000002,0.00011100000000000085,2.0000000000006124e-05
23611,-0.014568,-0.007649,-0.070157,0.00016000000000000042,0.00021400000000000065,-0.0001360000000000111
18454,-0.012118,0.000526,-0.067591,6.200000000000129e-05,0.00018999999999999996,6.699999999999762e-05
23556,-0.0031219999999999998,-0.008391,-0.07359399999999999,0.0001839999999999997,0.000167999999999998,-0.00021700000000000885
23208,0.006606,-0.0021939999999999998,-0.066899,6.499999999999995e-05,0.0003119999999999998,-0.00020599999999999785
18850,-0.006677,-0.000266,-0.065508,0.0001479999999999997,0.00013000000000000002,0.00020399999999999585
24565,0.007482,-0.0069630000000000004,-0.062183999999999996,0.0001280000000000005,8.6000000000001e-05,-0.0002530000000000032
9764,0.014197,0.000851,-0.07109900000000001,0.00011099999999999999,9.599999999999995e-05,-8.700000000000374e-05
23419,0.000513,-0.011908,-0.067995,0.00021,0.0001020000000000014,-0.00017000000000000348
22654,-0.010702999999999999,-0.009444000000000001,-0.073387,2.9999999999998778e-05,0.00019000000000000093,-0.00016599999999999948
23994,-0.014497999999999999,-0.011028,-0.073313,4.89999999999987e-05,0.00029799999999999965,-3.999999999998449e-05
21951,0.001573,0.01119,-0.070006,-3.0999999999999995e-05,0.00014799999999999883,-2.1000000000007124e-05
24488,-0.003039,0.010718,-0.06567100000000001,-1.2000000000000292e-05,0.0003119999999999998,-0.00012199999999999711
23585,0.004277,0.008228999999999998,-0.067979,4.799999999999943e-05,0.0002380000000000021,1.9999999999881224e-06
21978,0.000247,0.007318,-0.06615399999999999,0.00017,0.00018300000000000087,-9.800000000000086e-05
24602,-0.006415,-0.00204,-0.062005000000000005,6.399999999999982e-05,9.200000000000028e-05,-0.00014699999999999436
24275,-0.003369,0.002649,-0.07310599999999999,8.600000000000014e-05,0.0002469999999999998,2.499999999998337e-05
24331,0.012109,-0.012825,-0.064496,0.00019699999999999926,0.00015800000000000015,-5.000000000000837e-05
21444,-0.006455,-0.007861,-0.069397,0.00019499999999999986,0.0002840000000000004,-0.00013900000000000023
18819,-0.001365,0.007825,-0.072572,-0.00010100000000000018,0.00011699999999999905,-0.00011800000000000699
23072,-0.007261,-0.011385,-0.068358,2.2999999999999583e-05,0.0001799999999999996,6.799999999999862e-05
23518,-0.003868,0.0111,-0.069961,-3.699999999999971e-05,0.00023500000000000083,-5.500000000001337e-05
21161,0.006453,-0.001746,-0.07282599999999999,-3.600000000000044e-05,0.00016399999999999987,-6.30000000000075e-05
24511,0.0055780000000000005,-0.002306,-0.07342900000000001,-7.300000000000102e-05,0.00022599999999999964,-9.999999999982245e-06
22661,0.011873,0.006322,-0.075438,-0.00020699999999999885,7.599999999999968e-05,-0.0002500000000000002
12914,0.014384000000000001,0.002581,-0.072529,5.299999999999923e-05,0.0001259999999999998,-0.0001300000000000051
25093,0.000174,-0.012112999999999999,-0.06557500000000001,0.000252,0.00020899999999999912,-0.0002329999999999971
24975,0.012067999999999999,-0.013367,-0.064341,0.00019000000000000093,8.400000000000074e-05,4.599999999999049e-05
24868,-0.005883,0.009029,-0.074202,-0.0001399999999999995,2.499999999999898e-05,-0.00014499999999999236
22635,0.008685,-0.012492000000000001,-0.069199,8.99999999999998e-05,7.700000000000241e-05,0.00010399999999999299
24528,0.011249,0.009729,-0.069603,7.899999999999921e-05,9.599999999999886e-05,-0.00014100000000000223
22340,0.008124000000000001,-0.006876,-0.065491,7.299999999999841e-05,0.00017,-1.9000000000005124e-05
24008,0.00827,0.002813,-0.070013,0.00023500000000000083,0.00017599999999999994,-0.00015500000000000236
19554,0.008036,-0.01188,-0.066153,0.00023699999999999936,9.400000000000033e-05,7.10000000000155e-05
24178,-0.00058,-0.012141,-0.073872,7.800000000000005e-05,0.00020300000000000006,8.899999999999186e-05
24283,0.008494,0.002386,-0.061905,0.00021200000000000038,0.000307,-0.00010699999999999599
24262,-0.014147,0.007871000000000001,-0.070706,0.0001360000000000007,1.9999999999999185e-05,-5.999999999992123e-06
24398,-0.002029,-0.00743,-0.076293,5.199999999999996e-05,0.0001380000000000001,-0.00012099999999999611
24184,-0.011557,0.000579,-0.073048,0.00014699999999999956,5.000000000000002e-05,-7.100000000000162e-05
24333,-0.000666,-0.006405,-0.063621,0.00017300000000000009,0.000255,-0.00015300000000000036
12819,-0.006241,0.00618,-0.07142,6.800000000000035e-05,7.600000000000055e-05,-3.200000000000425e-05
24604,-0.009231,0.004642,-0.058011,3.400000000000104e-05,0.0002509999999999995,-0.00019200000000000467
24810,-0.007487,0.000594,-0.06581699999999999,4.69999999999993e-05,0.00020600000000000002,7.499999999997786e-05
16960,-0.00843,0.001091,-0.067328,0.00019099999999999846,0.00025500000000000024,0.0001749999999999946
23926,-0.008791,0.007437,-0.067259,9.400000000000033e-05,0.00010600000000000019,-1.5000000000001124e-05
24174,5.1e-05,-0.0035470000000000002,-0.065471,0.00023699999999999996,0.00020100000000000022,-4.899999999999349e-05
24640,-0.006013,-0.005607999999999999,-0.06663,0.0001349999999999997,0.00018099999999999974,0.00010799999999998311
24888,-0.001166,0.004791999999999999,-0.059844999999999995,0.000223,0.00026900000000000014,-2.5000000000004186e-05
9857,0.003946,0.008872999999999999,-0.072381,-5.199999999999953e-05,0.00011200000000000099,-0.00011300000000000199
22978,-0.004248,0.006725,-0.07067100000000001,1.5000000000000256e-05,9.099999999999994e-05,-6.499999999999562e-05
24769,-0.013679,0.00754,-0.07477400000000001,-3.8999999999999105e-05,5.7000000000000627e-05,-1.9999999999881224e-06
23207,0.004188,0.010234,-0.06528400000000001,7.100000000000075e-05,0.00032399999999999964,7.000000000007001e-06
24776,0.0036469999999999996,-0.00394,-0.06779900000000001,8.700000000000027e-05,0.00027800000000000004,-9.499999999999786e-05
24652,-0.014653000000000001,-0.008887,-0.072198,0.00011900000000000105,0.0001470000000000013,-7.100000000000162e-05
24613,-0.00888,-0.009608,-0.059587,0.00020500000000000032,0.00014500000000000103,-0.00011600000000000499
24686,-0.00394,-0.008901,-0.073073,3.500000000000031e-05,0.0003099999999999995,-0.00020900000000000085
19924,0.009516,-0.006023,-0.07057899999999999,0.0001899999999999992,7.099999999999988e-05,-1.4000000000014001e-05
22733,0.004301,-0.005981,-0.06422199999999999,0.0001349999999999997,0.00021399999999999978,-0.0003510000000000041
24200,-0.005793,0.010888,-0.072507,-0.00011599999999999978,0.00011599999999999978,-0.00010899999999999799
24899,-0.002643,-0.008012,-0.06804099999999999,0.000183,0.00025299999999999975,-0.00012000000000000899
9845,0.015627000000000002,-0.003214,-0.072801,5.999999999995592e-06,9.600000000000017e-05,-8.600000000000274e-05
24819,0.002562,-0.012542,-0.066407,0.00030199999999999975,0.00010299999999999893,-0.00021300000000000485
23704,0.011543,0.003941,-0.063135,0.00015500000000000062,0.00032300000000000037,-0.00011500000000000399
24265,0.013004,0.010526,-0.067417,-8.000000000000021e-05,4.89999999999987e-05,-0.00016099999999999448
22669,0.012119999999999999,0.003049,-0.072936,3.500000000000031e-05,0.00017700000000000007,-0.00013799999999999923
23530,0.007719,-0.010083,-0.064843,8.099999999999948e-05,0.00023000000000000104,5.7000000000001494e-05
20092,0.0018859999999999999,-0.003069,-0.07298600000000001,-5.499999999999993e-05,0.00014800000000000013,2.6000000000012125e-05
18789,0.010895,0.001411,-0.06637699999999999,5.199999999999823e-05,7.800000000000016e-05,-0.00010000000000001674
20807,0.004190999999999999,-0.0042320000000000005,-0.067428,0.00011000000000000072,0.00030900000000000025,-0.0002550000000000052
17183,-0.000245,-0.000216,-0.06697,0.00021799999999999999,0.00022799999999999999,8.900000000000574e-05
23206,-0.00039200000000000004,0.010584,-0.06454,5.5000000000000036e-05,0.000197000000000001,-0.00011099999999999999
19195,-0.002917,-0.003803,-0.073693,4.699999999999973e-05,0.00014100000000000007,-0.00010200000000000486
23992,0.0007059999999999999,-0.002664,-0.07361100000000001,-4.199999999999994e-05,0.00012200000000000015,3.600000000000825e-05
22651,-0.007149,-0.005868,-0.065262,0.00022900000000000004,0.00018500000000000027,-0.0001789999999999986
24497,0.000245,0.004873000000000001,-0.060981,0.00021700000000000002,0.00027399999999999994,-0.0002570000000000003
23825,-0.010766,-0.004116,-0.070896,1.0999999999998858e-05,0.00016799999999999975,0.00012000000000000899
24232,-0.009634,0.009599,-0.06523699999999999,-1.799999999999892e-05,9.400000000000033e-05,-7.10000000000155e-05
24687,-0.004902,0.0014370000000000001,-0.07336100000000001,0.00011699999999999992,0.00014599999999999986,-2.3999999999996247e-05
24190,-0.006628,0.0007059999999999999,-0.071615,8.5e-05,3.400000000000007e-05,5.3999999999984616e-05
24807,-0.0053620000000000004,-0.0028740000000000003,-0.06704900000000001,0.0001330000000000003,0.00020100000000000022,-1.2999999999985246e-05
23231,0.008553000000000002,-0.005279,-0.074031,-2.3000000000002185e-05,0.00010600000000000019,-0.00010199999999999099
21792,0.008065,0.010955999999999999,-0.072601,-0.0001739999999999988,-3.199999999999904e-05,-0.0001789999999999986
21348,-0.000741,0.008612,-0.072806,-6.400000000000004e-05,0.00010300000000000066,-0.00019700000000000273
22791,0.002851,-0.009824999999999999,-0.065012,8.000000000000021e-05,0.00018199999999999814,-0.00026900000000000535
24278,0.008007,0.006736,-0.071412,-1.1999999999999858e-05,8.000000000000021e-05,-0.00018999999999999573
13741,0.008813000000000001,0.00145,-0.070282,0.0001879999999999972,0.00016700000000000005,-0.00020599999999999785
20098,0.010643000000000001,-0.000373,-0.065841,9.099999999999907e-05,0.000141,-5.600000000001437e-05
24608,0.001417,0.009878999999999999,-0.070712,-3.600000000000001e-05,0.0001799999999999996,-9.000000000000674e-05
19530,-0.01391,-0.004891,-0.068831,-2.999999999999531e-06,0.00020300000000000092,5.500000000001337e-05
17116,0.007777,-0.0007059999999999999,-0.068851,0.0001330000000000003,0.0002409999999999999,-0.0001239999999999991
22400,-0.005171,-0.009439,-0.066716,0.00020000000000000052,0.000253999999999999,-0.00011599999999999111
21713,-0.010209,0.011276999999999999,-0.067584,8.99999999999998e-05,8.6000000000001e-05,-0.00010599999999999499
23045,-0.002646,-0.003716,-0.070914,0.00010399999999999993,0.00012600000000000024,9.000000000009e-06
19425,-0.006849,-0.001802,-0.068203,0.00016799999999999975,0.000343,7.100000000000162e-05
18437,-0.011694000000000001,0.007737,-0.06896,0.00011600000000000152,-1.899999999999992e-05,-3.0000000000030003e-06
16500,0.017922,0.003021,-0.07086,9.999999999975306e-07,0.00010999999999999985,-6.499999999999562e-05
24590,0.00074,0.008534,-0.07267,-0.000116,0.00011300000000000025,-0.00019299999999999873
22917,-0.00372,0.010017,-0.071715,-4.2999999999999636e-05,0.000197000000000001,-2.1000000000007124e-05
21957,-0.005178,-0.001873,-0.069525,3.9999999999996635e-06,0.00018300000000000022,-0.00010199999999999099
19334,0.008961,0.002418,-0.067543,0.00011399999999999952,0.00016799999999999975,-0.0001769999999999966
24910,0.003534,0.003057,-0.06461499999999999,0.0003200000000000004,0.00027200000000000054,0.00011099999999998611
24598,0.016202,0.010801,-0.072212,-0.00011300000000000199,6.899999999999962e-05,-0.00010100000000000386
24240,-5.8e-05,0.00347,-0.066172,7.999999999999999e-05,0.0003489999999999999,1.5999999999988246e-05
19852,-0.005352,0.000129,-0.062819,6.999999999999975e-05,0.00021499999999999997,0.00010399999999999299
24492,0.001906,0.008041,-0.068272,2.3999999999999933e-05,0.00027900000000000147,-5.3999999999998494e-05
23600,0.014,-0.001718,-0.071508,7.599999999999968e-05,0.00011699999999999992,-0.0001229999999999981
19079,-0.003797,-0.002216,-0.069848,4.199999999999994e-05,0.00016700000000000005,-9.699999999999986e-05
24562,-0.010003,0.003052,-0.07526000000000001,0.00012799999999999964,5.199999999999996e-05,-7.499999999999174e-05
17753,0.013465999999999999,0.00461,-0.073595,1.700000000000139e-05,8.199999999999961e-05,-0.00016000000000000736
12758,0.008144,7.000000000000001e-05,-0.06946200000000001,0.00014799999999999883,0.00022499999999999994,-0.00012799999999998923
23827,0.001175,0.00191,-0.07011400000000001,8.5e-05,0.00022899999999999982,7.600000000000662e-05
24547,-0.008757,0.005272000000000001,-0.069375,0.0002129999999999979,0.00011799999999999918,-0.00015799999999999148
20732,0.008763,0.004435,-0.067331,0.00016000000000000042,0.00030100000000000005,-7.000000000000062e-05
23552,-0.011831,-0.001806,-0.07382,-7.900000000000094e-05,8.400000000000009e-05,-1.4000000000000123e-05
24520,0.014794999999999999,0.01075,-0.068438,-8.099999999999948e-05,-4.099999999999937e-05,-9.399999999999686e-05
23911,0.004815000000000001,-0.008631,-0.066361,0.0002509999999999995,0.0002189999999999987,-0.0001239999999999991
21350,-0.008558999999999999,0.007402,-0.06433,4.1999999999998636e-05,0.00021300000000000052,3.799999999999637e-05
24911,-0.013616,0.012603,-0.066926,6.599999999999835e-05,-1.2999999999999123e-05,3.300000000000525e-05
24306,-0.0035,-0.001032,-0.07395499999999999,2.1000000000000185e-05,0.00016799999999999996,2.2999999999995246e-05
20713,-0.003615,-0.001108,-0.06974599999999999,0.00011300000000000025,0.00014400000000000003,9.699999999998599e-05
21665,-0.008256,-0.000973,-0.06651,8.5e-05,0.000268,0.00016499999999999848
24408,0.008027,-0.001306,-0.06976600000000001,0.00020400000000000106,0.000286,-0.00016099999999999448
23940,0.010743,-0.004598,-0.065316,5.299999999999923e-05,0.00013299999999999944,-9.000000000009e-06
24381,-0.014222,-0.003263,-0.06656000000000001,4.900000000000043e-05,0.00028399999999999996,5.6000000000000494e-05
15103,0.005511,0.003039,-0.070223,0.00010599999999999932,0.0002620000000000001,-0.00020700000000001273
20748,0.015828,0.008437,-0.069423,-5.3999999999998494e-05,0.0002009999999999998,-9.699999999999986e-05
22383,-0.002191,-0.006931,-0.064122,0.00018100000000000017,0.00019999999999999966,3.100000000000325e-05
23221,0.001716,-0.006716000000000001,-0.06450199999999999,0.00013099999999999982,0.0002180000000000003,-0.00034100000000000796
22321,0.007398,-0.004306,-0.069819,0.00018099999999999974,9.8e-05,-0.0002319999999999961
20960,-0.008194000000000002,0.009748,-0.07007,6.600000000000182e-05,0.00013900000000000023,-0.00015600000000000336
24875,0.00028399999999999996,-0.006598,-0.069944,0.000132,0.0001979999999999994,-0.00019599999999998785
23852,-0.0075309999999999995,-0.00625,-0.07202800000000001,0.0002469999999999998,0.00026700000000000074,-8.499999999998786e-05
23839,0.006783,-0.001371,-0.066202,2.300000000000045e-05,0.000312,-0.00026199999999999835
24504,-0.008667,0.010358000000000001,-0.068793,7.199999999999915e-05,9.900000000000013e-05,-0.0001679999999999876
23546,0.012243,-0.00322,-0.068838,-5.400000000000023e-05,0.00011400000000000039,-0.0001290000000000041
23836,-0.0023020000000000002,-0.01018,-0.064108,0.00011900000000000018,0.0001449999999999993,-0.00013199999999999323
20149,-0.005889,0.005776,-0.068456,2.8999999999999512e-05,0.00019000000000000006,-5.1999999999996493e-05
16248,0.006327,0.0070999999999999995,-0.07496,-8.000000000000021e-05,1.700000000000052e-05,-0.0001250000000000001
18076,-0.008237,0.006371000000000001,-0.071355,0.0001749999999999998,2.499999999999898e-05,-6.30000000000075e-05
18073,-0.002678,0.002021,-0.06593600000000001,0.00014800000000000013,0.0003420000000000003,0.0001290000000000041
23614,0.012119,-0.00023,-0.073129,-7.999999999999327e-06,3.0999999999999995e-05,-7.100000000000162e-05
22923,0.001413,0.002296,-0.06604900000000001,8.000000000000021e-05,0.00028800000000000006,-3.399999999999237e-05
23584,0.003721,0.006951,-0.06528199999999999,0.0002000000000000001,0.00032300000000000037,-5.2999999999997494e-05
13640,0.014903000000000001,0.009724,-0.072521,9.999999999999593e-06,5.599999999999876e-05,-0.00011099999999999999
24552,0.006118,0.004589,-0.071328,9.999999999992654e-07,0.00011900000000000018,-4.800000000000637e-05
24373,-0.015759,0.000695,-0.071972,6.699999999999762e-05,0.00019000000000000006,-0.00020500000000001073
19423,-0.006161,0.008140000000000001,-0.063636,1.3999999999999256e-05,0.00024699999999999896,-9.299999999999586e-05
19509,0.006667,-0.008162,-0.064631,2.499999999999985e-05,0.0001030000000000024,-0.00010500000000000786
24883,0.007986,-0.012001,-0.061317,3.699999999999884e-05,0.0002609999999999991,7.000000000000062e-05
18177,0.009224999999999999,-0.002388,-0.07145399999999999,-8.599999999999927e-05,0.00019700000000000013,5.7999999999988616e-05
20992,0.008884,0.005690000000000001,-0.065342,1.600000000000039e-05,0.00011899999999999931,6.499999999999562e-05
23860,-0.012881,0.009646,-0.07098399999999999,0.00010700000000000119,6.600000000000009e-05,-1.1999999999998123e-05
24224,-0.001206,0.009893,-0.074161,-0.00010800000000000002,0.00010899999999999972,-0.00010699999999999599
21390,0.004091999999999999,-6.500000000000001e-05,-0.067035,4.80000000000003e-05,0.000277,-0.00015999999999999348
19432,-0.005876999999999999,-0.003792,-0.067203,0.0001239999999999991,0.0003119999999999998,-3.999999999999837e-05
23608,0.006956,-0.002931,-0.071866,-9.900000000000013e-05,0.00020800000000000029,2.9000000000001247e-05
19825,-0.000832,0.002072,-0.06836700000000001,8.699999999999995e-05,0.00028200000000000013,0.00011000000000001287
24808,-0.010475,-0.005545,-0.06906,9.900000000000013e-05,0.00016099999999999882,-0.00011200000000000099
24490,-0.010609,0.005202,-0.066785,0.0002020000000000008,0.00025600000000000015,-2.9000000000001247e-05
17846,-0.0071600000000000006,-0.004193,-0.067608,4.60000000000009e-05,0.00019399999999999973,-7.000000000000062e-05
19419,-0.007672,-0.001214,-0.067091,0.00018899999999999993,0.00017599999999999994,6.0000000000060005e-06
22298,-0.014111,-0.00123,-0.068571,-7.000000000000062e-06,0.00026000000000000003,-9.600000000001274e-05
19259,0.003522,0.0023740000000000002,-0.069598,3.999999999999967e-05,0.0002989999999999998,-0.00013599999999999723
24606,0.014539,0.0012330000000000002,-0.06700300000000001,1.6999999999999654e-05,0.0001569999999999998,2.2000000000008124e-05
21977,0.000231,-0.000216,-0.063753,0.000197,0.000283,0.00011800000000000699
24620,-0.00128,-0.012638,-0.069979,0.0001280000000000003,0.00013799999999999923,-0.0001320000000000071
19911,0.008824,-0.009285999999999999,-0.06505200000000001,7.099999999999988e-05,0.0001999999999999988,8.100000000001162e-05
14468,-0.009068,-0.0017620000000000001,-0.066552,4.1000000000001105e-05,0.00014999999999999996,5.099999999999549e-05
16935,0.004822,-0.003976,-0.069992,0.00011400000000000039,0.00022100000000000028,-0.0002550000000000052
21668,0.009011,-0.004215,-0.066771,0.0001010000000000004,9.900000000000013e-05,-2.5999999999998247e-05
11113,0.001585,0.0010580000000000001,-0.07131100000000001,-9.900000000000013e-05,0.00019599999999999978,3.300000000000525e-05
23577,0.008224,-0.002281,-0.072542,-4.1000000000001105e-05,0.0001380000000000001,-9.600000000001274e-05
21776,0.008065,0.006026,-0.067606,0.00011800000000000005,0.0002409999999999999,-8.700000000000374e-05
21769,0.015784,0.005777,-0.067943,3.099999999999978e-05,0.00013399999999999957,-8.199999999999874e-05
21375,-0.0034500000000000004,0.005006,-0.067465,7.100000000000032e-05,0.0002559999999999993,1.7999999999990246e-05
21371,0.009448,-0.010820999999999999,-0.067533,0.0002470000000000007,0.00020699999999999885,0.00010299999999999199
15813,0.008629,0.007235999999999999,-0.06925,3.200000000000078e-05,8.80000000000004e-05,-6.599999999999662e-05
16469,0.0024809999999999997,0.007091999999999999,-0.070945,1.2000000000000292e-05,9.10000000000008e-05,-9.400000000001074e-05
17466,-0.011608,0.005405999999999999,-0.06629900000000001,0.00010500000000000093,0.00022900000000000004,3.600000000000825e-05
23962,-0.0036810000000000002,-0.009162,-0.068661,0.00018500000000000027,0.00020900000000000085,-0.00019500000000000073
17124,0.008957000000000001,0.010378,-0.067753,-0.00011100000000000172,3.5999999999999574e-05,-6.50000000000095e-05
21656,-0.002702,0.0037879999999999997,-0.066203,-4.0000000000000105e-05,0.00029600000000000026,0.00010999999999999899
24258,-0.010561,-0.009554,-0.061238,0.00013199999999999844,-1.6999999999999654e-05,-0.00016499999999999848
22817,0.006036,0.004875,-0.06537699999999999,9.700000000000073e-05,0.0002199999999999997,-0.00017500000000002236
10157,0.002912,-0.004759,-0.073908,-3.100000000000021e-05,0.00016299999999999995,-9.300000000000974e-05
22010,0.000915,-0.0063479999999999995,-0.069537,0.00010700000000000011,0.00020599999999999872,-0.00021300000000000485
20709,0.004615,-0.001231,-0.06605,7.400000000000028e-05,0.0002570000000000002,-0.00021200000000000385
17489,0.007937,-0.005816,-0.066853,3.500000000000031e-05,0.0001330000000000003,-0.00017500000000000848
24491,0.009818,-0.002617,-0.07108,-8.099999999999948e-05,0.00015200000000000023,-9.999999999996123e-06
9772,0.014279,-0.000479,-0.070977,9.800000000000086e-05,9.199999999999996e-05,-0.00010499999999999399
22799,-0.00322,-0.009295,-0.06739,0.00016700000000000048,0.00023799999999999863,-3.499999999999337e-05
24541,-0.010423,-0.006466,-0.07242900000000001,6.100000000000029e-05,0.00036399999999999974,-9.299999999999586e-05
17123,0.011967,0.0060090000000000005,-0.067755,3.0000000000012655e-06,0.00012199999999999971,-4.600000000000437e-05
21412,-0.004698000000000001,0.0017310000000000001,-0.068073,5.6000000000000494e-05,0.00019799999999999983,0.00011699999999999211
20723,0.009606,0.0032280000000000004,-0.06505200000000001,9.900000000000013e-05,0.00026999999999999984,-0.00011499999999999011
15121,0.003995,0.001875,-0.067786,6.899999999999962e-05,0.0002989999999999998,-0.00010699999999999599
24195,-0.005346,-0.011191000000000001,-0.07218000000000001,6.499999999999995e-05,0.0002210000000000007,5.3999999999998494e-05
23520,-0.011028,0.002873,-0.071795,0.00010699999999999946,7.399999999999985e-05,-2.8000000000000247e-05
20570,0.007492,-0.012353,-0.070048,0.000168999999999999,1.6999999999999654e-05,3.100000000000325e-05
24806,-0.008206,-0.003697,-0.071955,4.799999999999943e-05,0.00015200000000000023,9.800000000000086e-05
16139,-0.002215,0.0039,-0.069915,9.500000000000003e-05,0.00021200000000000038,9.400000000001074e-05
22096,-0.013777,-0.000372,-0.07024,0.00018699999999999967,0.00011499999999999998,-0.00016800000000000148
17102,-0.001817,-0.0033090000000000003,-0.07162099999999999,0.00013900000000000002,0.00035300000000000045,-2.0000000000020002e-05
22358,0.003403,-0.00851,-0.06593600000000001,0.00019799999999999983,0.00017900000000000034,-0.00031199999999999284
15880,-0.006272000000000001,-0.0064,-0.06956999999999999,0.0001760000000000008,0.00019399999999999973,-1.7000000000017e-05
