Particle,x,y,z,Vx,Vy,Vz
9990,0.0023580000000000003,0.011705,-0.069678,0.0,0.0,0.0
9792,-0.002213,0.012441,-0.06272,0.0,0.0,0.0
10041,-0.0035819999999999997,-0.001581,-0.065084,0.0,0.0,0.0
9666,0.001625,0.002193,-0.069211,0.0,0.0,0.0
9848,0.010331,0.011224,-0.06634000000000001,0.0,0.0,0.0
9717,-0.011212999999999999,-0.008436,-0.06943,0.0,0.0,0.0
10372,-0.012207,0.004385,-0.070813,0.0,0.0,0.0
10167,-0.004742,-0.0030870000000000003,-0.064873,0.0,0.0,0.0
9302,-0.012204000000000001,0.0009310000000000001,-0.07591200000000001,0.0,0.0,0.0
9850,-0.009435,-0.0029449999999999997,-0.073,0.0,0.0,0.0
9808,0.00189,-0.005214000000000001,-0.068106,0.0,0.0,0.0
10389,-0.006467,0.0020259999999999996,-0.060431,0.0,0.0,0.0
9868,0.012407,0.011739000000000001,-0.06648699999999999,0.0,0.0,0.0
9923,0.009559,-0.01027,-0.066857,0.0,0.0,0.0
9933,0.015906,0.005364,-0.06872700000000001,0.0,0.0,0.0
10602,0.003169,-0.004739,-0.071176,0.0,0.0,0.0
10709,-0.013498,-0.007949,-0.06769,0.0,0.0,0.0
9861,-0.007214000000000001,-0.0011040000000000002,-0.06282,0.0,0.0,0.0
10340,0.009016999999999999,-0.0005759999999999999,-0.07255500000000001,0.0,0.0,0.0
9997,-0.005678,-0.0033450000000000003,-0.076274,0.0,0.0,0.0
10057,-0.008324,-0.011859999999999999,-0.062987,0.0,0.0,0.0
10344,0.007703000000000001,0.00657,-0.075313,0.0,0.0,0.0
9326,0.014773999999999999,0.008417999999999998,-0.067803,0.0,0.0,0.0
10253,0.015768,-0.006658000000000001,-0.076799,0.0,0.0,0.0
9713,-0.009811,0.00127,-0.068247,0.0,0.0,0.0
10365,-0.00514,0.0024089999999999997,-0.063939,0.0,0.0,0.0
10186,-0.010329000000000001,0.00051,-0.076648,0.0,0.0,0.0
9872,-0.006018,-0.001858,-0.06976900000000001,0.0,0.0,0.0
9344,0.010115,-0.001509,-0.06214,0.0,0.0,0.0
9900,0.009433,-0.004925,-0.07176600000000001,0.0,0.0,0.0
9822,0.001101,0.011922,-0.076831,0.0,0.0,0.0
10422,-0.015139,-0.011334,-0.073961,0.0,0.0,0.0
9775,-0.015573,0.0008259999999999999,-0.076193,0.0,0.0,0.0
10440,-0.006481,0.002921,-0.065609,0.0,0.0,0.0
10163,-0.000679,0.009595000000000001,-0.068994,0.0,0.0,0.0
9935,-0.006632,0.008728,-0.07759300000000001,0.0,0.0,0.0
10394,0.003904,-0.008395,-0.06683,0.0,0.0,0.0
9914,0.016418,-0.008611,-0.069456,0.0,0.0,0.0
10115,0.017318,-0.001302,-0.07466400000000001,0.0,0.0,0.0
10506,-0.009282,-0.006538,-0.061571,0.0,0.0,0.0
10427,0.01426,-0.008814,-0.06400700000000001,0.0,0.0,0.0
10331,0.002432,0.01217,-0.066444,0.0,0.0,0.0
10235,0.012616,0.010348000000000001,-0.063375,0.0,0.0,0.0
10615,-0.010431,0.013183,-0.062182,0.0,0.0,0.0
10591,-0.013196999999999999,-0.006772,-0.076295,0.0,0.0,0.0
10021,-0.012985,-0.001807,-0.072764,0.0,0.0,0.0
10380,-0.009307000000000001,-0.008491,-0.062460999999999996,0.0,0.0,0.0
10169,0.0077729999999999995,0.012645,-0.06489700000000001,0.0,0.0,0.0
9952,0.013695,-0.0029140000000000004,-0.073401,0.0,0.0,0.0
10458,-0.0043,0.0045839999999999995,-0.060119,0.0,0.0,0.0
9706,-0.003097,-0.002755,-0.07084099999999999,0.0,0.0,0.0
10483,-0.005288,-0.009893,-0.06682099999999999,0.0,0.0,0.0
10509,0.003783,-0.005098,-0.077512,0.0,0.0,0.0
9605,-0.007742,-0.002247,-0.07266800000000001,0.0,0.0,0.0
10039,0.0006360000000000001,-0.0068449999999999995,-0.076988,0.0,0.0,0.0
10702,0.012266,-0.01262,-0.071253,0.0,0.0,0.0
10734,-0.0028020000000000002,0.00135,-0.07167,0.0,0.0,0.0
9805,0.002069,-0.004274,-0.07411100000000001,0.0,0.0,0.0
9009,-0.0007880000000000001,0.008664999999999999,-0.062140999999999995,0.0,0.0,0.0
10071,-0.007071,0.00214,-0.064178,0.0,0.0,0.0
9771,0.011596,-0.0063490000000000005,-0.069493,0.0,0.0,0.0
10142,-0.009048,-0.003375,-0.073682,0.0,0.0,0.0
9653,-0.005911,-0.0054930000000000005,-0.07078799999999999,-3.400000000000104e-05,0.00013200000000000104,9.299999999999586e-05
9654,-0.011003,-0.003212,-0.075726,-4.99999999999997e-05,-3.000000000000008e-05,4.000000000004e-06
10339,-0.005844,0.005618000000000001,-0.067101,-8.80000000000004e-05,0.0003039999999999987,-0.0001779999999999976
9768,-0.0060149999999999995,-0.008699,-0.070298,0.0001849999999999994,0.0002249999999999995,0.00036499999999999033
10176,-0.006817999999999999,0.00495,-0.072946,5.699999999999889e-05,1.9999999999999185e-05,4.000000000004e-06
10482,-0.010147999999999999,0.007842,-0.075115,-8.99999999999998e-05,1.4999999999999389e-05,-4.899999999999349e-05
9708,-0.010026,-0.005391,-0.06929900000000001,0.00016700000000000048,0.00016799999999999975,0.00014600000000000724
10459,-0.006158,0.0008129999999999999,-0.072914,-5.999999999999062e-06,3.600000000000001e-05,4.000000000004e-06
9658,-0.003286,-0.001474,-0.07197100000000001,-2.1000000000000185e-05,0.00012799999999999986,3.400000000000625e-05
9737,0.005188,-0.007051,-0.063518,2.2000000000000318e-05,0.00012399999999999998,4.100000000001325e-05
10025,-0.006884,0.00899,-0.07515999999999999,-1.8999999999999052e-05,9.000000000000327e-06,-0.00011800000000002087
9553,-0.003836,0.007138,-0.061183,4.40000000000002e-05,0.00028800000000000006,0.00015399999999999442
10846,-0.007407,0.007316,-0.07121899999999999,-1.999999999999398e-06,-2.599999999999998e-05,-0.00010900000000001187
9859,0.008343999999999999,0.011933999999999998,-0.067615,0.00010000000000000113,-6.199999999999782e-05,-0.0001900000000000096
9968,0.008320000000000001,0.001276,-0.06991599999999999,-0.00014400000000000003,0.00013100000000000004,-0.0001850000000000046
9652,-0.0005290000000000001,-0.006307,-0.071258,-3.0999999999999995e-05,9.900000000000013e-05,6.60000000000105e-05
9908,-0.00447,0.012621,-0.068976,7.300000000000015e-05,0.0002210000000000007,-6.20000000000065e-05
9168,-0.008592,-0.007351,-0.07142799999999999,7.700000000000068e-05,0.000196,0.0001779999999999976
9114,-0.0012330000000000002,0.008267,-0.073019,-1.0999999999999942e-05,4.900000000000043e-05,-0.00021199999999998997
10733,-0.0035459999999999997,0.005418,-0.07569799999999999,-2.2000000000000318e-05,8.80000000000004e-05,-0.00020100000000000673
10572,0.002513,-0.0017130000000000001,-0.077379,6.899999999999962e-05,-1.0999999999999942e-05,-0.00015099999999999836
11023,0.0050739999999999995,-0.011113,-0.060908000000000004,0.00010200000000000053,6.299999999999882e-05,7.000000000000062e-05
10629,0.008341,-0.009138,-0.073452,-1.899999999999992e-05,6.499999999999909e-05,-5.8999999999989616e-05
10383,-0.007669,0.010371,-0.07287,-5.200000000000083e-05,-3.999999999998796e-06,-5.099999999999549e-05
9596,0.005525,0.00873,-0.07448600000000001,-1.5000000000000256e-05,-6.100000000000029e-05,-0.00010199999999997711
10808,-0.01131,0.011404,-0.067199,-1.0999999999998858e-05,-4.700000000000017e-05,6.0000000000004494e-05
9270,0.013009,0.000125,-0.06994700000000001,3.0000000000012655e-06,0.00012800000000000002,-9.199999999999486e-05
10912,-0.004104,-0.0047610000000000005,-0.060018999999999996,0.00010999999999999985,0.00031400000000000004,4.900000000000043e-05
10102,0.01676,0.000584,-0.068403,-4.200000000000037e-05,0.00017500000000000003,3.0000000000030003e-06
10749,0.006311,0.012504,-0.06681999999999999,7.699999999999981e-05,0.0001250000000000001,-0.0001290000000000041
8922,-0.009884,0.007221,-0.062484000000000005,9.500000000000133e-05,0.0001979999999999994,0.00011000000000000593
10481,-5.9e-05,0.00509,-0.057879,-0.00013800000000000002,0.00015399999999999962,-0.00013399999999999523
10549,-0.015205,0.004417,-0.07156900000000001,-0.00010999999999999899,-0.00013399999999999957,0.0001340000000000091
9745,-0.00898,0.008726000000000001,-0.073157,-3.099999999999978e-05,3.999999999998796e-06,-8.099999999999774e-05
10773,-0.010097,-0.0006969999999999999,-0.062017,2.000000000000092e-05,0.00011299999999999993,0.00018800000000000067
10771,-0.005313,0.004208,-0.061902,-6.300000000000056e-05,0.00019200000000000033,-1.4000000000000123e-05
10130,-0.015026999999999999,0.0070220000000000005,-0.076574,-0.00011600000000000152,-8.700000000000114e-05,0.0001779999999999976
10884,-0.008316,-0.004809,-0.074073,0.00011500000000000052,0.0001250000000000001,1.1999999999998123e-05
10956,0.006529,-0.012972,-0.071324,4.100000000000024e-05,5.599999999999876e-05,0.0001719999999999916
10554,0.010192999999999999,-0.00717,-0.059951,0.0001570000000000009,0.0002570000000000003,-0.00011300000000000199
11001,0.012441,-0.002093,-0.061625,0.00010300000000000066,0.00010399999999999949,-9.999999999996123e-06
10632,0.003926,-0.008799,-0.075128,7.000000000000062e-06,-6.300000000000056e-05,-7.899999999999574e-05
10015,0.012275000000000001,-0.000866,-0.073196,-6.200000000000129e-05,0.00020399999999999997,-1.8000000000004124e-05
9384,0.009439,-0.010156,-0.072662,-8.79999999999978e-05,0.0001420000000000015,-6.299999999999362e-05
11058,0.006497,-0.008042,-0.060899,0.00011300000000000025,0.0001749999999999998,-0.0001389999999999933
10346,0.007078,0.005216999999999999,-0.07818699999999999,-6.800000000000035e-05,-0.0002169999999999993,-0.00031499999999999584
10174,0.017454,0.00797,-0.07152,0.0001010000000000004,0.00016299999999999995,-3.500000000000725e-05
9598,0.003646,-0.012878,-0.064891,0.00011399999999999995,2.599999999999998e-05,0.00025899999999999535
10827,0.00605,0.003144,-0.065876,7.900000000000008e-05,0.00011899999999999975,-0.0001250000000000001
10274,0.005546000000000001,-0.009504,-0.074509,-0.0001230000000000007,0.00015899999999999942,-1.6999999999989246e-05
10531,-0.008777,0.001704,-0.072976,3.799999999999984e-05,3.000000000000008e-05,-4.900000000000737e-05
9700,0.001977,0.006535999999999999,-0.068223,-0.00016200000000000003,0.00011900000000000105,2.4000000000010124e-05
9970,0.004614,0.009576000000000001,-0.06737699999999999,-0.00010600000000000019,9.199999999999833e-05,-4.500000000000337e-05
9801,-0.010348000000000001,0.001027,-0.062925,9.000000000000327e-06,0.00023500000000000018,-0.0001870000000000066
9273,0.011470000000000001,-0.005149,-0.06797700000000001,0.00011899999999999931,0.00027200000000000054,0.000123000000000012
10791,0.002919,0.013366,-0.065286,7.399999999999985e-05,0.00013200000000000017,-0.00017000000000000348
10792,-0.014497,0.004573000000000001,-0.06934399999999999,-8.299999999999974e-05,-0.0001010000000000004,-0.00010400000000000686
10113,0.007471,-0.003734,-0.069857,6.799999999999948e-05,0.00010899999999999972,-0.00026399999999998647
10800,-0.00020999999999999998,-0.002231,-0.059412999999999994,7.899999999999997e-05,0.00023399999999999983,0.00011499999999999011
10825,0.00844,-0.008489,-0.07152299999999999,-2.5000000000000716e-05,7.799999999999994e-05,-6.50000000000095e-05
9921,-0.007005,-0.006448000000000001,-0.073646,0.0001280000000000005,0.00012000000000000031,0.00015500000000000236
10870,-0.011301,-0.000472,-0.06735899999999999,-3.699999999999884e-05,0.000178,9.899999999998799e-05
10093,-0.009993,-0.00378,-0.062133,-1.9999999999985307e-06,0.00021099999999999982,7.100000000000162e-05
10928,-0.003476,0.012446,-0.061443,-9.39999999999999e-05,0.0002589999999999988,0.00013599999999999723
10957,0.00533,0.007727,-0.060993000000000006,-5.7999999999999025e-05,0.00010699999999999859,1.6000000000009063e-05
10984,0.009130000000000001,0.008603,-0.072519,-8.200000000000048e-05,-1.5000000000001124e-05,-5.099999999999549e-05
11061,0.00818,-0.0015789999999999999,-0.058735,0.00012000000000000031,0.00032299999999999994,0.00014300000000000423
9951,0.009334,-0.009497,-0.072783,-6.400000000000156e-05,5.000000000000143e-05,-0.0002879999999999966
10055,0.015895,-0.00034599999999999995,-0.07188800000000001,-3.599999999999784e-05,0.00017599999999999994,-0.0001719999999999916
9779,0.002426,0.008143000000000001,-0.076408,-1.0000000000005664e-06,-2.400000000000145e-05,-0.0002219999999999861
10686,0.016581,-0.004189,-0.068964,0.00012799999999999964,0.00020699999999999972,-7.900000000000962e-05
10520,-0.006139,0.0040999999999999995,-0.075244,6.600000000000009e-05,-1.999999999999398e-06,-0.00010999999999999899
10361,-0.015955,-0.006626,-0.071588,-0.00015199999999999936,-0.0002149999999999999,-0.00012199999999999711
9688,-0.003842,0.006642,-0.068341,4.999999999999796e-06,0.0002779999999999996,-0.00013900000000000023
10279,0.01298,-0.008846999999999999,-0.063664,0.00018799999999999893,0.0002889999999999993,-0.00015099999999999836
11092,0.012002,-0.00717,-0.070714,9.99999999999994e-05,-2.2999999999999583e-05,-5.200000000001037e-05
9887,0.009441000000000001,0.005772,-0.074348,-6.900000000000135e-05,2.799999999999938e-05,-0.00019800000000000373
10488,0.0026509999999999997,-0.005175,-0.075659,-2.699999999999968e-05,9.999999999999593e-06,-7.400000000000462e-05
11157,-0.002911,-0.000937,-0.060115,6.000000000000016e-05,0.00023300000000000003,7.500000000000562e-05
8908,-0.0015840000000000001,0.003055,-0.066084,-2.599999999999998e-05,0.00024399999999999986,-0.00014499999999999236
10496,0.0011149999999999999,-0.0008020000000000001,-0.060279000000000006,0.00010300000000000001,0.00026900000000000003,-1.0999999999990184e-05
9788,-0.01188,0.009686,-0.065122,-7.000000000000062e-06,-2.3999999999999716e-05,-1.4000000000000123e-05
11090,0.014908,-0.010835000000000001,-0.068584,9.000000000000327e-06,9.900000000000013e-05,2.0000000000020002e-05
11084,0.004573000000000001,-0.0013469999999999999,-0.064216,0.00016099999999999969,0.0001519999999999998,-0.00013399999999999523
9873,-0.010162000000000001,-0.005189,-0.068099,5.699999999999976e-05,0.00016500000000000022,0.00015500000000000236
9690,0.012063,0.001524,-0.07218300000000001,-3.300000000000178e-05,9.099999999999994e-05,-0.00022999999999998022
10042,0.009547,-0.0054859999999999996,-0.063985,0.00011599999999999978,0.000279999999999999,-0.00010299999999999199
9815,0.006669,0.003637,-0.062723,3.799999999999984e-05,0.00014699999999999956,-4.899999999999349e-05
9802,-0.001165,-0.005319,-0.063654,0.00012200000000000015,0.00033500000000000023,-0.00012999999999999123
10535,0.016412,0.01261,-0.068303,-9.800000000000086e-05,4.900000000000043e-05,-6.899999999999962e-05
10567,-0.012475,-0.008335,-0.072116,2.6999999999999247e-05,0.0003060000000000007,3.100000000000325e-05
10374,-0.007068,-0.002454,-0.070738,6.100000000000029e-05,-1.299999999999999e-05,-2.2999999999995246e-05
9678,-0.007539,-0.004719999999999999,-0.070175,-2.300000000000045e-05,7.999999999999934e-05,6.90000000000135e-05
10785,-0.000215,-0.009307000000000001,-0.064461,0.00022899999999999998,0.0001580000000000019,-0.00016800000000000148
11158,-0.015889,-0.007193,-0.07478499999999999,-7.000000000000062e-06,0.00011799999999999918,-0.00011400000000001687
10606,0.008251,0.003101,-0.075337,-6.899999999999962e-05,4.000000000000097e-06,-0.00014300000000000423
9789,-0.006808,-0.003126,-0.066152,5.199999999999996e-05,0.0003049999999999997,-1.9999999999992246e-05
9878,0.00522,0.010019,-0.071741,-0.0002479999999999991,8.299999999999974e-05,-0.0001310000000000061
10066,-0.007668,-0.0019039999999999999,-0.06853000000000001,1.299999999999999e-05,0.0001510000000000001,1.0000000000010001e-05
10812,0.0005,-0.012366,-0.076898,0.00010099999999999996,-4.2999999999999636e-05,1.5999999999988246e-05
10265,0.000441,0.005546000000000001,-0.064274,-5.599999999999995e-05,0.0001299999999999999,-6.799999999999862e-05
11150,-3.4e-05,0.001683,-0.057601999999999993,-4.000000000000002e-06,0.000227,-8.200000000000568e-05
10475,-0.002395,0.009908,-0.061367,-2.400000000000015e-05,0.0003160000000000003,-1.1000000000004062e-05
9778,0.0023769999999999998,0.0068579999999999995,-0.063103,-4.9e-05,0.00020800000000000072,-0.0002349999999999991
10221,0.008818,-0.012672000000000001,-0.074569,-6.299999999999882e-05,2.5000000000000716e-05,0.00018699999999999273
9178,0.002784,0.000124,-0.077196,1.7000000000000088e-05,-4.4e-05,-0.00013599999999999723
10789,0.007921000000000001,-0.012745,-0.06640900000000001,0.00015699999999999915,8.2999999999998e-05,-0.00011399999999998911
10979,0.012753,-0.006652,-0.073503,7.399999999999941e-05,1.299999999999999e-05,7.999999999994123e-06
10034,0.004789,-0.010336999999999999,-0.062255000000000005,0.00010200000000000053,4.29999999999979e-05,-1.1999999999998123e-05
10924,-0.007293,0.003929,-0.061587,3.799999999999984e-05,0.0003229999999999995,7.100000000000162e-05
10561,-0.008167,0.01205,-0.073,-0.00012499999999999838,2.300000000000045e-05,-0.00015300000000001424
9807,-0.012271,0.002563,-0.069154,-6.899999999999962e-05,-8.200000000000048e-05,-0.00017200000000000548
10945,0.011958,-0.000101,-0.064077,9.099999999999907e-05,0.00018600000000000002,-4.900000000000737e-05
11218,-0.011807999999999999,-0.01234,-0.06462000000000001,0.0001289999999999989,7.700000000000068e-05,0.0002530000000000032
10797,-0.010459,0.008631,-0.076038,-0.00016299999999999995,-5.6000000000000494e-05,3.199999999999037e-05
11275,0.005961,0.012336,-0.061408000000000004,-0.00010099999999999953,0.00019300000000000046,-0.0001929999999999918
11032,0.015771,0.012908,-0.064146,2.6999999999999247e-05,1.5000000000001124e-05,-0.00015700000000000436
10386,0.004817999999999999,0.000873,-0.063236,9.30000000000002e-05,0.00019999999999999998,-0.00011200000000000099
11124,-0.006853,0.005347,-0.077516,-5.3000000000000096e-05,-2.0000000000000052e-05,9.100000000000774e-05
9943,0.000776,0.006498,-0.07509,-1.299999999999999e-05,9.999999999992654e-07,-4.599999999999049e-05
10114,0.014466,0.000486,-0.07177700000000001,-7.599999999999968e-05,0.00010899999999999994,-0.00017699999999998273
10843,-0.013571,-0.0019010000000000001,-0.076014,-7.300000000000015e-05,2.400000000000015e-05,-5.099999999999549e-05
11324,0.001204,-0.000486,-0.065581,5.899999999999981e-05,0.000298,0.0001890000000000086
10973,0.00954,0.01173,-0.064437,-8.700000000000027e-05,6.899999999999788e-05,-3.700000000000925e-05
10271,0.012251,-0.012915,-0.069119,7.300000000000015e-05,0.00017099999999999928,2.5000000000011124e-05
10708,-0.0012079999999999999,0.006965,-0.063543,5.199999999999996e-05,0.0001730000000000004,6.499999999999562e-05
10362,-0.008862,-0.003454,-0.06358,0.00013699999999999997,0.00023900000000000006,5.3999999999998494e-05
10769,-0.015542,-0.004769,-0.07488,-0.00025400000000000075,1.599999999999952e-05,1.8999999999991246e-05
9287,0.010114000000000001,-0.002326,-0.074428,0.00011499999999999705,-4.000000000000097e-06,-0.00010200000000000486
11119,0.008074,0.0006850000000000001,-0.062126,0.0001010000000000004,0.000294,-5.7000000000001494e-05
10393,0.011000999999999999,0.000283,-0.07448,-0.00011299999999999852,9.000000000000002e-05,-4.299999999998749e-05
10809,0.009263,0.004745,-0.074325,-4.70000000000019e-05,1.899999999999992e-05,-9.099999999999386e-05
11136,0.0009220000000000001,0.010195000000000001,-0.068387,7.999999999999978e-06,4.799999999999943e-05,0.00013900000000000023
9590,-0.001356,0.003202,-0.075714,-3.799999999999984e-05,0.00010000000000000026,-0.00015799999999999148
10477,-0.00405,-0.009609,-0.060418,0.00016100000000000012,0.0001799999999999996,-2.6000000000005186e-05
10121,-0.003712,0.000497,-0.07167799999999999,2.5000000000000282e-05,0.00013900000000000002,-3.400000000000625e-05
10774,0.007652,-0.0063360000000000005,-0.073718,-4.999999999999796e-06,1.0000000000001327e-06,-8.499999999998786e-05
11213,0.008107,0.00724,-0.060432,-2.1000000000000185e-05,0.0003679999999999994,-0.0004000000000000045
9955,0.000447,0.0036349999999999998,-0.070937,-4.500000000000001e-05,4.600000000000047e-05,-0.00014899999999999636
10574,0.011598,-0.01017,-0.072487,-4.799999999999943e-05,0.0001349999999999997,-1.1999999999998123e-05
10623,0.015474,0.0052569999999999995,-0.07045900000000001,-0.00011199999999999925,-8.99999999999946e-06,-0.00018699999999999273
11271,0.012152,0.00191,-0.074087,-0.00014199999999999977,0.00010500000000000028,-7.500000000000562e-05
9617,0.0017909999999999998,-0.011984999999999999,-0.069488,0.00015600000000000032,8.499999999999827e-05,-0.00021300000000000485
10536,-0.007397,0.002764,-0.060298000000000004,-7.799999999999994e-05,0.00018499999999999983,-0.00011799999999999311
9924,0.014015000000000001,0.0019470000000000002,-0.07237099999999999,-6.400000000000156e-05,0.0001609999999999999,-4.100000000001325e-05
9377,0.003605,-0.009603,-0.071995,7.699999999999981e-05,0.0001299999999999999,-4.999999999991123e-06
10548,-0.004467,-0.000915,-0.06645999999999999,8.899999999999967e-05,0.000361,-0.00015400000000001524
10073,0.013775,0.0012070000000000002,-0.068245,-4.900000000000043e-05,-1.0000000000001327e-06,-3.399999999999237e-05
9867,-0.014403000000000001,-0.000439,-0.067247,-0.00010799999999999872,0.000143,7.299999999998974e-05
10368,0.003257,0.0006929999999999999,-0.06215,0.00016500000000000022,0.0002620000000000001,5.1999999999996493e-05
9716,-0.009125,-0.006566,-0.066741,0.0001899999999999992,0.00012899999999999977,0.00025499999999999134
10757,-0.001806,0.012815,-0.067072,0.0001200000000000001,9.800000000000086e-05,-7.899999999999574e-05
10835,-0.006725,-0.0049429999999999995,-0.06705599999999999,2.900000000000038e-05,0.0003069999999999991,-3.300000000000525e-05
10077,0.00558,-0.011852,-0.068888,4.8999999999999565e-05,-6.899999999999962e-05,-1.9999999999992246e-05
9266,-0.011302,0.009166,-0.07140300000000001,-3.7000000000000574e-05,-7.200000000000088e-05,-5.6000000000000494e-05
10801,-0.00563,-0.001003,-0.072307,-1.1000000000000593e-05,0.00013699999999999997,-5.2999999999997494e-05
9750,-0.003877,0.012629,-0.063708,6.299999999999969e-05,0.0002160000000000009,-0.00014799999999999536
11341,0.011509,0.002353,-0.063804,4.699999999999843e-05,9.30000000000002e-05,9.999999999996123e-06
10880,-0.009683,-0.002381,-0.075197,-7.599999999999968e-05,5.999999999999929e-06,-2.5999999999998247e-05
11235,-0.011718,0.00554,-0.064178,6.999999999998327e-06,1.299999999999999e-05,-6.499999999999562e-05
10805,0.000989,0.003278,-0.05976,1.1999999999999858e-05,0.0003110000000000001,-5.3999999999998494e-05
11131,0.0076879999999999995,-0.005327,-0.069946,1.899999999999992e-05,8.000000000000194e-06,-3.900000000001125e-05
10766,0.003892,0.01158,-0.074654,-3.799999999999984e-05,4.49999999999999e-05,-0.00020100000000000673
10151,0.016996999999999998,0.003591,-0.072384,-1.3999999999996654e-05,0.00022099999999999984,-0.00013899999999998636
10511,-0.007931,-0.009222,-0.07732,-4.0000000000000105e-05,0.00021099999999999938,0.0001860000000000056
9685,-0.0017749999999999999,0.010953,-0.067122,-0.00010600000000000019,0.00017,-5.200000000001037e-05
10355,-0.013439999999999999,0.00177,-0.06995900000000001,-3.200000000000078e-05,2.9999999999997477e-06,-1.6999999999989246e-05
10753,-0.009158,0.003781,-0.066717,5.9000000000000025e-05,0.00011399999999999995,-0.0001310000000000061
10040,0.015446,-0.005418,-0.066485,8.500000000000174e-05,0.00028600000000000066,-7.100000000000162e-05
9813,-0.011355,0.004447,-0.063259,2.999999999999531e-06,0.00018899999999999993,-5.000000000000837e-05
9723,0.005463,0.003637,-0.06603700000000001,6.100000000000029e-05,0.00011299999999999982,-6.199999999999262e-05
9806,-0.0008629999999999999,-0.012439,-0.069476,0.00022999999999999995,0.00012900000000000064,0.00021200000000000385
11168,-0.00595,0.006392999999999999,-0.064459,4.999999999999796e-06,0.0003510000000000006,-3.9999999999901226e-06
10862,-0.01107,0.008147999999999999,-0.061416,7.000000000000062e-06,0.00023900000000000136,-0.0001500000000000043
9599,-0.010303000000000001,-0.0045179999999999994,-0.064171,0.00016100000000000142,0.00020499999999999945,5.900000000001737e-05
10559,0.000371,-0.004628,-0.059588,9.299999999999998e-05,0.0004330000000000002,-0.00010999999999999899
11163,-0.007098,-0.007898,-0.06371,0.0002390000000000005,0.00014300000000000077,-2.0999999999993246e-05
11195,-0.002094,0.005702,-0.059045,5.600000000000006e-05,0.00020800000000000072,5.1999999999996493e-05
10111,0.018349,-0.00775,-0.06851,-7.000000000000062e-05,1.0000000000001327e-06,-0.00013799999999999923
10189,0.012305,0.001173,-0.062939,9.39999999999986e-05,0.00022999999999999995,-0.00010799999999999699
9761,-0.007295,0.011872,-0.073772,-0.00016899999999999988,-7.000000000000062e-06,-0.00021299999999999097
11215,-0.014618,-0.0055190000000000005,-0.06887900000000001,8.800000000000127e-05,7.600000000000055e-05,-0.00014399999999999136
10580,0.004254,-0.002045,-0.075652,-7.799999999999994e-05,-5.500000000000036e-05,-5.6000000000000494e-05
9754,0.0050940000000000004,-0.00537,-0.07162,-3.900000000000084e-05,3.8999999999999105e-05,-9.099999999999386e-05
9110,-0.004467,-0.002085,-0.069013,1.3999999999999256e-05,0.00023499999999999997,-9.899999999998799e-05
11187,0.012180999999999999,-0.005151,-0.06964000000000001,1.5000000000001124e-05,4.49999999999999e-05,-9.299999999999586e-05
9417,0.000178,0.003919,-0.060767,-8.299999999999998e-05,0.00023300000000000057,-0.00011699999999999905
10345,0.001452,-0.008698000000000001,-0.072972,3.300000000000004e-05,0.00014300000000000077,-6.70000000000115e-05
11348,0.008919,-0.0045,-0.064447,0.00012200000000000058,0.00035099999999999975,5.0000000000050004e-06
10250,0.012121,-2.4e-05,-0.073928,-4.900000000000043e-05,4.5e-05,-2.0000000000006124e-05
9899,0.015050000000000001,0.0016519999999999998,-0.072227,-7.200000000000088e-05,0.00011300000000000004,-0.0002360000000000001
10887,-0.014657,-0.006313,-0.067037,0.00024000000000000063,0.0002630000000000002,-0.00011400000000000299
11025,0.009026,0.009533,-0.073372,-0.00011199999999999925,-3.0000000000000512e-05,-0.00013999999999998736
10820,0.013061,0.00323,-0.07302800000000001,-7.399999999999941e-05,0.0001460000000000003,-0.00010499999999998011
11091,-0.0072510000000000005,0.0027530000000000002,-0.06762699999999999,5.6000000000000494e-05,0.00011799999999999962,-0.00016300000000001036
10448,0.004083,0.005679,-0.073649,-2.0999999999999318e-05,-4.900000000000043e-05,-0.00015300000000000036
9915,-0.0017549999999999998,0.004811,-0.06554900000000001,-8.200000000000004e-05,0.00018400000000000014,-0.0001679999999999876
8837,0.000124,0.010317,-0.064296,6.00000000000001e-06,0.00021900000000000044,-7.799999999999474e-05
9826,-0.003088,0.010924,-0.070536,1.1999999999999858e-05,5.400000000000023e-05,-6.399999999999462e-05
11072,-0.004695,-0.002527,-0.074034,7.000000000000929e-06,3.899999999999997e-05,-7.999999999994123e-06
11117,0.011669,-0.004937,-0.06949,-2.300000000000045e-05,3.400000000000104e-05,-5.099999999999549e-05
10211,0.016393,-0.007973,-0.071797,-2.8000000000003716e-05,7.399999999999941e-05,-0.000124000000000013
11083,-0.008346,0.010608000000000001,-0.07288299999999999,-1.1000000000000593e-05,-5.900000000000176e-05,-0.00014600000000000724
9880,0.011617,0.008188,-0.067581,-3.799999999999984e-05,-2.8000000000000247e-05,-0.00013699999999999823
9641,-0.001706,0.006881,-0.070794,-0.00010299999999999979,8.5e-05,-0.00018999999999999573
10360,-0.013205,0.008261,-0.069762,-4.5999999999999167e-05,-1.8999999999998185e-05,4.600000000000437e-05
11118,0.005309,0.010924,-0.062706,-9.400000000000033e-05,0.00016299999999999995,2.8000000000000247e-05
9181,0.005516,-0.002137,-0.07630200000000001,9.099999999999994e-05,-1.5999999999999955e-05,-0.00015899999999999248
9687,-0.00151,-0.011970000000000001,-0.074177,9.800000000000021e-05,2.000000000002e-06,7.900000000000962e-05
9646,-0.0016439999999999998,0.009651999999999999,-0.074364,3.099999999999978e-05,4.60000000000009e-05,-0.00026199999999999835
9967,-0.0050149999999999995,-0.001772,-0.072465,2.3999999999999716e-05,0.00012800000000000008,-1.5999999999988246e-05
10128,0.014960000000000001,-0.003884,-0.07430400000000001,-6.000000000000796e-06,0.00010699999999999989,-5.7999999999988616e-05
10759,0.0076879999999999995,0.001814,-0.066684,4.4000000000000636e-05,5.800000000000011e-05,-0.00010999999999999899
11120,-0.011696999999999999,-0.004188,-0.07519100000000001,-2.8000000000000247e-05,-8.000000000000021e-05,-1.5000000000001124e-05
9969,-0.013259,0.007927,-0.064754,-7.899999999999921e-05,5.999999999999062e-06,-3.300000000000525e-05
10714,-0.013433,0.006826,-0.071637,-0.00011399999999999952,-0.00013899999999999937,4.900000000000737e-05
10762,0.0009220000000000001,0.011999000000000001,-0.07306399999999999,9.599999999999995e-05,7.000000000000062e-05,-9.500000000001174e-05
9493,-0.004247,-0.007922,-0.064606,0.00024799999999999996,0.00027999999999999987,-0.00011400000000000299
9902,0.004371000000000001,-0.011156000000000001,-0.073426,9.899999999999926e-05,7.700000000000068e-05,4.099999999999937e-05
11108,0.000644,0.007127,-0.07226,-9.199999999999996e-05,8.000000000000194e-06,-0.00011899999999999411
10745,-0.001994,-0.0006860000000000001,-0.067503,0.00011300000000000004,0.00028300000000000005,-0.00010800000000001087
9950,0.015671,-0.00034300000000000004,-0.07191800000000001,-3.800000000000331e-05,0.00014800000000000005,-6.799999999999862e-05
9657,-0.002699,0.007703000000000001,-0.071618,-0.00011500000000000008,0.0001330000000000003,-0.00021799999999999597
10799,-0.0068920000000000006,-0.008527,-0.067325,0.00016600000000000035,0.00020699999999999885,2.6999999999999247e-05
11190,-0.010641999999999999,-0.009875,-0.06647499999999999,-0.00013800000000000097,8.000000000000021e-05,0.0001749999999999946
10495,0.006051,-0.009141,-0.061265,0.00016099999999999969,0.00012700000000000038,-6.499999999999562e-05
9756,-0.009865,-0.008222,-0.066512,7.900000000000094e-05,0.0001749999999999998,0.0001910000000000106
9682,-0.001029,0.010619,-0.069106,-2.0000000000000052e-05,4.999999999999796e-06,-7.700000000000762e-05
10856,-0.014811999999999999,-0.012381,-0.072448,-6.200000000000129e-05,0.0001399999999999995,-8.900000000000574e-05
10527,0.011953,0.0070220000000000005,-0.06705,-9.200000000000007e-05,3.399999999999931e-05,-8.400000000000074e-05
10543,0.009419,0.004865,-0.062529,4.5999999999999167e-05,0.000255,-9.800000000000086e-05
9936,0.0096,-0.010359,-0.065548,0.0001810000000000006,0.00012100000000000131,-7.000000000007001e-06
10385,-0.010679000000000001,0.010041,-0.06895,-5.899999999999829e-05,-5.9000000000000025e-05,1.1999999999998123e-05
9701,-0.01095,-0.004428,-0.069549,2.8999999999999512e-05,7.499999999999955e-05,0.00010199999999999099
9728,-0.002367,0.002356,-0.068265,1.0000000000001327e-06,0.0002459999999999997,-0.00012799999999998923
10376,0.010618,0.01278,-0.06687399999999999,5.999999999999929e-05,-3.300000000000004e-05,-2.000000000015878e-06
11087,-0.012281,-0.005585,-0.069888,8.700000000000027e-05,0.00010099999999999953,0.0001950000000000146
9814,0.0022730000000000003,0.007829,-0.066058,-0.00010300000000000023,0.00016600000000000122,-2.0999999999993246e-05
9705,-0.0054269999999999995,0.004834,-0.062658,-1.0000000000001327e-06,0.00026900000000000014,2.6999999999999247e-05
11203,-0.00376,-0.011194,-0.060188000000000005,0.00014499999999999973,0.00019800000000000026,-0.00010599999999999499
9799,-0.011268,0.009406000000000001,-0.075855,-0.00019799999999999852,8.099999999999948e-05,7.900000000000962e-05
10839,0.0044269999999999995,0.003653,-0.076194,-4.49999999999999e-05,4.7999999999999866e-05,-0.00025399999999999034
9919,0.005739,0.009949,-0.07164,-0.0002710000000000004,0.00012900000000000064,-8.400000000001462e-05
10822,-0.004679,-0.010218,-0.07220900000000001,0.00015800000000000015,-1.4000000000000123e-05,0.0001290000000000041
9790,0.007940000000000001,0.003803,-0.075207,-7.900000000000094e-05,-1.5000000000000256e-05,-0.0001840000000000036
10763,-0.011101000000000001,0.007749,-0.075752,-0.00013099999999999744,-5.4999999999999494e-05,4.200000000000037e-05
10786,-0.006401,0.006991,-0.06593500000000001,2.2999999999999583e-05,0.000307,-6.0999999999991616e-05
10020,-0.009302,-0.009977999999999999,-0.065967,-6.600000000000009e-05,0.000281,6.899999999999962e-05
10901,0.011211,0.002062,-0.075494,-4.60000000000009e-05,0.00011000000000000029,-0.00018999999999999573
9686,-0.006391,-0.006927,-0.06814100000000001,8.69999999999994e-05,0.00021099999999999938,-5.1999999999996493e-05
9720,-0.007189,-0.002755,-0.06595000000000001,9.200000000000007e-05,0.00028600000000000023,8.500000000001562e-05
9644,0.003336,0.008282,-0.073567,6.899999999999962e-05,-4.099999999999937e-05,-0.00011300000000001587
10772,-0.007077,-0.006418999999999999,-0.06704600000000001,0.0001349999999999997,0.0004129999999999993,0.00014899999999999636
9639,-0.004817,0.003471,-0.072049,-7.200000000000002e-05,9.89999999999997e-05,-0.00016900000000000248
9712,-0.009281000000000001,-0.00734,-0.06995,5.300000000000096e-05,4.399999999999977e-05,0.0002259999999999901
9651,0.004157,0.004223,-0.072316,-0.00010399999999999993,3.799999999999984e-05,-9.800000000000086e-05
10600,-0.000397,-0.000679,-0.061262,0.00012599999999999997,0.00033500000000000007,-2.4000000000003185e-05
10396,-0.012218,0.010811999999999999,-0.064477,6.100000000000029e-05,-2.2999999999998716e-05,2.3000000000009124e-05
11284,0.015541000000000001,0.008503,-0.06662399999999999,-4.49999999999999e-05,5.9000000000000025e-05,-0.00022800000000001985
9726,-0.011757,0.0071059999999999995,-0.071017,-7.500000000000041e-05,6.000000000000796e-06,1.2999999999985246e-05
10443,0.017598,0.003976,-0.067388,-2.4999999999997247e-05,-6.000000000000016e-05,-0.00032299999999998996
11237,0.004477999999999999,-0.008744,-0.062207,0.0002290000000000009,0.00015199999999999936,-0.0001439999999999983
8866,0.010406,0.004945000000000001,-0.07068200000000001,-0.00010899999999999972,8.99999999999998e-05,-7.099999999998774e-05
11169,-0.0028929999999999997,-0.006245,-0.062222,0.0003079999999999997,0.00022799999999999904,-8.400000000000074e-05
9993,-0.006571,0.0052060000000000006,-0.06497,2.3999999999999716e-05,0.00028099999999999913,-5.7000000000001494e-05
10424,0.0022679999999999996,0.010022999999999999,-0.062793,-2.099999999999975e-05,0.00028000000000000247,5.8000000000002494e-05
9715,0.004163999999999999,-0.0014550000000000001,-0.062594,9.30000000000002e-05,0.0002750000000000003,-0.00014400000000000523
10143,0.001825,-0.008721,-0.06654900000000001,0.00040899999999999986,0.0002489999999999992,0.00010900000000001187
10842,-0.0036309999999999997,-0.004503,-0.077098,-4.5000000000000335e-05,-3.500000000000031e-05,-8.899999999999186e-05
9248,-0.013215,-0.007146,-0.066473,8.599999999999927e-05,0.00025499999999999915,0.00015000000000001124
9739,0.004006,0.007673,-0.073154,6.000000000000016e-05,-4.0000000000000105e-05,-8.800000000000474e-05
10351,0.015759,0.008073,-0.07338599999999999,-0.00011399999999999952,-6.500000000000082e-05,0.00013499999999998236
11018,0.010297,0.0016699999999999998,-0.06399300000000001,6.499999999999909e-05,0.00017200000000000028,-2.9000000000001247e-05
9614,-0.013831,0.004106,-0.064985,-6.100000000000029e-05,4.6000000000000034e-05,-0.00010899999999999799
10987,0.007311,-0.012364,-0.069575,3.699999999999971e-05,-0.00013200000000000017,8.199999999999874e-05
9166,-0.009068,-0.008114000000000001,-0.069368,7.499999999999868e-05,0.0001020000000000014,0.00031099999999999184
10402,-0.003763,-0.0022240000000000003,-0.070087,0.0001789999999999999,0.0002040000000000002,-6.30000000000075e-05
10630,-0.007135,-0.000506,-0.063509,0.0001749999999999998,0.00016600000000000002,-0.00019700000000000273
9983,-0.008962999999999999,-0.00415,-0.069415,-6.300000000000056e-05,8.799999999999954e-05,0.00011200000000000099
9647,0.005514,-0.009186,-0.075194,-4.49999999999999e-05,0.00010299999999999893,-5.7000000000001494e-05
9825,0.008048999999999999,0.009048,-0.06926500000000001,-0.00010499999999999919,-2.5000000000000716e-05,-0.00017699999999998273
9820,0.014658,-0.006454,-0.07318300000000001,7.300000000000015e-05,0.0001579999999999993,-0.00014599999999997948
9849,-0.006894999999999999,-0.010946,-0.069685,0.00010599999999999932,0.00014099999999999877,-1.6000000000002124e-05
9831,0.01292,-0.001967,-0.069574,-9.999999999999593e-06,3.999999999999989e-05,-9.700000000001374e-05
9909,0.013544,0.005248999999999999,-0.068467,-4.4000000000000636e-05,-7.499999999999868e-05,-0.0002459999999999962
9844,0.0027429999999999998,-0.007984,-0.07234900000000001,-5.600000000000006e-05,5.10000000000007e-05,2.3000000000023002e-05
11389,0.001438,0.005407,-0.067876,-6.100000000000007e-05,0.00010099999999999953,-5.7999999999988616e-05
9785,0.002628,-0.0029449999999999997,-0.06483,0.00020299999999999962,0.00031999999999999954,-5.7000000000001494e-05
10350,-0.0094,-0.011648,-0.067618,-5.400000000000023e-05,9.300000000000107e-05,-0.0001900000000000096
9725,-0.007056,0.006745,-0.06182,6.200000000000042e-05,0.0002859999999999998,-3.600000000000131e-05
10084,0.0014750000000000002,0.006985,-0.075796,-3.100000000000021e-05,4.100000000000024e-05,-0.00011699999999999211
10347,-0.010103999999999998,0.003392,-0.062394,4.9999999999980616e-06,0.00034599999999999995,-3.500000000000725e-05
10289,0.013569000000000001,-0.008308999999999999,-0.072867,5.899999999999829e-05,5.4999999999999494e-05,-9.999999999871223e-07
9744,0.014039999999999999,-0.005347,-0.07170699999999999,6.600000000000182e-05,0.00012100000000000045,-6.30000000000075e-05
10764,-0.013175000000000001,-0.010957000000000001,-0.06894,-0.00011499999999999878,0.00022600000000000224,-4.000000000004e-06
10943,0.011868,-0.000799,-0.05946,7.000000000000062e-06,0.00018900000000000004,-8.299999999999974e-05
4863,0.011183,-0.011104,-0.071877,-4.5999999999999167e-05,0.00011300000000000025,-5.200000000001037e-05
9488,-0.002954,0.009974,-0.070544,-0.00012399999999999998,0.00012799999999999964,-0.00022099999999999898
11121,0.003234,0.003979,-0.07077599999999999,-7.499999999999998e-05,6.200000000000042e-05,-0.00017200000000000548
11172,-0.009033,-0.008721999999999999,-0.065526,4.39999999999989e-05,0.00028299999999999853,-0.00010399999999999299
10379,-0.01072,0.002262,-0.071363,-4.39999999999989e-05,-1.7999999999999787e-05,-8.100000000001162e-05
9851,0.002846,0.012376,-0.065526,-1.0000000000000026e-05,7.699999999999894e-05,-6.799999999999862e-05
9672,0.0047610000000000005,-0.006812,-0.07122,-7.000000000000929e-06,5.9000000000000025e-05,-0.00013199999999999323
11209,-0.010180999999999999,-0.000231,-0.068052,-9.000000000000154e-05,0.000241,0.00027399999999999647
8980,0.014185,0.004114,-0.07028,-5.699999999999976e-05,-6.999999999999194e-06,-0.00011700000000000599
9781,-0.014043,0.012188000000000001,-0.067553,-0.0001260000000000011,2.199999999999945e-05,2.1000000000007124e-05
9638,-0.006203,0.006702,-0.07296,3.900000000000084e-05,0.00015800000000000102,-0.0001860000000000056
8875,-0.007804,0.005163999999999999,-0.067244,3.500000000000031e-05,0.0001540000000000005,-0.00014400000000000523
9693,0.017198,0.002534,-0.071226,-3.900000000000084e-05,7.499999999999998e-05,-0.00016800000000000148
9862,-0.013413,0.005882,-0.068451,-0.0001360000000000007,-9.500000000000047e-05,-2.1999999999994246e-05
9777,0.0030110000000000002,-0.0049169999999999995,-0.06829099999999999,0.00016699999999999961,0.00021299999999999965,-0.0001320000000000071
9925,0.00898,-0.005543,-0.072006,-1.2999999999999123e-05,3.699999999999971e-05,-3.300000000000525e-05
9593,-0.007645,7.8e-05,-0.06481,1.600000000000039e-05,0.000116,6.0000000000004494e-05
10744,-0.00619,0.000592,-0.06976399999999999,3.899999999999997e-05,0.00011300000000000004,9.499999999999786e-05
10012,0.015381,-0.00026900000000000003,-0.064281,0.00010899999999999972,0.00015300000000000003,-1.7000000000003124e-05
9838,-0.007925,0.006893,-0.0655,8.89999999999988e-05,0.00017200000000000028,-6.399999999999462e-05
9870,0.006979,-0.0063159999999999996,-0.064146,0.00011400000000000039,0.00019899999999999952,-3.700000000000925e-05
9732,0.0026160000000000003,0.003898,-0.06948,-2.300000000000045e-05,0.00010899999999999929,-0.00013699999999999823
11164,-0.001736,-0.005868,-0.062882,0.0001699999999999998,0.00031999999999999997,-1.6000000000016e-05
9722,-0.004339000000000001,0.006863,-0.07182899999999999,-8.099999999999948e-05,0.00012899999999999977,-7.800000000000862e-05
9698,-0.007883,-0.011482,-0.069623,1.4000000000000123e-05,0.0002699999999999994,-7.699999999999374e-05
11138,0.002091,-0.002387,-0.06857200000000001,0.0001969999999999997,0.0001709999999999997,-0.00014199999999998936
9194,0.0070469999999999994,-0.005235,-0.069577,5.3000000000000096e-05,3.300000000000004e-05,-1.4000000000000123e-05
9893,0.009991,0.005657,-0.06769599999999999,-0.00011099999999999825,0.00015700000000000002,-0.0001350000000000101
10776,-0.002055,-0.001439,-0.07433,-2.3000000000000017e-05,-0.00013199999999999996,-7.400000000000462e-05
9864,0.012241,-0.006085,-0.066978,0.00011399999999999952,0.00022099999999999984,-5.8000000000002494e-05
10105,-0.014549,0.0031810000000000002,-0.07643000000000001,-0.00013200000000000017,-2.0000000000000052e-05,3.400000000000625e-05
9648,-0.000898,0.009444000000000001,-0.071514,-7.699999999999992e-05,1.0999999999998858e-05,-0.00020400000000000973
9659,-0.0068200000000000005,0.010249000000000001,-0.07081399999999999,-3.799999999999897e-05,0.00015299999999999862,-9.000000000009e-06
9963,-0.003666,-0.006142000000000001,-0.072948,-7.699999999999981e-05,9.700000000000073e-05,-1.1000000000011001e-05
10281,0.007320999999999999,-0.002254,-0.069494,0.00011000000000000072,9.500000000000003e-05,-0.0001850000000000046
10038,0.00557,-0.002511,-0.072832,9.999999999992654e-07,-3.399999999999974e-05,-0.00016099999999999448
11081,-0.005515,0.000504,-0.072287,1.1000000000000593e-05,0.00011099999999999999,-2.000000000002e-06
10464,-0.007501000000000001,0.011726,-0.06890500000000001,-9.099999999999907e-05,5.9000000000000025e-05,-3.499999999999337e-05
10507,0.017608000000000002,-0.00124,-0.06616899999999999,6.999999999996592e-06,0.000165,-0.00010600000000000886
10406,0.007193,0.010803,-0.071848,-0.00025299999999999975,9.10000000000008e-05,-3.700000000000925e-05
10434,-0.015077,-0.008584,-0.07008199999999999,9.000000000000327e-06,0.0,-5.300000000001137e-05
10656,-0.010451,0.009737,-0.061664000000000004,2.199999999999945e-05,0.0002129999999999979,-6.899999999999268e-05
10003,-0.008085,-0.009015,-0.07110599999999999,0.0001310000000000009,0.0002559999999999993,0.00019799999999998985
10522,-0.011538999999999999,-0.010845,-0.068272,8.699999999999854e-05,0.0003110000000000005,-5.000000000000837e-05
9773,-0.01075,0.002105,-0.06883199999999999,-7.999999999999327e-06,-6.499999999999995e-05,-0.00010300000000000586
10465,0.00316,-0.010138999999999999,-0.06334000000000001,0.00012799999999999964,0.00010299999999999893,-8.999999999999286e-05
8816,-0.0010220000000000001,0.004623,-0.06863,-1.8000000000000004e-05,0.00014599999999999943,-0.00019399999999999973
10775,-0.013605,0.011252,-0.067526,-7.099999999999988e-05,1.1999999999999858e-05,2.5999999999998247e-05
9759,0.006908,0.009847,-0.07056399999999999,-0.0001510000000000001,1.4999999999999389e-05,-6.80000000000125e-05
10337,-0.000178,0.005789,-0.071512,-0.000132,8.400000000000074e-05,-0.00013199999999999323
9642,-0.0018340000000000001,-0.007338,-0.073531,-6.499999999999995e-05,5.4999999999999494e-05,2.9999999999891225e-06
10542,0.012065,0.004288,-0.062291,-1.899999999999992e-05,0.0003229999999999995,-7.499999999999868e-05
9841,-0.004744,0.002937,-0.061515,-2.8999999999999512e-05,0.0001860000000000004,-2.8000000000000247e-05
9709,-0.005391,0.002888,-0.06629900000000001,-3.9999999999996635e-06,0.00028200000000000013,7.000000000007001e-06
11154,0.00463,0.009699999999999999,-0.06729900000000001,-0.00010599999999999932,9.100000000000254e-05,-4.7999999999978615e-05
11078,-0.013428,0.012168,-0.073099,-8.3999999999999e-05,1.6999999999999654e-05,2.1999999999994246e-05
10200,-0.012603999999999999,-0.0069180000000000005,-0.07056,1.9999999999985307e-06,0.00011000000000000072,0.00016399999999999748
355,0.01061,0.00233,-0.065398,2.999999999999531e-06,0.00016199999999999982,-5.200000000001037e-05
10859,0.003756,-0.010996,-0.06358,0.00014800000000000013,2.400000000000145e-05,-8.900000000000574e-05
9762,-0.011652,0.004153,-0.068213,-8.000000000000021e-05,-3.799999999999897e-05,-7.700000000000762e-05
9856,0.008019,-0.000884,-0.063245,8.799999999999954e-05,0.00026199999999999997,8.899999999999186e-05
9462,-0.009175,-0.002318,-0.06978100000000001,-3.8999999999999105e-05,0.00015100000000000053,-7.299999999998974e-05
9515,0.012695,0.008476000000000001,-0.066995,-8.5e-05,4.99999999999997e-05,-0.00021499999999999297
9871,-0.0033410000000000002,0.00948,-0.072949,-6.599999999999965e-05,0.00017900000000000034,-0.00016200000000000936
9703,-0.001057,0.007424,-0.061848,-9.00000000000011e-06,0.00020499999999999945,-4.099999999999937e-05
10031,-0.000553,-0.010201,-0.06316,0.00011700000000000002,0.0002950000000000001,-0.00015900000000000636
9755,0.0017980000000000001,-0.010743,-0.069448,0.00010599999999999976,0.00011200000000000099,-0.0001260000000000011
11186,0.016429,-0.003156,-0.073286,-2.6999999999999247e-05,6.300000000000012e-05,2.000000000002e-06
9932,-0.008074,0.001952,-0.066302,2.8999999999999512e-05,0.00018000000000000026,-0.00012099999999999611
9684,-0.0028380000000000002,-0.008777,-0.069191,0.00010000000000000026,0.00019199999999999946,0.00011400000000000299
10353,0.007363000000000001,0.012542999999999999,-0.068386,1.5999999999998654e-05,-1.1999999999998123e-05,-0.00010899999999999799
10023,-0.002112,0.010435,-0.070081,2.9999999999999645e-06,4.99999999999997e-05,-0.00013299999999999423
9311,-0.006202,0.010157999999999999,-0.065691,-4.19999999999995e-05,0.0002640000000000021,-4.800000000000637e-05
9668,-0.0025470000000000002,0.008856,-0.071642,-0.00017799999999999977,8.700000000000027e-05,-0.0002450000000000091
11085,-0.006078,0.00401,-0.063632,2.499999999999985e-05,0.0003180000000000006,-0.00011700000000000599
9662,0.009874,0.002954,-0.071274,-5.4999999999999494e-05,1.2000000000000292e-05,-0.00016099999999999448
9876,-0.008371,-0.0011979999999999998,-0.06497199999999999,9.000000000000327e-06,0.00015799999999999972,-1.2000000000012001e-05
9656,-0.004956,0.005589,-0.071232,-5.3000000000000096e-05,0.00012199999999999971,-5.099999999999549e-05
8857,-0.011056,-0.0029500000000000004,-0.067718,0.0001349999999999997,0.00027300000000000024,7.600000000000662e-05
9836,0.015013,0.0020299999999999997,-0.07024599999999999,-3.699999999999884e-05,0.00014300000000000033,-0.0001320000000000071
10026,0.006708,-0.004443,-0.073357,8.299999999999974e-05,3.199999999999991e-05,-0.0001769999999999966
10149,0.008188,0.007791,-0.07139100000000001,-0.00021100000000000112,9.19999999999992e-05,-0.00011599999999999111
9707,-0.005431,-0.005225,-0.070248,-1.4999999999999389e-05,0.00014699999999999956,0.00010600000000000886
9689,-0.013536,0.010289,-0.07350799999999999,-0.0001410000000000005,-2.199999999999945e-05,8.999999999995123e-06
9714,-0.001034,-0.00025,-0.069941,4.49999999999999e-05,0.00016,-0.00014899999999999636
11076,-0.00456,-0.010202,-0.06954,0.00014999999999999996,0.00021199999999999865,0.00016499999999999848
11094,-0.009857,-0.011829000000000001,-0.069628,3.399999999999931e-05,0.0002090000000000026,-9.800000000000086e-05
9798,-0.011241,-0.006557,-0.067188,8.299999999999974e-05,7.100000000000075e-05,0.00024099999999999122
11077,-0.0027440000000000003,-0.003334,-0.065746,0.00022900000000000004,0.00027900000000000017,-7.500000000000562e-05
9645,-0.004320999999999999,0.010877000000000001,-0.072129,-5.900000000000089e-05,0.00012399999999999738,-8.999999999999286e-05
9677,0.013982,0.002314,-0.073412,-9.49999999999996e-05,6.900000000000005e-05,-0.00019699999999998885
10782,-0.011721,-0.0047279999999999996,-0.069623,7.000000000000062e-05,7.099999999999988e-05,6.499999999999562e-05
10750,-0.011114,-0.011787,-0.070275,-2.9999999999998778e-05,0.0003099999999999995,0.00011800000000000699
8928,0.0043,0.0015660000000000001,-0.07226600000000001,-1.6999999999999654e-05,5.099999999999983e-05,-0.00018099999999998673
10391,0.00729,-0.003864,-0.067223,0.00012200000000000058,0.00011499999999999965,-8.199999999999874e-05
9751,0.003682,-0.0010960000000000002,-0.07092100000000001,0.00011399999999999995,0.00015300000000000025,-0.00013799999999998536
11086,-0.004795,0.002234,-0.05992,-9.000000000000327e-06,0.00021600000000000048,-0.00010099999999999693
9855,0.001977,0.001546,-0.07373099999999999,-0.00011699999999999992,-2.9000000000000163e-05,-0.00020700000000001273
10370,0.000495,-0.009923999999999999,-0.072644,5.7000000000000084e-05,0.0001229999999999981,-0.00010400000000000686
9735,-0.004702,0.00635,-0.07145699999999999,-7.700000000000068e-05,7.500000000000041e-05,-8.700000000000374e-05
11320,-0.012667,-0.008916,-0.07342499999999999,-5.400000000000023e-05,0.0003280000000000019,7.099999999998774e-05
10101,0.000999,0.005974,-0.072776,-0.00011800000000000005,-2.5000000000000716e-05,-9.100000000000774e-05
9718,-0.007409,0.005803,-0.06412699999999999,4.99999999999997e-05,0.00025600000000000015,-5.7000000000001494e-05
7759,-0.014674,0.008562,-0.070102,4.49999999999999e-05,-0.00018799999999999893,4.699999999999149e-05
9776,0.004059,0.001217,-0.067261,-3.1000000000000645e-05,0.00010300000000000001,-0.00010300000000000586
10035,0.010645,0.011797,-0.068425,-0.00010099999999999866,-4.99999999999997e-05,-0.00016599999999999948
10919,-0.0020659999999999997,0.002232,-0.05906,-1.1000000000000159e-05,0.00019800000000000026,-4.499999999999643e-05
10767,-0.010103999999999998,0.003286,-0.06981,-1.5000000000001124e-05,-8.59999999999997e-05,-0.00012200000000001099
9710,0.003755,0.0057729999999999995,-0.066715,-1.4000000000000123e-05,0.00019800000000000026,-9.800000000000086e-05
9866,0.003707,0.005941,-0.06559000000000001,2.5000000000000282e-05,0.00022699999999999977,-0.00013199999999997936
10048,0.009981,0.000553,-0.069816,-1.2000000000001593e-05,0.00011099999999999999,-0.00012099999999999611
10136,0.000462,-0.00701,-0.070897,-2.7000000000000006e-05,0.00011399999999999952,3.299999999999137e-05
9793,0.004013,0.010261,-0.07289,-0.00014900000000000026,-4.99999999999997e-05,-0.00010500000000000786
9765,0.011715,-0.002159,-0.068047,6.700000000000109e-05,0.00019300000000000003,-7.699999999999374e-05
9661,0.0013700000000000001,0.003971,-0.068142,5.099999999999983e-05,0.00011400000000000039,-0.00010800000000001087
9691,0.0028290000000000004,0.009148,-0.067848,-0.00012800000000000008,9.800000000000086e-05,-6.399999999999462e-05
9922,0.009328,-0.00879,-0.07006100000000001,-7.000000000000062e-06,2.7999999999998512e-05,-5.5999999999986616e-05
8823,0.0038940000000000003,0.005445,-0.06943,-0.00017700000000000007,8.700000000000027e-05,-1.9999999999992246e-05
10755,-0.0045060000000000005,-0.006495,-0.070622,-4.0000000000000105e-05,0.00020799999999999985,2.2999999999995246e-05
9719,0.005588,0.011696999999999999,-0.069675,-7.300000000000015e-05,-5.6999999999998024e-05,-4.099999999999937e-05
10349,-0.000766,0.0061600000000000005,-0.063069,-6.999999999999997e-05,0.0001449999999999993,-2.000000000002e-06
10707,-0.014291,-0.0018540000000000002,-0.069684,-0.00010600000000000019,-4.699999999999995e-05,2.0999999999993246e-05
9458,0.015592,-0.003146,-0.066547,0.00013400000000000044,0.00021199999999999995,-0.0001300000000000051
9061,0.009026999999999999,0.011566,-0.06968600000000001,-0.00016599999999999775,3.099999999999978e-05,-1.6999999999989246e-05
11147,-0.005113,0.005261999999999999,-0.072587,1.0999999999999725e-05,7.800000000000081e-05,-7.000000000000062e-05
9742,0.013978999999999998,0.008648999999999999,-0.071472,-0.0001229999999999981,4.000000000000184e-05,-0.00014600000000000724
9738,-0.013425000000000001,-0.002282,-0.07081699999999999,-9.299999999999933e-05,7.900000000000051e-05,2.699999999998537e-05
9840,0.007777,-0.012228,-0.06723699999999999,0.00014099999999999963,2.5000000000000716e-05,-0.00012199999999999711
10533,0.013054999999999999,0.004176999999999999,-0.06390699999999999,-9.39999999999986e-05,5.6000000000000494e-05,-4.600000000001825e-05
9763,0.002078,0.0032389999999999997,-0.061237,3.300000000000004e-05,0.00018900000000000037,-0.00014999999999999736
9843,0.004149,0.006849999999999999,-0.06338,-8.69999999999994e-05,0.00012000000000000031,-7.499999999999174e-05
9650,0.0024860000000000004,-0.002533,-0.071713,7.699999999999981e-05,0.0001690000000000003,-0.00016300000000001036
9882,0.008288,-0.0015049999999999998,-0.069611,7.799999999999994e-05,0.00014699999999999978,-0.00012099999999999611
9591,-0.005023,0.00725,-0.065114,5.699999999999976e-05,0.00035099999999999975,-6.899999999999962e-05
10207,0.014175,0.010664,-0.067704,-3.500000000000031e-05,8.3999999999999e-05,-0.00019299999999999873
10445,0.009897,-0.012179,-0.07083400000000001,-4.1999999999998636e-05,0.00011400000000000125,-7.200000000000262e-05
9747,-0.0020099999999999996,-0.007833,-0.068842,1.6999999999999654e-05,0.00024699999999999896,-0.00013399999999999523
9655,0.000527,0.002807,-0.068959,2.800000000000003e-05,0.00014800000000000013,-0.00013799999999998536
9721,-0.0010789999999999999,0.0025369999999999998,-0.070384,1.9999999999998318e-06,0.00017900000000000034,-0.00017000000000000348
9696,-0.003154,0.002205,-0.06815900000000001,1.4000000000000123e-05,0.0002599999999999998,-0.00013299999999999423
9874,0.012861000000000001,-0.001091,-0.067108,0.00010199999999999793,0.0002009999999999999,-7.200000000000262e-05
9640,-0.000433,0.005574,-0.069787,-7.399999999999996e-05,0.00010500000000000006,-0.0001229999999999981
9694,-0.00746,-0.004695,-0.071295,-2.900000000000038e-05,0.00014500000000000016,0.00010399999999999299
9782,0.000433,-0.008058,-0.07181699999999999,-8.5e-05,1.5999999999998654e-05,2.099999999997937e-05
9797,0.012613,0.007655,-0.070006,-0.00012299999999999985,-6.600000000000009e-05,-0.00013699999999999823
9794,0.00907,0.008054,-0.072149,-0.0002009999999999998,6.499999999999909e-05,-9.299999999999586e-05
9847,-0.009401,0.006702,-0.068498,-5.000000000001531e-06,-4.6000000000000034e-05,-4.200000000000037e-05
9796,-0.012667,0.010084,-0.06567700000000001,-2.8000000000000247e-05,1.000000000001e-06,3.1000000000017125e-05
10236,0.00939,0.002439,-0.069637,-0.0001260000000000011,3.9999999999996635e-06,-0.00013399999999999523
11073,-0.004875,-0.002695,-0.07170900000000001,6.299999999999969e-05,0.00013999999999999993,5.100000000000937e-05
9743,-0.001827,-0.012013999999999999,-0.0654,4.699999999999995e-05,0.00027199999999999794,-0.00010499999999999399
10067,-0.011047000000000001,0.007085,-0.062702,1.0000000000027348e-06,0.00020199999999999992,-9.200000000000874e-05
9804,-0.008754,-0.000305,-0.06461,6.299999999999882e-05,0.00016699999999999997,4.000000000001225e-05
9766,0.013949999999999999,0.004634,-0.072677,-0.00010899999999999972,7.799999999999994e-05,-8.199999999999874e-05
9980,0.010388999999999999,0.007679999999999999,-0.06974899999999999,-0.00018799999999999893,6.500000000000082e-05,-0.0001920000000000116
9964,0.001296,-0.011255000000000001,-0.06991,9.799999999999978e-05,7.700000000000068e-05,-0.0001290000000000041
9853,-0.012272,-0.01016,-0.06923399999999999,0.00010999999999999899,0.0002770000000000012,3.399999999999237e-05
10573,0.004979,-0.002395,-0.067759,0.0001510000000000001,0.00018800000000000023,-9.099999999999386e-05
9679,0.003876,0.00736,-0.067323,-3.099999999999978e-05,0.0002859999999999998,4.699999999999149e-05
9695,0.002145,-0.006547,-0.070909,-3.700000000000014e-05,7.900000000000008e-05,-0.00011800000000000699
11304,0.004568,-0.00504,-0.068515,0.00012200000000000058,0.00016800000000000061,-0.00011400000000000299
9170,-0.006515,0.00505,-0.068052,-5.0000000000000565e-05,0.00019300000000000046,-0.00022199999999999998
9681,0.013611,0.000751,-0.069838,2.8000000000000247e-05,0.000116,-0.00015400000000000136
9671,0.00043599999999999997,0.0005470000000000001,-0.066716,-4.999999999999959e-06,0.000227,-0.00014500000000000624
10371,0.009255000000000001,0.0041719999999999995,-0.06560200000000001,2.2999999999998716e-05,0.00020000000000000052,-6.999999999998674e-05
9697,0.0019039999999999999,0.001593,-0.06795,-1.0999999999999942e-05,0.00011499999999999987,-0.00010700000000000986
9956,-0.0022400000000000002,-0.001983,-0.066066,0.00014900000000000026,0.00029799999999999987,-0.0002440000000000081
9206,0.01225,0.010788,-0.068708,-5.9000000000000025e-05,2.099999999999845e-05,-9.100000000000774e-05
9901,0.012395,0.006382,-0.066545,-2.3999999999999716e-05,5.999999999999929e-06,-0.00015999999999999348
9673,0.0011979999999999998,0.0009080000000000001,-0.06614199999999999,2.400000000000015e-05,0.0002859999999999999,-7.999999999999674e-05
10783,0.003143,-0.002595,-0.064564,0.0001780000000000002,0.0003150000000000002,-0.00014400000000000523
10740,0.011515000000000001,-0.0022480000000000004,-0.069096,3.999999999998796e-06,0.00011100000000000042,-2.2999999999995246e-05
10415,0.00897,0.006198,-0.066563,-0.00010600000000000019,0.00018199999999999987,-1.4000000000000123e-05
9670,0.0070469999999999994,0.0081,-0.06797199999999999,-8.899999999999967e-05,6.900000000000135e-05,-0.00015600000000000336
10005,0.012595,-0.00231,-0.064623,0.00010600000000000019,0.00022800000000000034,-5.8000000000002494e-05
9683,0.007227,-0.0057,-0.06839100000000001,8.80000000000004e-05,8.69999999999994e-05,-0.00010499999999999399
10017,-0.004724,-0.00098,-0.071218,8.900000000000054e-05,0.00018899999999999993,-2.6999999999999247e-05
9680,0.007155,0.0005989999999999999,-0.067342,6.999999999999975e-05,0.00012100000000000001,-5.3999999999998494e-05
9977,0.005844,-0.003783,-0.068145,8.199999999999961e-05,0.0001299999999999999,-0.00014599999999999336
9835,-0.009118000000000001,0.003745,-0.063674,0.00010700000000000119,0.0002360000000000001,-0.00011900000000000799
11102,0.004135,0.008938,-0.07045399999999999,-0.00021299999999999965,-2.8000000000000247e-05,-0.00028700000000000947
10367,0.011151,-0.007392,-0.068272,7.600000000000141e-05,0.0001250000000000001,-9.000000000009e-06
10752,0.005492,-0.005665,-0.063411,3.399999999999931e-05,0.00014599999999999943,6.299999999999362e-05
10756,-0.010796,0.005764,-0.067622,-8.400000000000074e-05,3.9999999999996635e-06,-9.199999999999486e-05
10018,0.010661,-0.00799,-0.066547,1.6999999999999654e-05,0.00018000000000000134,-2.000000000015878e-06
11107,0.012738,-0.0069500000000000004,-0.067482,9.99999999999994e-05,0.00017400000000000054,-6.70000000000115e-05
8985,0.008376,0.010747,-0.068745,-2.300000000000045e-05,-9.200000000000007e-05,-0.00018899999999999473
9660,0.005288999999999999,0.001663,-0.06776,-6.999999999999194e-06,3.200000000000013e-05,-4.599999999999049e-05
10413,0.006497,0.00857,-0.067693,-0.0001250000000000001,-1.2999999999999123e-05,-0.0001789999999999986
9183,0.009349999999999999,0.001896,-0.065645,1.3000000000000858e-05,0.00015700000000000024,-4.300000000000137e-05
10129,0.014832000000000001,-0.008638999999999999,-0.07030700000000001,1.699999999999792e-05,8.499999999999827e-05,-0.0001229999999999981
9995,-0.003534,-0.003695,-0.07095900000000001,7.699999999999981e-05,0.00012299999999999985,6.30000000000075e-05
10462,0.010964999999999999,-0.003943,-0.068175,8.400000000000074e-05,0.00016800000000000061,-8.199999999999874e-05
10082,0.009493,0.008981,-0.06643600000000001,-5.9000000000000025e-05,0.00022400000000000024,-7.399999999999074e-05
9724,0.004487,0.00232,-0.066356,2.300000000000045e-05,0.0001460000000000003,-9.100000000000774e-05
9675,0.008159000000000001,0.001522,-0.06793,4.1999999999998636e-05,0.00012100000000000001,-7.100000000000162e-05
10746,0.009992000000000001,0.010203,-0.067836,-2.9000000000001247e-05,-0.00011399999999999952,-0.00015800000000000536
9764,0.009211,-0.0034500000000000004,-0.067262,0.00010299999999999893,9.600000000000017e-05,-6.899999999999962e-05
9857,0.009388,0.005212,-0.068382,-0.00013000000000000164,7.699999999999981e-05,-0.0001260000000000011
9845,0.013314,-0.008142,-0.068053,3.400000000000104e-05,0.00014800000000000056,-0.00014999999999999736
11113,0.003559,-0.008362,-0.069252,-1.1000000000000159e-05,9.99999999999994e-05,-8.099999999999774e-05
10157,0.001024,-0.012237,-0.073034,7.700000000000003e-05,0.00020500000000000032,7.000000000007001e-06
9772,0.011095,-0.0059960000000000005,-0.06884699999999999,6.999999999999888e-05,8.900000000000054e-05,6.999999999993123e-06
