Particle,x,y,z,Vx,Vy,Vz
26678,0.0019790000000000003,-0.005224,-0.064329,0.0,0.0,0.0
26627,0.000205,-0.010977,-0.073162,0.0,0.0,0.0
24868,-0.0065910000000000005,0.009451000000000001,-0.075246,0.0,0.0,0.0
26343,-0.011979,-0.008441,-0.071687,0.0,0.0,0.0
22635,0.009907000000000001,-0.01157,-0.06829600000000001,0.0,0.0,0.0
26723,0.010461,0.001021,-0.062654,0.0,0.0,0.0
26320,-0.01259,0.012162000000000001,-0.073234,0.0,0.0,0.0
25161,-0.002915,0.011503,-0.07144299999999999,0.0,0.0,0.0
24528,0.011743,0.010539,-0.07084900000000001,0.0,0.0,0.0
27149,0.0019690000000000003,-0.011574,-0.068366,0.0,0.0,0.0
26351,-0.0022660000000000002,0.010558,-0.068063,0.0,0.0,0.0
26336,-0.004777,0.003936,-0.06203,0.0,0.0,0.0
25282,-0.002115,-0.004035,-0.067512,0.0,0.0,0.0
25541,0.006925,-0.008522,-0.06892100000000001,0.0,0.0,0.0
22340,0.00875,-0.005852,-0.06566,0.0,0.0,0.0
25440,0.008406,0.010206,-0.066656,0.0,0.0,0.0
27141,0.005864,-0.001259,-0.07655200000000001,0.0,0.0,0.0
26615,-0.001356,-0.0037080000000000004,-0.068591,0.0,0.0,0.0
26981,0.014416,-0.003934,-0.073225,0.0,0.0,0.0
24008,0.010294000000000001,0.00414,-0.070855,0.0,0.0,0.0
19554,0.009989000000000001,-0.010683,-0.06486199999999999,0.0,0.0,0.0
27017,-0.003265,-0.001567,-0.061732,0.0,0.0,0.0
27086,0.003837,-0.010692,-0.077217,0.0,0.0,0.0
26401,0.005083,-0.009651,-0.061619,0.0,0.0,0.0
26075,-0.004921999999999999,-0.009755000000000002,-0.06906,0.0,0.0,0.0
26665,0.012691000000000001,-0.005082,-0.06790900000000001,0.0,0.0,0.0
25727,-0.000133,0.0043029999999999995,-0.063799,0.0,0.0,0.0
26947,0.014978,0.004925,-0.062541,0.0,0.0,0.0
27028,0.013626,-0.007253999999999999,-0.06573999999999999,0.0,0.0,0.0
26744,-0.013637999999999999,-0.012261,-0.06612900000000001,0.0,0.0,0.0
27188,-0.007795,-0.001829,-0.060471,0.0,0.0,0.0
24178,0.000371,-0.01036,-0.0735,0.0,0.0,0.0
24283,0.010302,0.0052450000000000005,-0.063209,0.0,0.0,0.0
26963,-0.008939,-0.008063,-0.07586799999999999,0.0,0.0,0.0
27095,-0.014304,5.4e-05,-0.066976,0.0,0.0,0.0
26926,-0.001737,0.001048,-0.068376,0.0,0.0,0.0
26941,-0.003484,0.007352,-0.073292,0.0,0.0,0.0
26971,-0.011618999999999999,0.012681,-0.066283,0.0,0.0,0.0
26790,0.015776,-0.005199,-0.066526,0.0,0.0,0.0
25461,0.016616,-0.006138,-0.076136,0.0,0.0,0.0
25365,-0.00039200000000000004,0.011281000000000001,-0.073322,0.0,0.0,0.0
26883,0.01489,0.010199,-0.06563,0.0,0.0,0.0
25993,0.012082,0.006199,-0.06614300000000001,0.0,0.0,0.0
26819,0.001514,0.00134,-0.077496,0.0,0.0,0.0
26385,-0.005956,0.010424,-0.070319,0.0,0.0,0.0
26014,-0.004782,0.012483000000000001,-0.07311799999999999,0.0,0.0,0.0
26950,0.008657999999999999,-0.010809,-0.062756,0.0,0.0,0.0
24262,-0.012872999999999999,0.008212,-0.07058,0.0,0.0,0.0
26340,-0.002111,0.012605,-0.06993200000000001,0.0,0.0,0.0
26977,-0.010846,0.0038380000000000003,-0.058677999999999994,0.0,0.0,0.0
24398,-0.0014199999999999998,-0.006206000000000001,-0.077214,0.0,0.0,0.0
26682,-0.011201000000000001,0.01148,-0.065614,0.0,0.0,0.0
26420,-0.006809,-0.011462,-0.065756,0.0,0.0,0.0
26766,0.010492000000000001,-0.007488000000000001,-0.064898,0.0,0.0,0.0
24184,-0.009854,0.000864,-0.073526,0.0,0.0,0.0
27040,0.0034590000000000003,-0.010338,-0.07450799999999999,0.0,0.0,0.0
25146,0.006811,-0.010407999999999999,-0.066136,0.0,0.0,0.0
27143,-0.001028,0.003782,-0.069196,0.0,0.0,0.0
27192,-0.010807,0.000391,-0.07759300000000001,0.0,0.0,0.0
24333,0.001072,-0.003862,-0.06475,0.0,0.0,0.0
26730,-0.011944000000000001,-0.011380000000000001,-0.062079999999999996,0.0,0.0,0.0
12819,-0.005745,0.006964000000000001,-0.071471,0.0,0.0,0.0
24604,-0.008751,0.006781,-0.058427999999999994,0.0,0.0,0.0
26026,0.010306,-0.007353,-0.07565000000000001,0.0,0.0,0.0
24810,-0.007045,0.002846,-0.065094,1.700000000000052e-05,0.000294,0.00012099999999999611
16960,-0.0069429999999999995,0.003568,-0.06594199999999999,0.00011599999999999978,0.0002599999999999998,0.00010399999999999299
23926,-0.007436,0.008357,-0.06719,0.0002379999999999995,0.00015899999999999942,0.0
26316,0.005656,0.010988,-0.072289,-0.0002489999999999992,8.000000000000021e-05,-0.00027599999999999847
25185,-0.0067220000000000005,0.0011149999999999999,-0.06341,-4.299999999999877e-05,0.00018599999999999997,7.799999999999474e-05
24174,0.002139,-0.0014219999999999999,-0.065993,0.0002670000000000003,0.00032799999999999973,-8.999999999995123e-06
26338,0.004809,-0.00296,-0.070378,0.00023000000000000017,0.00029699999999999996,-0.00028100000000000347
26659,0.008124000000000001,0.010889,-0.074286,-0.00012900000000000064,4.1000000000001105e-05,-6.0999999999991616e-05
26940,0.008082,0.010322,-0.063664,5.800000000000076e-05,0.00020199999999999906,-2.5999999999998247e-05
27024,-0.0025870000000000003,-0.012503,-0.067634,0.00027300000000000024,0.00019300000000000046,-0.00010200000000000486
24640,-0.0045839999999999995,-0.004111,-0.06669199999999999,0.000194999999999999,0.0002360000000000001,5.3999999999984616e-05
26812,0.004214000000000001,0.001132,-0.07466500000000001,-2.5000000000000716e-05,0.00022000000000000014,-3.099999999998937e-05
27349,0.0060750000000000005,0.001841,-0.065126,0.0001719999999999994,0.0001920000000000001,-2.5999999999998247e-05
25335,-0.00937,0.0046040000000000005,-0.06303,-3.500000000000031e-05,0.00027399999999999994,0.0001830000000000026
27263,-0.005668,0.00646,-0.069331,0.0001780000000000002,0.0001360000000000007,0.00010399999999999299
25120,0.002823,0.012747999999999999,-0.06676900000000001,-3.700000000000014e-05,0.00028000000000000073,-0.00010799999999998311
24888,-0.00031,0.007326,-0.060478000000000004,0.000154,0.00034,0.0001989999999999978
26195,0.002019,-0.010407999999999999,-0.07289799999999999,0.00018500000000000027,0.00013799999999999923,-9.800000000000086e-05
26256,-0.011704,-0.006787,-0.068855,5.300000000000096e-05,0.00028300000000000027,-0.0002370000000000011
26696,-0.007699,-0.009868,-0.064238,0.00013900000000000023,0.00011599999999999978,-6.699999999999762e-05
25730,0.008561,-0.006376000000000001,-0.071103,0.0003110000000000005,0.00011699999999999992,-0.00032799999999999496
27365,0.014856999999999999,0.009748,-0.065466,2.100000000000192e-05,7.599999999999968e-05,-7.500000000000562e-05
26868,0.014712,0.0045190000000000004,-0.064856,0.00021300000000000138,9.299999999999933e-05,0.00014300000000000423
9857,0.003134,0.010043,-0.073208,-9.099999999999994e-05,7.899999999999921e-05,-0.00012199999999999711
22978,-0.004046,0.007582,-0.071471,4.6000000000000034e-05,9.900000000000013e-05,-0.00012199999999999711
24769,-0.013863,0.008461999999999999,-0.074617,1.600000000000039e-05,7.400000000000115e-05,7.600000000000662e-05
26945,-0.003128,-0.012111,-0.06736,0.00031300000000000034,0.00019199999999999946,-0.00019099999999999673
26617,-0.005151,-0.0015429999999999999,-0.07456600000000001,0.0001440000000000009,0.00016299999999999995,0.00019600000000000173
25750,-0.004927,0.009775,-0.0627,1.600000000000039e-05,0.00020199999999999906,-2.3999999999996247e-05
27262,0.014007,-0.006029,-0.06870399999999999,-4.0000000000000105e-05,7.699999999999981e-05,7.399999999999074e-05
26953,0.003318,0.010587,-0.073327,-3.600000000000001e-05,0.00019300000000000046,-0.00014999999999999736
27501,0.007423,0.009663999999999999,-0.064417,9.699999999999986e-05,0.0003370000000000005,0.00015900000000000636
26507,-0.01576,0.008904,-0.076406,-4.099999999999937e-05,5.6000000000000494e-05,1.1999999999998123e-05
26346,-0.015362,-0.0063479999999999995,-0.07586499999999999,3.200000000000078e-05,0.00015099999999999923,-0.0002450000000000091
27346,0.001877,0.008625,-0.07742,-0.00015399999999999984,2.8000000000000247e-05,-0.00013299999999999423
23207,0.004613000000000001,0.013321,-0.065449,-1.3000000000000858e-05,0.0003439999999999988,-3.500000000000725e-05
26675,0.004923,0.003477,-0.07084900000000001,0.00010799999999999959,0.00031400000000000004,-0.00012999999999999123
26635,-0.011668,0.011002000000000001,-0.065614,8.400000000000074e-05,1.9999999999985307e-06,-0.00014599999999999336
26454,-0.010990999999999999,0.003727,-0.075246,9.599999999999886e-05,0.00010300000000000023,-0.00010699999999999599
25201,-0.007859,0.010138999999999999,-0.063572,-3.399999999999931e-05,0.00021300000000000138,-0.00016399999999999748
26376,-0.0046159999999999994,-0.004721,-0.07527400000000001,7.399999999999941e-05,8.80000000000004e-05,-0.00015099999999998448
26643,-0.012766999999999999,-0.011160999999999999,-0.075297,-3.0000000000002247e-05,-1.5000000000001124e-05,2.1000000000007124e-05
27267,0.011826,-0.011941,-0.06887900000000001,6.700000000000109e-05,-4.39999999999989e-05,-9.999999999871223e-07
27268,-0.004752,0.007112,-0.066971,0.00019800000000000026,0.00022900000000000004,4.000000000004e-06
26958,-0.011405,-0.008882999999999999,-0.072313,7.599999999999968e-05,0.000196,-0.00033099999999999796
27290,0.008478,-0.005597,-0.073097,0.0001760000000000008,5.300000000000096e-05,-0.0001850000000000046
27337,-0.013075,-0.008278,-0.06403700000000001,-6.300000000000056e-05,9.299999999999933e-05,-0.0003849999999999826
27401,0.016212,-0.008584,-0.065339,0.00017800000000000107,0.00012200000000000058,-0.00016400000000001136
27412,0.004352,-0.004126,-0.07042,7.400000000000028e-05,0.000183,-0.00021200000000000385
27170,0.000929,-0.011101000000000001,-0.064777,0.00017100000000000004,0.000172000000000002,-0.00031699999999999784
27489,0.003379,-0.002392,-0.065813,0.00015200000000000023,0.00018100000000000017,-5.400000000001237e-05
24776,0.004311,-0.001485,-0.069023,7.200000000000002e-05,0.00028700000000000015,-8.099999999999774e-05
26613,-0.013849,0.005157,-0.07132599999999999,2.300000000000045e-05,0.00011099999999999999,3.099999999998937e-05
26039,-0.010172,0.010728,-0.07655500000000001,-5.199999999999996e-05,0.00010199999999999966,-0.00020999999999998797
26886,-0.009437,-0.002075,-0.07056100000000001,7.000000000000062e-06,0.000165,7.70000000000215e-05
26716,0.014542999999999999,0.0074199999999999995,-0.07453,-0.0001789999999999986,0.00019300000000000133,-0.00033900000000000596
24652,-0.014017,-0.007463,-0.073229,-2.0000000000002655e-06,0.00019000000000000006,-0.00021699999999999497
24613,-0.007102000000000001,-0.008097,-0.061505000000000004,0.00019000000000000093,0.00018899999999999993,-0.00015699999999999742
24686,-0.0032280000000000004,-0.006934999999999999,-0.074771,0.0001290000000000002,7.199999999999915e-05,-0.0002219999999999861
26191,0.005535,0.006831,-0.061503,9.699999999999986e-05,0.0002890000000000002,-0.00010099999999999693
26315,-0.007142000000000001,-0.00054,-0.06450499999999999,7.500000000000041e-05,0.000239,-4.200000000000037e-05
27548,-0.001399,-0.007963,-0.07499800000000001,0.0001739999999999999,2.199999999999945e-05,-2.899999999998737e-05
25799,-0.000893,-0.003437,-0.067047,0.00010300000000000001,0.0002700000000000003,-0.00013399999999999523
27580,-0.011667,-0.007846,-0.071196,0.00012400000000000085,0.0002530000000000006,-0.00020400000000000973
27075,-0.012497,0.002822,-0.077418,0.00011899999999999931,7.000000000000018e-05,9.999999999996123e-06
19924,0.010971,-0.005815000000000001,-0.07043600000000001,0.0001460000000000003,-1.299999999999999e-05,-9.999999999982245e-06
22733,0.00551,-0.0041340000000000005,-0.067136,0.00015399999999999962,0.00021700000000000105,-0.00036599999999999133
27669,0.014859,-0.010119,-0.074516,-1.6999999999999654e-05,-2.1000000000000185e-05,2.000000000002e-06
25180,-0.010509000000000001,-0.000778,-0.07581,6.900000000000135e-05,-2.999999999999997e-05,2.000000000002e-06
25726,0.011009999999999999,-0.0026680000000000002,-0.072946,-2.2999999999998716e-05,5.0000000000000565e-05,-5.200000000001037e-05
27324,0.009208000000000001,0.012496,-0.070339,-0.00021200000000000038,-6.699999999999935e-05,-9.199999999999486e-05
27235,-0.003679,0.000432,-0.07166700000000001,0.000147,0.00032400000000000007,7.100000000000162e-05
27708,0.000102,0.005558,-0.059167000000000004,0.00015700000000000002,0.0002900000000000003,-9.699999999999986e-05
26290,0.002727,0.0006450000000000001,-0.068937,0.00010700000000000032,0.0004069999999999999,-0.00016900000000000248
25797,-0.003958000000000001,0.010395,-0.063469,4.30000000000005e-05,0.00029400000000000086,-0.00021400000000000585
26925,-0.002093,0.010803,-0.070586,-9.200000000000007e-05,0.0001860000000000004,-4.099999999999937e-05
27639,-0.001557,-0.006691,-0.062058,3.200000000000013e-05,0.00012199999999999971,-0.00019500000000000073
27258,-0.014519,0.004484,-0.06945699999999999,9.000000000000327e-06,1.9999999999999185e-05,-2.3000000000009124e-05
24200,-0.006768,0.011961000000000001,-0.073531,-0.00010399999999999993,7.999999999999848e-05,-0.00019199999999999773
27565,-0.009635999999999999,0.00843,-0.063365,0.00018699999999999967,0.0002320000000000013,0.00020800000000001373
27584,-0.011865,-0.004443,-0.07544,-9.699999999999986e-05,9.399999999999947e-05,-1.7000000000003124e-05
24899,-0.001343,-0.005641,-0.068923,0.00016100000000000012,0.00025900000000000055,-0.00011300000000000199
27610,0.013205,-0.001565,-0.073117,-4.799999999999943e-05,2.599999999999998e-05,-6.0999999999991616e-05
26119,-0.015099,-0.000941,-0.073715,0.00027299999999999894,0.00033299999999999996,-5.7999999999988616e-05
9845,0.015715,-0.002496,-0.073757,-2.3999999999999716e-05,8.99999999999998e-05,-6.499999999999562e-05
25756,-0.006259000000000001,-0.00733,-0.06544,0.00024300000000000103,0.00011300000000000025,8.499999999998786e-05
27550,-0.007624,-0.003287,-0.077861,-4.100000000000024e-05,9.099999999999994e-05,1.5000000000001124e-05
24819,0.005006,-0.0121,-0.068816,0.00027700000000000034,2.8999999999999512e-05,-0.0002380000000000021
26626,-0.010799,0.001666,-0.073363,0.00013400000000000044,6.900000000000005e-05,-8.500000000000174e-05
26669,0.015239,0.000358,-0.06517700000000001,8.3999999999999e-05,9.500000000000003e-05,2.4000000000010124e-05
27296,-0.007029,-0.0038079999999999998,-0.06601800000000001,0.0002919999999999997,9.89999999999997e-05,-0.00015300000000000036
27333,0.013497,-0.001718,-0.063082,4.49999999999999e-05,0.00011799999999999983,8.500000000000174e-05
23704,0.013186999999999999,0.0069770000000000006,-0.064312,0.00019000000000000093,0.0003069999999999991,-8.800000000000474e-05
25543,0.003573,-0.002784,-0.060586,0.00011600000000000022,0.0002700000000000003,-0.00014000000000000123
25723,0.009428,-0.011692000000000001,-0.066447,0.00017400000000000054,0.00018100000000000234,5.100000000000937e-05
27586,-0.012179,-0.005136999999999999,-0.077747,-2.9999999999998778e-05,-9.400000000000033e-05,-0.00019199999999999773
27636,0.014966,-0.005158,-0.073025,-0.00010199999999999966,-4.19999999999995e-05,-0.00018899999999999473
24265,0.012296,0.010726000000000001,-0.068402,-0.00011099999999999999,-2.3000000000002185e-05,-0.00014400000000000523
27374,0.017678999999999997,-0.011611,-0.06859399999999999,0.00016000000000000042,0.00010499999999999919,1.2999999999985246e-05
26541,0.006775000000000001,-0.009599,-0.065467,0.00015700000000000002,0.00012099999999999958,-6.0000000000004494e-05
27713,0.015025,-0.000554,-0.06492700000000001,6.100000000000029e-05,6.600000000000003e-05,2.6000000000012125e-05
26827,-0.002741,-0.0014199999999999998,-0.068528,-2.599999999999998e-05,0.00018299999999999979,-2.000000000002e-06
26684,0.001037,0.012039999999999999,-0.073936,-0.0001789999999999999,4.900000000000217e-05,-0.00014500000000000624
27794,0.009125,-0.005534,-0.062871,7.199999999999915e-05,0.00010799999999999959,-3.0000000000002247e-05
26846,0.012986000000000001,-0.004273,-0.066128,0.00010299999999999893,6.600000000000009e-05,-0.00021299999999999097
27694,0.00736,0.005314,-0.060016,0.0001269999999999995,0.0002919999999999997,-0.00029900000000000065
26190,0.013867,-0.004022,-0.064939,0.0001289999999999989,0.00016600000000000035,-0.00020800000000001373
25164,-0.005987,-0.000883,-0.07527299999999999,-7.000000000000062e-06,0.00015400000000000006,-1.5000000000001124e-05
26083,0.011554,0.008744,-0.066384,-1.5000000000001124e-05,0.00016699999999999875,-8.600000000000274e-05
27440,-0.001381,-0.009968,-0.067971,0.00019800000000000004,0.00020299999999999832,-0.00015899999999999248
27647,-0.004453,-0.000789,-0.064145,2.000000000000092e-05,0.00022899999999999993,3.0000000000030003e-06
27072,0.016466,-0.006489,-0.06334300000000001,0.0001799999999999996,0.0003099999999999995,-0.00015299999999998648
27589,0.00102,0.000423,-0.065643,0.00014900000000000004,0.00029299999999999997,-1.6999999999989246e-05
26934,0.001889,-0.008865,-0.069053,0.00010900000000000016,0.0001360000000000007,-0.00026500000000000135
22669,0.012312,0.0046159999999999994,-0.07398099999999999,-1.899999999999992e-05,0.0001540000000000005,-8.100000000001162e-05
27559,0.001646,-0.008593,-0.06482500000000001,9.100000000000015e-05,0.00023699999999999936,-0.0003439999999999832
27562,0.009859,-0.006942,-0.06607299999999999,4.0000000000000105e-05,0.00025900000000000055,-1.0000000000010001e-05
27364,-0.014852,-0.011446999999999999,-0.07109,6.700000000000109e-05,0.00022599999999999877,-4.099999999999937e-05
23530,0.008141,-0.008126,-0.06451000000000001,2.8000000000000247e-05,0.00017900000000000034,1.0000000000148779e-06
20092,0.002319,-0.001552,-0.072843,0.00010599999999999976,0.000214,-6.30000000000075e-05
27590,0.017249,-0.000999,-0.07276,6.999999999999715e-05,0.0,-6.0999999999991616e-05
18789,0.011557,0.0020670000000000003,-0.067637,0.00011800000000000178,7.099999999999945e-05,-0.00015600000000000336
27593,-0.014043,0.007887,-0.075495,2.0000000000002655e-06,0.00015000000000000083,-4.200000000000037e-05
27330,0.003068,-0.005994,-0.07559,0.00010900000000000016,0.0002470000000000007,7.000000000007001e-06
26035,0.00523,0.008878,-0.061507,8.700000000000027e-05,0.0003160000000000003,8.800000000000474e-05
27648,0.0052309999999999995,-0.005051999999999999,-0.08226,3.800000000000071e-05,0.0001979999999999994,0.0003359999999999891
26851,-0.000707,-0.0008070000000000001,-0.070672,9.099999999999994e-05,0.0002270000000000001,0.0001310000000000061
27685,-0.008868000000000001,-0.012801,-0.06547,3.900000000000084e-05,6.300000000000056e-05,-0.0001820000000000016
26128,-0.006114,0.011307000000000001,-0.069588,5.4999999999999494e-05,8.79999999999978e-05,2.1999999999994246e-05
27740,-0.000384,0.003369,-0.059664999999999996,0.00011099999999999999,0.00023099999999999987,-0.00021800000000000985
27788,0.0016220000000000002,-0.000655,-0.0701,0.00013699999999999975,0.00019399999999999995,-6.30000000000075e-05
27799,0.001498,-0.0050620000000000005,-0.060612,0.00025200000000000005,0.0002630000000000002,-0.0002040000000000028
26673,-0.011813,0.012164999999999999,-0.066853,3.200000000000078e-05,-7.000000000000062e-06,0.0001239999999999991
27353,0.010138,0.0006760000000000001,-0.063294,0.00020100000000000152,0.0002149999999999999,-0.00016499999999999848
26959,-0.004286,-0.008563000000000001,-0.060009,0.00016499999999999935,0.0002580000000000013,-8.000000000001062e-06
26151,0.012369999999999999,0.008209,-0.064358,0.0001760000000000008,0.00030000000000000165,-0.00015400000000000136
27090,-0.006282,-0.008039,-0.075053,5.199999999999996e-05,3.5999999999999574e-05,-3.700000000000925e-05
26984,0.013908,0.000337,-0.059432,0.0001360000000000007,0.00014599999999999997,-0.00012200000000000405
20807,0.005111,-0.001408,-0.068985,9.799999999999913e-05,0.0003110000000000001,-0.0001699999999999896
26018,-0.0030259999999999996,0.006298,-0.069695,0.0001359999999999994,0.0001559999999999999,-2.1000000000007124e-05
17183,0.002025,0.002125,-0.06598000000000001,0.000343,0.00035000000000000005,0.00014900000000001024
23206,3.4e-05,0.012422,-0.06521500000000001,3.500000000000001e-05,0.0001860000000000004,-9.099999999999386e-05
26929,-0.013805999999999999,0.010884,-0.074517,6.399999999999809e-05,0.00012000000000000031,-5.999999999992123e-06
27667,-0.009238,0.012236,-0.063855,-6.200000000000129e-05,0.0002699999999999994,-0.00015500000000001624
19195,-0.0024649999999999997,-0.002421,-0.073931,3.899999999999954e-05,0.00017599999999999994,1.8000000000004124e-05
26761,-0.004926,-0.008579,-0.06861700000000001,0.0,0.0002199999999999997,0.000127000000000016
26720,-0.01394,0.010369,-0.067709,4.39999999999989e-05,8.3999999999999e-05,-2.5999999999998247e-05
27405,0.002238,0.002565,-0.076756,5.600000000000006e-05,4.0000000000000105e-05,-7.599999999999274e-05
23992,0.000521,-0.001445,-0.073006,1.4000000000000015e-05,0.00015400000000000027,7.599999999999274e-05
26949,0.010641999999999999,0.010803,-0.063956,-4.3999999999997166e-05,0.00014699999999999956,4.999999999999449e-05
22651,-0.004932000000000001,-0.003954,-0.065939,0.00016300000000000082,0.00026099999999999995,-6.299999999999362e-05
27269,0.012214000000000001,0.00723,-0.067338,-4.000000000000531e-06,9.699999999999986e-05,-5.099999999999549e-05
27068,-0.007384,-0.003364,-0.068221,3.799999999999984e-05,0.00018899999999999993,5.099999999999549e-05
27863,0.001777,-0.011343,-0.072253,0.00020200000000000036,0.00028000000000000073,-0.0002560000000000062
24497,0.002351,0.007395,-0.061728,0.00014100000000000007,0.00027399999999999994,1.8999999999998185e-05
23825,-0.010625,-0.002871,-0.069737,1.4000000000000123e-05,0.00011399999999999995,9.999999999998899e-05
25542,-0.015436,0.005987,-0.070549,5.9000000000000025e-05,0.0,4.700000000000537e-05
24232,-0.009729,0.010542999999999999,-0.06578,7.000000000000062e-06,0.00011300000000000199,-4.500000000000337e-05
25293,-0.013392,0.007051,-0.06432399999999999,5.6999999999998024e-05,0.00021199999999999952,0.00014099999999998836
26184,-0.013843999999999999,0.000393,-0.067325,9.699999999999813e-05,0.000392,-6.0000000000004494e-05
27123,-0.013998,-0.009194,-0.074726,-1.2999999999999123e-05,0.00027600000000000194,-8.500000000000174e-05
27289,0.009755000000000002,0.008042,-0.06345,-1.4000000000001858e-05,0.00015300000000000036,0.00016600000000001336
25490,-0.011628999999999999,0.005109,-0.062051,9.199999999999833e-05,0.00027399999999999994,9.000000000000674e-05
27748,0.006167,0.001105,-0.07160899999999999,4.6000000000000034e-05,0.00029699999999999974,-0.00016200000000000936
27635,0.014247999999999999,-0.010007,-0.06446500000000001,0.00020800000000000159,6.399999999999982e-05,-0.00013399999999999523
27654,-0.005643,-0.002577,-0.075405,0.00016299999999999908,0.0002559999999999997,-3.0000000000002247e-05
26993,-0.012103,-0.005412,-0.064121,2.399999999999798e-05,0.00015000000000000083,-0.00044800000000000395
26353,0.005944,0.00172,-0.068324,-1.9999999999999185e-05,0.00028700000000000015,-0.00022600000000000398
26460,-0.004136,-0.002918,-0.062844,2.0000000000000052e-05,0.0002000000000000001,-8.600000000000274e-05
25740,0.012919,-0.002283,-0.062328,8.400000000000074e-05,0.00021399999999999978,-5.000000000000143e-05
27575,0.0014479999999999999,0.009778,-0.06313,0.00019500000000000008,0.0003249999999999989,2.5000000000011124e-05
27725,-0.007755,0.013241,-0.06136,-5.200000000000083e-05,0.00020000000000000226,-0.00010300000000000586
27399,0.017339,-0.008118,-0.066326,5.7999999999999025e-05,5.300000000000096e-05,-7.900000000000962e-05
27786,-0.015987,-0.010564,-0.07281399999999999,-1.2999999999999123e-05,0.0002349999999999991,-0.00023300000000001098
25425,-0.006921,0.007187000000000001,-0.061777,5.400000000000023e-05,0.0002349999999999991,3.899999999999737e-05
24687,-0.003964,0.002803,-0.073738,0.00010799999999999959,0.00016100000000000012,-2.3999999999996247e-05
25733,0.011547,0.001671,-0.06347699999999999,7.700000000000068e-05,0.00023499999999999997,-1.2000000000012001e-05
27574,-0.004596,-0.010738,-0.06811700000000001,7.600000000000055e-05,0.00011999999999999858,1.0000000000010001e-05
24190,-0.005985000000000001,0.001131,-0.071482,0.00010400000000000079,9.499999999999982e-05,-4.000000000004e-06
24807,-0.003994,-0.001078,-0.06708599999999999,0.0002310000000000003,0.00021799999999999999,0.00011299999999998811
26979,-0.009412,0.010364,-0.075102,-8.89999999999988e-05,0.00016500000000000022,8.000000000008e-06
27700,0.017268000000000002,-0.012721999999999999,-0.068131,0.00019099999999999673,8.99999999999998e-05,9.999999999998899e-05
27846,-0.004424,-0.009156000000000001,-0.058965000000000004,0.00016200000000000069,0.00015500000000000236,-2.2999999999995246e-05
23231,0.008054,-0.004464,-0.075044,-3.100000000000151e-05,0.00010199999999999966,-0.00014400000000000523
21792,0.0062320000000000006,0.010934,-0.07439799999999999,-0.0002740000000000008,2.5000000000000716e-05,-0.0003010000000000096
21348,-0.001674,0.009614000000000001,-0.074152,-0.00012300000000000006,0.00013999999999999777,-0.0001270000000000021
27274,0.008272,-0.001393,-0.06376899999999999,0.00019699999999999926,0.0002819999999999999,-8.299999999999974e-05
27628,0.003023,-0.003362,-0.059584000000000005,0.00010399999999999949,0.00025600000000000015,-0.00010499999999999399
22791,0.004067,-0.007856,-0.06687699999999999,0.00018099999999999974,0.00020500000000000032,-0.0002950000000000036
24278,0.007771,0.007313,-0.073102,-4.60000000000009e-05,3.4000000000000176e-05,-0.00016299999999999648
27391,0.018404,-0.012881,-0.06966,0.00020699999999999885,0.00011899999999999931,1.5000000000001124e-05
27478,0.001509,-0.011809,-0.075269,0.0001870000000000001,0.00019300000000000046,-3.900000000001125e-05
26341,0.000365,-0.005831,-0.063363,0.00012199999999999998,9.400000000000033e-05,-0.00027499999999999747
13741,0.010148999999999998,0.0027660000000000002,-0.07226300000000001,8.400000000000248e-05,0.00014499999999999973,-0.0002179999999999821
26389,0.00577,-0.007756,-0.064155,-0.00014899999999999983,0.00022699999999999977,-0.00011300000000000199
26931,-0.008345,0.003079,-0.073878,0.00010299999999999893,5.9999999999999724e-05,-6.699999999999762e-05
26333,-0.004333999999999999,-0.0023380000000000002,-0.06419799999999999,4.39999999999989e-05,0.00030500000000000015,-9.100000000000774e-05
20098,0.011548,0.0012150000000000002,-0.066518,4.200000000000037e-05,0.00019899999999999974,-0.00012200000000001099
26072,-0.009159,0.006439,-0.073343,-8.999999999998592e-06,0.00010199999999999966,7.400000000000462e-05
27252,-0.014197,0.010809,-0.076906,-5.20000000000017e-05,7.600000000000141e-05,-0.00010599999999999499
26046,-0.00277,-0.00041999999999999996,-0.064639,8.099999999999991e-05,0.00025699999999999996,-1.7999999999990246e-05
27161,-0.002969,0.0062629999999999995,-0.07183,2.999999999999531e-06,7.400000000000028e-05,1.6000000000016e-05
24608,0.000929,0.011409,-0.0714,-3.999999999999989e-06,0.0002449999999999987,-3.899999999998349e-05
27033,-0.003902,-0.008394,-0.074494,0.00015400000000000006,0.00015000000000000083,-0.00011999999999999511
19530,-0.013991,-0.002856,-0.068746,5.299999999999923e-05,0.00027800000000000004,1.6000000000002124e-05
27592,0.003502,-0.0014910000000000001,-0.06669,0.0001910000000000002,0.00021500000000000013,-4.600000000000437e-05
27388,0.004879,-0.006383,-0.076246,7.500000000000041e-05,0.00014199999999999977,-0.00016300000000001036
25476,0.007082,0.009235,-0.064004,6.700000000000022e-05,0.0003299999999999987,-4.400000000000237e-05
17116,0.009052,0.001656,-0.07048399999999999,0.0001349999999999997,0.0002670000000000001,-0.00017900000000001248
22400,-0.003512,-0.00735,-0.068053,0.00016299999999999952,0.00019700000000000013,-0.00015799999999999148
26695,-0.013989000000000001,-0.011974,-0.07087900000000001,-9.999999999999593e-06,0.00028800000000000006,3.400000000000625e-05
27624,0.0048330000000000005,0.004168,-0.06093,0.0001799999999999996,0.00031400000000000004,-0.00015300000000000036
27282,-0.011663,0.000472,-0.06453,-4.1000000000001105e-05,0.000285,-0.00020599999999999785
26089,-0.001408,-0.011167999999999999,-0.06523999999999999,0.00014599999999999986,0.00017499999999999807,-0.00021300000000000485
21713,-0.009218,0.012067,-0.0688,0.0001020000000000014,7.700000000000068e-05,-0.00014300000000000423
27351,-0.006086,0.000915,-0.062351,2.300000000000045e-05,7.799999999999994e-05,0.00010699999999999599
26394,0.002836,-0.009160999999999999,-0.06351,6.600000000000009e-05,0.00022699999999999977,-0.0003439999999999971
26650,-0.01019,-0.004611,-0.07441500000000001,-6.900000000000135e-05,0.00017599999999999994,-7.999999999994123e-06
23045,-0.002281,-0.002219,-0.070055,-5.799999999999989e-05,0.0002239999999999998,0.00015000000000001124
27302,0.011059,0.008111,-0.062833,0.00010500000000000093,0.00023800000000000036,1.000000000001e-06
25734,-0.0135,0.006144,-0.067741,6.900000000000135e-05,2.1000000000000185e-05,5.7000000000001494e-05
27310,-0.009276,-0.012549,-0.065812,4.4000000000000636e-05,0.00010499999999999919,-0.00015099999999999836
26094,0.010048999999999999,-0.002153,-0.062978,0.00018899999999999993,0.00021300000000000008,-0.0003409999999999941
27771,0.013991,-0.001441,-0.065712,3.199999999999904e-05,9.200000000000007e-05,-5.7999999999988616e-05
19425,-0.005587,0.0008259999999999999,-0.067564,0.00011200000000000012,0.000299,6.20000000000065e-05
25903,0.01682,-0.011385,-0.068235,0.00013999999999999777,9.99999999999994e-05,3.700000000000925e-05
27560,0.004001,-0.006261,-0.07624500000000001,9.60000000000006e-05,0.00025100000000000035,-6.599999999999662e-05
25515,-0.007441,-0.0007199999999999999,-0.061708,3.2999999999999176e-05,0.00010399999999999993,-3.299999999999831e-05
27616,-0.008042,0.005359,-0.060036,4.49999999999999e-05,0.00029900000000000065,-1.2999999999999123e-05
27306,0.001356,0.007410999999999999,-0.074985,-0.00013000000000000012,5.800000000000076e-05,-7.00000000000145e-05
26889,0.001772,0.004933,-0.074574,0.00010599999999999997,0.00014400000000000003,-0.00010600000000000886
18437,-0.010444,0.007781,-0.068943,0.0001559999999999999,1.8000000000000654e-05,1.8000000000004124e-05
27002,-0.004259000000000001,0.001683,-0.074997,0.00011600000000000065,0.000134,-5.0000000000050004e-06
27395,-0.015772,0.0010429999999999999,-0.073566,0.00024400000000000116,0.00014500000000000016,-0.00031199999999999284
27545,-0.012285,0.007598,-0.072572,2.300000000000045e-05,5.7000000000000627e-05,-3.9999999999901226e-06
26633,0.006072,0.008805,-0.06346,6.299999999999969e-05,0.00032300000000000037,9.999999999996123e-06
16500,0.018088,0.0038740000000000003,-0.071212,0.0001020000000000014,0.00010599999999999976,-6.0000000000060005e-06
27832,0.012747,0.009939,-0.064455,-8.200000000000048e-05,0.00021799999999999944,-0.00010300000000000586
27036,0.0027559999999999998,-0.011837,-0.07184499999999999,0.0001910000000000002,0.000196,-0.00011900000000000799
27702,0.007768,0.011608,-0.061943,-4.69999999999993e-05,0.0002009999999999998,-6.899999999999962e-05
27292,0.001315,0.005322,-0.061586,0.00022400000000000002,0.0002569999999999994,-0.0002099999999999949
25791,0.00043599999999999997,-0.0030870000000000003,-0.060933,8.600000000000003e-05,0.00015600000000000032,-0.00012100000000000305
26938,-0.0006540000000000001,0.002931,-0.07507899999999999,6.500000000000006e-05,0.000134,-6.899999999999962e-05
27757,0.005032,-0.003258,-0.067283,0.00022199999999999998,0.00032200000000000024,-0.0002879999999999966
25486,0.000766,-0.010731,-0.06995,0.000214,8.900000000000054e-05,-0.00013599999999999723
25941,-0.0073479999999999995,0.006453,-0.06792400000000001,0.00020899999999999912,0.00011399999999999952,-1.3999999999986246e-05
26329,-0.015597,0.007817000000000001,-0.07447,2.999999999999531e-06,0.00011399999999999952,-2.5000000000011124e-05
24590,-0.00013000000000000002,0.009284,-0.073765,-0.00010099999999999999,6.199999999999956e-05,-0.00015099999999999836
22917,-0.00438,0.011611,-0.07248600000000001,-0.00010800000000000046,0.00013800000000000097,-8.799999999999086e-05
21957,-0.00511,6.8e-05,-0.070188,2.8000000000000247e-05,0.000281,-3.499999999999337e-05
25724,-0.002448,0.006043,-0.074531,1.2000000000000292e-05,0.0001460000000000003,-7.400000000000462e-05
19334,0.010161,0.004021,-0.069429,0.00013400000000000044,0.00016099999999999969,-0.00017999999999998573
26416,0.007195,0.0088,-0.073738,-0.00012299999999999985,0.00011899999999999931,-0.00028100000000000347
24910,0.006352,0.005243,-0.064829,0.0003430000000000004,0.0002299999999999993,-3.200000000000425e-05
24598,0.015399,0.011474999999999999,-0.073328,-6.999999999999888e-05,9.800000000000086e-05,-0.00013699999999999823
25366,0.001954,-0.00647,-0.067168,0.0001330000000000003,0.00019200000000000033,-0.00021400000000000585
24240,0.000535,0.006757,-0.066411,4.9e-05,0.00037300000000000007,-1.5000000000001124e-05
19852,-0.004696,0.001965,-0.061813,7.399999999999941e-05,0.00018899999999999993,8.099999999999774e-05
24492,0.00191,0.010439,-0.06917,-6.599999999999987e-05,0.00020799999999999985,-8.299999999999974e-05
23600,0.014263,-0.0012070000000000002,-0.07237600000000001,2.6999999999999247e-05,5.000000000000013e-05,-9.999999999998899e-05
19079,-0.003089,-0.000665,-0.070735,0.00014100000000000007,0.00025,-0.00012799999999998923
27011,0.002317,-0.008003,-0.062113,0.00019999999999999966,0.00014400000000000003,-0.000332999999999993
26325,0.014249000000000001,-0.005966,-0.06687,0.00011299999999999852,9.400000000000033e-05,0.00013699999999999823
27246,-0.006278,-0.006521,-0.075693,-1.5000000000000256e-05,0.00011399999999999952,-8.900000000000574e-05
27010,-0.015662000000000002,-0.0029820000000000003,-0.07242900000000001,-0.00011399999999999605,0.00011500000000000008,-0.00014000000000000123
24562,-0.009237,0.0036379999999999997,-0.075413,0.00010899999999999972,6.300000000000012e-05,2.1999999999994246e-05
27543,0.016129,0.008527,-0.064993,0.000171000000000001,0.00012199999999999885,-0.00013799999999999923
27053,0.018399000000000002,0.010773999999999999,-0.07205,2.3999999999996247e-05,0.00013500000000000144,-7.999999999999674e-05
27251,-0.006122,0.007689,-0.068668,4.49999999999999e-05,0.0002570000000000003,-7.199999999998874e-05
27286,-0.004431,0.008206,-0.063935,3.300000000000004e-05,0.00027000000000000114,-8.099999999999774e-05
27275,0.010208,0.005314,-0.064554,0.00013799999999999923,0.0001780000000000002,-8.600000000000274e-05
26652,0.002777,-0.012701,-0.070009,0.0002000000000000001,0.00010199999999999966,-0.00026299999999999935
26321,0.002912,-0.011599,-0.069116,0.00028399999999999996,0.00019299999999999873,-0.0002309999999999951
17753,0.013624,0.005208,-0.075062,2.7999999999998512e-05,7.300000000000015e-05,-0.00019700000000000273
26366,-0.008548,0.007828,-0.07370499999999999,2.300000000000045e-05,0.0001010000000000004,-2.2000000000008124e-05
27248,0.012433,-0.002502,-0.072195,1.600000000000039e-05,0.00012299999999999985,-4.800000000000637e-05
27598,-0.0018340000000000001,0.01279,-0.061999000000000005,1.4000000000000123e-05,0.0001749999999999998,-7.499999999999174e-05
27009,-0.001648,0.006118,-0.07185,3.599999999999979e-05,0.00020500000000000032,9.099999999999386e-05
27779,-0.009749,0.000782,-0.067392,-9.999999999999593e-06,0.0003169999999999999,0.00026800000000000435
27561,0.01288,-0.001915,-0.07537300000000001,-1.600000000000039e-05,1.2000000000000075e-05,-0.00012699999999998823
25122,0.008769,-0.008122,-0.06556999999999999,0.00011199999999999925,0.00011900000000000105,3.899999999998349e-05
12758,0.009432000000000001,0.002157,-0.07074899999999999,0.00013099999999999917,0.00023099999999999987,-0.00016800000000001536
23827,0.001986,0.004254,-0.070426,2.0000000000002655e-06,0.0002840000000000004,-0.00011200000000000099
24547,-0.00664,0.006226,-0.070616,0.00023000000000000017,0.00011599999999999978,-4.300000000000137e-05
20732,0.010392,0.006383,-0.068217,0.00017799999999999934,6.799999999999948e-05,-4.600000000000437e-05
27554,0.000297,0.005339,-0.07556399999999999,3.9000000000000026e-05,6.900000000000048e-05,-9.300000000000974e-05
27742,0.0146,0.003741,-0.073672,5.199999999999996e-05,0.0001740000000000001,-0.00015300000000000036
27232,-0.004575,0.007657,-0.073041,-1.1999999999999858e-05,7.800000000000081e-05,-9.199999999999486e-05
23552,-0.012231,-0.001206,-0.074474,1.3000000000000858e-05,7.900000000000008e-05,-0.0001280000000000031
24520,0.014098000000000001,0.010986000000000001,-0.069446,-2.000000000000092e-05,0.00011299999999999852,-0.0001239999999999991
27198,-0.015491,-0.0016690000000000001,-0.07307999999999999,0.0001760000000000008,0.0003080000000000001,-5.800000000001637e-05
26231,0.003428,0.00835,-0.064373,0.000183,0.0002360000000000001,-2.8000000000000247e-05
26928,0.0034750000000000002,0.007182,-0.065858,0.00010299999999999979,0.00028699999999999993,-9.899999999998799e-05
27291,-0.008728999999999999,0.0037719999999999997,-0.06943,0.0001739999999999988,3.9000000000000406e-05,4.700000000000537e-05
23911,0.007392999999999999,-0.007392,-0.06701,0.0002740000000000008,8.000000000000194e-06,-1.8999999999991246e-05
27727,0.009134,-0.004222,-0.062066,7.600000000000141e-05,0.0003330000000000004,-0.0002549999999999983
21350,-0.008217,0.009481,-0.064228,2.8000000000000247e-05,0.0002599999999999998,-7.000000000007001e-06
26451,0.011352000000000001,0.011139,-0.065402,-0.00010900000000000146,0.00014899999999999983,-1.6999999999989246e-05
25231,-0.002883,-0.001256,-0.063787,5.000000000000013e-05,0.00019099999999999998,-9.999999999996123e-06
24911,-0.013054,0.012783,-0.066715,6.799999999999862e-05,3.7000000000000574e-05,1.0999999999997123e-05
24306,-0.003307,0.0005859999999999999,-0.074129,-5.999999999999929e-06,0.0002140000000000001,-5.9000000000003494e-05
26050,0.004143,-0.005479,-0.07317799999999999,-7.200000000000002e-05,0.00018700000000000053,0.00012299999999998423
20713,-0.002715,0.000179,-0.069351,0.00010399999999999993,0.00016499999999999997,9.299999999999586e-05
25457,0.003811,-0.010906,-0.068152,0.00022199999999999998,-2.099999999999845e-05,-0.0002329999999999971
26512,-0.014401,0.002199,-0.06779099999999999,2.6999999999999247e-05,0.0003029999999999999,-0.00010900000000001187
25510,-0.001857,0.00117,-0.064303,0.00019999999999999987,0.00014999999999999996,4.999999999999449e-05
27673,0.008411,-0.001,-0.0737,-4.1000000000001105e-05,9.500000000000003e-05,-2.9000000000001247e-05
27001,0.005719999999999999,0.000406,-0.06299,0.00020000000000000052,0.00022400000000000002,-7.599999999999274e-05
27261,-0.012977,0.0038,-0.07496599999999999,0.00013400000000000044,0.00010399999999999993,-0.00010100000000000386
27271,0.0058319999999999995,-0.002332,-0.064305,0.00023300000000000057,0.00012799999999999964,-9.800000000000086e-05
27373,-0.000781,-0.004931,-0.060247,0.00015499999999999997,0.00022299999999999924,-0.0003280000000000019
27313,0.010723,-0.011348,-0.071922,2.199999999999945e-05,-5.9000000000000025e-05,-4.200000000000037e-05
27183,0.012518000000000001,0.008959,-0.072909,-8.6000000000001e-05,-3.0000000000000512e-05,-6.699999999999762e-05
27213,-0.00513,0.003875,-0.065689,8.099999999999948e-05,0.00016699999999999961,0.00016499999999999848
27595,-0.013474999999999999,0.011965,-0.06761,4.699999999999843e-05,4.49999999999999e-05,6.399999999999462e-05
21665,-0.007831000000000001,0.0008900000000000001,-0.065941,5.7000000000001494e-05,0.00018600000000000008,9.000000000000674e-05
24408,0.010119,0.001497,-0.071148,0.00023900000000000136,0.000273,-0.00019399999999999973
26357,0.011796,-0.005869,-0.070885,7.700000000000068e-05,0.00010500000000000006,5.200000000001037e-05
23940,0.011134999999999999,-0.003368,-0.065247,4.70000000000019e-05,0.00012399999999999954,-2.1000000000007124e-05
25123,-0.0014370000000000001,-0.003117,-0.073212,3.8000000000000056e-05,0.00022000000000000014,-1.4000000000000123e-05
27583,0.013902,-4e-06,-0.063392,0.000171000000000001,0.000115,5.300000000001137e-05
27105,-0.013855000000000001,-0.009729,-0.069048,0.00011300000000000025,0.00033000000000000043,-6.799999999999862e-05
26980,0.016027,-0.008797000000000001,-0.07092799999999999,2.2000000000001185e-05,8.800000000000127e-05,1.3999999999986246e-05
26121,-0.010118,-0.011544,-0.06799,-6.899999999999962e-05,0.00032000000000000084,-6.899999999999962e-05
25424,-0.0050609999999999995,0.010089,-0.064095,5.4999999999999494e-05,0.0002310000000000003,-7.200000000000262e-05
27047,-0.005248999999999999,-0.0005600000000000001,-0.075431,-2.000000000001133e-06,0.00014100000000000007,-7.200000000000262e-05
26457,-0.007878999999999999,0.00047099999999999996,-0.07211100000000001,4.89999999999987e-05,4.000000000000043e-06,1.7000000000017e-05
27570,0.013726,0.0020510000000000003,-0.074172,2.1000000000000185e-05,3.199999999999991e-05,-0.0001260000000000011
24381,-0.013938,-0.0006850000000000001,-0.065951,-4.799999999999943e-05,0.00029200000000000005,0.00010699999999999599
15103,0.00604,0.005072,-0.07182599999999999,-1.7999999999999787e-05,0.0001529999999999995,-0.00019700000000000273
20748,0.015827,0.009813,-0.07054300000000001,3.9999999999970615e-06,9.900000000000013e-05,-0.00010999999999999899
25524,0.006934,-0.007306,-0.06450700000000001,3.199999999999991e-05,7.699999999999981e-05,-8.999999999997899e-05
26621,-0.002455,0.005524,-0.063408,0.00011900000000000018,0.0002619999999999992,0.00014500000000000624
26836,-0.00881,0.011061999999999999,-0.063954,2.0000000000002655e-06,0.00028800000000000006,-6.699999999999762e-05
27287,-0.009443,0.009682,-0.07513500000000001,-1.899999999999992e-05,0.00010900000000000146,-1.8000000000004124e-05
22383,-0.000687,-0.004982,-0.063969,0.000161,0.00023300000000000057,-2.4999999999997247e-05
27025,-0.013406000000000001,0.011733,-0.06573000000000001,0.00014400000000000003,3.699999999999884e-05,0.000130000000000019
27032,-0.006024,-0.007004,-0.060308,2.9999999999999645e-05,0.0001990000000000004,-7.399999999999768e-05
23221,0.003009,-0.004738,-0.06724200000000001,0.00018499999999999983,0.0002260000000000005,-0.0003289999999999821
22321,0.009205999999999999,-0.003095,-0.071103,0.00021900000000000218,0.0001590000000000003,-3.599999999999437e-05
27682,0.013679,-0.011775,-0.065004,0.00017700000000000007,6.600000000000182e-05,-6.599999999998274e-05
25803,0.013917,0.004615,-0.06591,0.00022299999999999924,0.00013599999999999984,-3.799999999999637e-05
26016,-0.001777,0.001232,-0.07514799999999999,9.39999999999999e-05,9.8e-05,-3.400000000000625e-05
27699,-0.0115,-0.007183,-0.063819,-1.899999999999992e-05,0.00020199999999999992,-0.0002370000000000011
25141,0.012531,0.00016900000000000002,-0.071858,4.49999999999999e-05,0.00014900000000000002,-8.799999999999086e-05
27822,0.016425000000000002,0.002467,-0.072456,6.699999999999762e-05,0.0001299999999999999,-7.299999999998974e-05
20960,-0.007679999999999999,0.011103,-0.071047,5.999999999999929e-05,0.00016800000000000148,-0.00017700000000001048
27566,-0.010332000000000001,-0.001865,-0.062162999999999996,1.4000000000001858e-05,0.00011899999999999997,-9.40000000000038e-05
24875,0.0011719999999999999,-0.004416000000000001,-0.07152700000000001,3.200000000000013e-05,0.00027399999999999994,-0.00012699999999998823
23852,-0.0056,-0.004269,-0.07257899999999999,0.000196,0.00017400000000000054,-1.1000000000011001e-05
26326,-0.0005600000000000001,0.002529,-0.071824,0.00013700000000000008,0.00021399999999999978,1.4000000000000123e-05
27256,-0.011158,0.002637,-0.072081,6.399999999999982e-05,7.799999999999994e-05,-7.899999999999574e-05
26653,-0.00551,-0.007809999999999999,-0.071455,2.4000000000000583e-05,0.00030599999999999985,0.0001410000000000161
25576,0.005731,-0.010491,-0.06689400000000001,0.00016799999999999975,0.0002980000000000014,-0.00013799999999998536
26130,0.016448,-0.001009,-0.066861,3.999999999999837e-05,0.00016199999999999993,-7.500000000000562e-05
23839,0.006891,0.001282,-0.068327,-1.1000000000000593e-05,0.00028300000000000005,-0.00020000000000000573
27254,-0.002383,0.009721,-0.06612,8.700000000000027e-05,0.00032199999999999937,5.0000000000050004e-06
25611,-0.004055,0.005393,-0.06637,4.5999999999999167e-05,0.00019699999999999926,2.0000000000006124e-05
26402,0.007103,-0.011141999999999999,-0.06499200000000001,0.00018699999999999967,9.099999999999907e-05,-4.999999999991123e-06
27602,-0.006932000000000001,0.00588,-0.066128,0.00018200000000000074,0.0002999999999999999,0.0001779999999999976
24504,-0.008252,0.01141,-0.070312,4.4000000000000636e-05,0.00014000000000000123,-0.00016099999999999448
27089,-0.013201000000000001,0.006315,-0.06950100000000001,8.800000000000127e-05,-1.3000000000000858e-05,3.600000000000825e-05
23546,0.012204000000000001,-0.001706,-0.069131,0.0001250000000000001,0.00019300000000000025,3.300000000000525e-05
23836,-0.001203,-0.008691,-0.065069,0.0001200000000000001,0.00016400000000000095,-0.0001239999999999991
27585,-0.007342,-0.003826,-0.068668,-2.1000000000001053e-05,9.600000000000017e-05,2.5000000000011124e-05
27250,-0.008622999999999999,-0.004416000000000001,-0.06431,9.599999999999886e-05,0.00021700000000000105,-0.00017999999999998573
20149,-0.005766,0.0074800000000000005,-0.068971,1.4000000000000123e-05,0.00017899999999999947,-9.999999999871223e-07
26092,0.001445,-0.0039239999999999995,-0.062886,0.00015299999999999992,0.0002769999999999999,-0.0001840000000000036
16248,0.005572,0.007036,-0.076032,-6.599999999999922e-05,-2.999999999999531e-06,-0.00011999999999999511
27058,0.0060999999999999995,0.00166,-0.06687,7.900000000000094e-05,0.0002229999999999999,-0.00017500000000000848
18076,-0.0068390000000000005,0.006487,-0.07239100000000001,0.00011800000000000005,0.0,-0.00011399999999998911
18073,-0.001242,0.0051210000000000006,-0.064446,0.0001479999999999999,0.00032700000000000003,0.00014699999999999436
23614,0.011670999999999999,-0.000229,-0.073673,-4.5999999999999167e-05,6.00000000000001e-06,-2.9000000000001247e-05
26024,-0.009093,-0.007729,-0.06786299999999999,-2.6999999999999247e-05,0.0002700000000000003,1.2999999999999123e-05
25722,-0.00214,-0.000148,-0.064735,0.00011900000000000018,0.000183,-9.699999999998599e-05
26698,-0.013269,-0.011593,-0.071245,-2.1000000000000185e-05,0.0002710000000000004,3.700000000000925e-05
22923,0.002065,0.004854,-0.06580899999999999,7.699999999999981e-05,0.00027200000000000054,-2.9000000000001247e-05
23584,0.005163,0.009554,-0.06567700000000001,0.00012899999999999977,0.00027099999999999867,2.2000000000008124e-05
25561,-0.013103,-0.007064,-0.072545,8.799999999999954e-05,0.0001929999999999996,-0.00011200000000000099
26768,-0.003438,-0.0016870000000000001,-0.066271,9.299999999999977e-05,0.0002460000000000001,7.000000000000062e-05
13640,0.015049,0.010320000000000001,-0.07400100000000001,-1.600000000000039e-05,9.200000000000007e-05,-0.00018499999999999073
24552,0.006133,0.005615,-0.071633,-2.8000000000000247e-05,0.00015399999999999962,-3.400000000000625e-05
24373,-0.015596,0.00246,-0.07375,2.2000000000001185e-05,0.00010800000000000002,-0.0001749999999999946
19423,-0.006013,0.010163,-0.063954,-3.300000000000004e-05,0.0002609999999999991,-9.100000000000774e-05
26060,0.000735,-0.002021,-0.06291,0.0001920000000000001,0.0001569999999999996,-4.700000000000537e-05
26651,-0.008284000000000001,0.009009,-0.06661700000000001,0.00011400000000000125,0.0001760000000000008,-5.7000000000001494e-05
19509,0.007199,-0.007904,-0.065738,6.0000000000001025e-05,-4.800000000000117e-05,-0.00015699999999999048
27572,-0.013235,-0.001848,-0.06772700000000001,-2.8000000000000247e-05,0.0004090000000000001,0.00015400000000001524
26923,-0.001954,-0.011497,-0.07098,-7.000000000000062e-06,0.00018300000000000087,-0.00010499999999999399
27237,-0.0005819999999999999,0.010876,-0.063931,0.0001139999999999999,0.00020499999999999859,-5.1999999999996493e-05
25444,-0.005525,-0.012242000000000001,-0.066305,0.00022099999999999984,5.900000000000176e-05,-0.00013399999999999523
24883,0.008863,-0.010673,-0.06041,0.00022300000000000098,2.8000000000000247e-05,3.100000000000325e-05
18177,0.008945999999999999,-0.000486,-0.071772,5.000000000001531e-06,0.00027499999999999996,-9.899999999998799e-05
20992,0.008423,0.007813,-0.065137,-3.400000000000104e-05,0.00030799999999999925,4.099999999999937e-05
27579,0.015476,-0.003339,-0.07397799999999999,1.1000000000000593e-05,5.699999999999976e-05,-0.00016000000000002124
26313,-0.001703,0.00128,-0.069907,7.300000000000015e-05,0.0002899999999999999,0.00015500000000000236
23860,-0.01176,0.010461,-0.071015,0.00014599999999999856,0.00011200000000000099,1.6000000000002124e-05
24224,-0.002315,0.010553000000000002,-0.075245,-0.00015200000000000023,6.199999999999782e-05,-0.0001759999999999956
21390,0.004554,0.0023650000000000003,-0.06836,5.900000000000089e-05,0.0002639999999999995,-0.00016399999999999748
25423,-0.004726,0.007726,-0.069993,1.899999999999992e-05,0.0001849999999999994,-3.299999999999137e-05
19432,-0.004995,-0.0016,-0.067893,4.0000000000000105e-05,0.00018600000000000018,-6.0000000000004494e-05
26028,-0.010939,0.0007840000000000001,-0.06376,-7.199999999999915e-05,0.00017499999999999992,-0.00021699999999999497
25810,-0.014266,0.009031,-0.072437,0.00010399999999999819,0.0001449999999999993,2.9000000000001247e-05
27761,0.01489,0.001389,-0.071804,0.00016599999999999948,5.499999999999993e-05,-0.00017999999999998573
25112,-0.005982,0.002572,-0.062007,1.899999999999992e-05,0.00012399999999999998,3.700000000000231e-05
23608,0.006791999999999999,-0.0009739999999999999,-0.072342,3.300000000000091e-05,0.0002189999999999999,-9.299999999999586e-05
19825,-0.000224,0.004494,-0.067368,5.299999999999999e-05,0.00029799999999999965,0.00018199999999998773
27066,-0.010602,-0.00418,-0.066178,0.00013300000000000117,0.00016899999999999988,-0.00022500000000000298
27085,0.00101,0.006116,-0.07315,-1.0000000000000026e-05,0.00015499999999999976,-8.199999999999874e-05
24808,-0.009947,-0.003956,-0.07019700000000001,5.999999999999062e-06,0.0001720000000000007,-0.00021099999999998897
27582,-0.010078,0.011172000000000001,-0.063793,8.89999999999988e-05,0.0001489999999999981,-3.299999999999137e-05
27581,0.003821,0.004817999999999999,-0.06296399999999999,0.000134,0.00021600000000000005,-0.0003130000000000077
27549,0.0044080000000000005,0.010401,-0.068208,-3.300000000000004e-05,0.00022099999999999898,-2.6999999999999247e-05
25516,-0.012297,-0.0031219999999999998,-0.065247,9.200000000000007e-05,0.0001429999999999999,-0.00012000000000000899
24490,-0.008619,0.007409,-0.06695699999999999,0.0002570000000000003,0.00023200000000000044,4.599999999999049e-05
26677,-0.00922,0.002727,-0.068035,0.00020500000000000032,7.800000000000038e-05,0.00012599999999998723
17846,-0.006738,-0.0025510000000000003,-0.068089,5.099999999999983e-05,0.0002030000000000005,-2.2999999999995246e-05
26951,-0.004746,0.003319,-0.062897,1.700000000000052e-05,0.00016800000000000018,0.00016399999999999748
26410,0.001379,-0.008098000000000001,-0.065027,7.800000000000016e-05,0.00022300000000000098,-0.00023999999999999022
19419,-0.006474000000000001,0.0011339999999999998,-0.066913,0.00011600000000000065,0.00036300000000000026,4.599999999999049e-05
25109,-0.002424,0.006274,-0.06690900000000001,3.799999999999984e-05,0.00020899999999999998,0.00010700000000000986
27553,-0.001867,0.001206,-0.06775199999999999,8.699999999999984e-05,0.0002419999999999998,6.399999999999462e-05
22298,-0.014085,0.000933,-0.069612,4.700000000000017e-05,0.00019800000000000004,-0.00010699999999999599
27640,-0.001514,0.00011999999999999999,-0.0696,9.899999999999991e-05,0.000183,6.499999999999562e-05
19259,0.003556,0.004941,-0.070798,-3.300000000000004e-05,0.00028399999999999953,-0.00014899999999999636
24606,0.014756,0.0027170000000000002,-0.06660200000000001,1.0999999999998858e-05,0.00013999999999999993,-2.499999999998337e-05
26082,-0.007431,0.005046999999999999,-0.06737399999999999,0.00015300000000000036,0.00020000000000000052,2.9999999999891225e-06
25105,-0.007223,-0.011079,-0.07152800000000001,0.00012899999999999977,0.00016100000000000142,-3.0000000000002247e-05
26920,0.0057480000000000005,0.008928,-0.07144199999999999,-3.1000000000000645e-05,8.99999999999998e-05,-0.00015100000000001224
26059,0.004031,0.009624,-0.066873,1.599999999999952e-05,0.00022799999999999904,-0.00010400000000000686
26027,0.00597,0.001385,-0.065672,0.00012700000000000038,0.00022100000000000006,-4.500000000000337e-05
21977,0.001571,0.0022280000000000004,-0.063716,8.299999999999996e-05,0.00028299999999999983,-1.0999999999997123e-05
24620,6.6e-05,-0.011380000000000001,-0.070988,0.00020700000000000002,7.600000000000141e-05,-6.30000000000075e-05
19911,0.009049,-0.0075899999999999995,-0.064276,-2.599999999999998e-05,0.00014699999999999956,0.00011300000000000199
26149,-0.003756,-0.003454,-0.061894,0.00012299999999999985,0.00011699999999999992,-0.0001490000000000033
26220,-0.003485,-0.0076619999999999995,-0.062134999999999996,4.0999999999999804e-05,0.00018899999999999993,-0.00013099999999999917
25776,-0.004353,0.004839,-0.073367,0.00011400000000000039,7.299999999999928e-05,1.000000000001e-06
25732,-0.006168,-0.000911,-0.06243,7.000000000000062e-06,0.00012699999999999994,-0.00010499999999999399
14468,-0.008406,-0.000228,-0.066341,0.00011099999999999999,0.0002,-2.0000000000006124e-05
27150,0.0011719999999999999,-0.008522,-0.06491,6.900000000000027e-05,0.00021799999999999944,-0.0003130000000000077
26997,0.013404999999999999,0.0030819999999999997,-0.068922,0.00012800000000000138,3.2000000000000344e-05,-3.300000000000525e-05
16935,0.0057599999999999995,-0.0016870000000000001,-0.07196,5.400000000000023e-05,0.00022100000000000006,-0.00018100000000001448
26324,0.002843,0.00731,-0.070228,0.00011299999999999982,0.00032600000000000077,-1.1999999999998123e-05
21668,0.009736,-0.003373,-0.067094,6.500000000000082e-05,7.999999999999978e-05,-5.4999999999999494e-05
25421,-0.008555,0.0012900000000000001,-0.062299,-0.00010199999999999966,0.0001739999999999999,-0.00015599999999999642
25142,0.011080999999999999,-0.001964,-0.06765399999999999,3.0000000000002247e-05,9.500000000000003e-05,-3.500000000000725e-05
11113,0.0011899999999999999,0.0029140000000000004,-0.07107,-2.3999999999999933e-05,0.00020599999999999959,7.000000000000062e-05
26412,0.005066,0.004046,-0.063735,0.00017200000000000028,0.0003110000000000005,-0.00014200000000000323
27462,0.0074470000000000005,-0.011838,-0.07015,0.00016299999999999995,0.00017,-4.999999999999449e-05
23577,0.007911,-0.000815,-0.073287,-1.0999999999998858e-05,0.000196,-8.900000000000574e-05
21776,0.009176,0.007858,-0.068084,9.900000000000013e-05,0.00014699999999999956,-2.5999999999998247e-05
27651,-0.0012330000000000002,7.9e-05,-0.058774,9.200000000000007e-05,0.00018500000000000002,-0.00022500000000000298
26015,0.008423,0.00954,-0.071905,-8.5e-05,0.00011000000000000072,-0.00018599999999999173
27245,0.006574,-0.006324,-0.064593,0.00018700000000000053,0.00011299999999999939,-8.199999999999874e-05
27618,0.00799,-0.008402,-0.072207,0.00016399999999999922,6.500000000000082e-05,-1.000000000001e-06
25107,-0.012731,0.0076500000000000005,-0.066505,2.6999999999999247e-05,8.599999999999927e-05,1.2999999999985246e-05
26968,0.012047,0.010159000000000001,-0.06652,-8.000000000000021e-05,0.0001389999999999985,-3.100000000000325e-05
21769,0.015910999999999998,0.007031,-0.06853000000000001,2.4000000000003185e-05,0.00012700000000000038,5.0000000000050004e-06
25102,0.000597,-0.004879,-0.063988,0.000129,0.0001579999999999993,-0.00020099999999999285
27556,0.010412000000000001,0.0094,-0.067558,-7.900000000000094e-05,9.699999999999986e-05,-0.00011399999999998911
21375,-0.002827,0.007353,-0.067315,5.3999999999999795e-05,0.00025799999999999955,0.0
26022,0.00571,-0.011379,-0.07215,0.0003099999999999995,0.00011699999999999905,-0.00031699999999999784
21371,0.011328,-0.009141,-0.067074,0.00021700000000000018,0.0001510000000000001,2.3999999999996247e-05
27606,-0.005227000000000001,0.005415,-0.069662,0.00020500000000000032,0.0001260000000000011,-4.099999999999937e-05
26396,-0.011753999999999999,0.005332,-0.06851,0.00020499999999999859,0.00010399999999999993,2.000000000002e-06
27210,0.009710000000000002,0.0031579999999999998,-0.062193,0.0001389999999999985,0.00022800000000000034,-0.00023600000000000704
25503,0.000133,0.0005679999999999999,-0.06522,0.000128,0.0003160000000000001,-0.00016299999999999648
15813,0.008901999999999998,0.008136,-0.070521,2.000000000002e-06,8.400000000000074e-05,-0.0001709999999999906
26989,-0.007234,0.0029100000000000003,-0.071295,0.00014999999999999996,9.39999999999999e-05,0.00010499999999999399
16469,0.0020819999999999996,0.008202,-0.071629,-7.699999999999981e-05,0.000172000000000002,-5.9999999999990616e-05
26701,0.001938,0.006577,-0.070622,0.00010999999999999985,0.00034599999999999995,2.8000000000014125e-05
17466,-0.010637,0.007533000000000001,-0.065913,0.00011300000000000199,0.0002279999999999999,4.999999999999449e-05
23962,-0.00185,-0.0070810000000000005,-0.070435,0.00019300000000000003,0.00022000000000000058,-0.00019900000000000473
25099,8.8e-05,-0.005787,-0.064759,0.000153,0.00019499999999999986,-0.00010000000000000286
17124,0.007831000000000001,0.01078,-0.067897,-0.00011100000000000172,5.300000000000096e-05,-6.0000000000060005e-06
26735,0.017238,-0.002955,-0.066683,7.000000000000062e-06,0.0001330000000000003,3.300000000000525e-05
21656,-0.002837,0.0062889999999999995,-0.065908,5.00000000000023e-06,0.00026200000000000095,1.1999999999998123e-05
24258,-0.009586,-0.009689,-0.063005,6.100000000000029e-05,-7.999999999999327e-06,-0.00019399999999998585
27239,0.00966,-0.00053,-0.067386,0.00012700000000000038,0.00019999999999999998,-0.00028400000000000647
22817,0.006746,0.0067220000000000005,-0.06676399999999999,4.099999999999937e-05,0.00015699999999999915,-0.00015500000000000236
26029,0.0063230000000000005,0.008319,-0.06665900000000001,9.399999999999947e-05,0.0002409999999999999,-2.6999999999999247e-05
10157,0.002387,-0.003002,-0.07407599999999999,-4.399999999999977e-05,0.00019400000000000016,4.099999999999937e-05
27238,0.006599,-0.0031349999999999998,-0.066543,0.00017399999999999968,0.00020699999999999972,-0.0003399999999999931
26310,0.0020350000000000004,0.002484,-0.069285,2.499999999999985e-05,0.00044399999999999995,-1.1999999999998123e-05
22010,0.00171,-0.004466,-0.071223,8.299999999999996e-05,0.0002450000000000004,-0.00017100000000000448
26032,0.00658,-0.006247,-0.067805,0.0002199999999999997,0.00012899999999999977,-0.00019099999999999673
20709,0.005106,0.001027,-0.067831,3.499999999999944e-05,0.0002230000000000001,-0.0001810000000000006
17489,0.008208,-0.004813,-0.068616,7.399999999999941e-05,0.00012199999999999971,-0.0002510000000000012
24491,0.009462,-0.000884,-0.071202,-9.000000000000327e-06,0.00024399999999999997,-7.999999999994123e-06
9772,0.015016999999999999,1.1e-05,-0.071756,0.00011599999999999978,-2.3e-05,-0.00011300000000000199
25119,0.0036320000000000002,-0.002876,-0.065482,0.0002239999999999998,0.0003020000000000002,-0.00013599999999999723
25108,0.007609,0.002177,-0.068488,2.5999999999999114e-05,0.0002239999999999998,-0.00020200000000000773
27005,-0.001379,-0.011706,-0.07092,5.6999999999999976e-05,0.00014899999999999983,-0.00015199999999999936
27240,-0.010182,-0.0029519999999999998,-0.06321500000000001,0.00013200000000000017,0.00013699999999999997,-0.0002279999999999921
27014,-4.8e-05,-0.008903000000000001,-0.066074,0.000132,0.00014300000000000077,-0.00020100000000000673
22799,-0.00174,-0.007237,-0.068944,0.000134,0.00020900000000000085,-0.00011599999999999111
26996,0.004435,0.00571,-0.06787399999999999,9.200000000000007e-05,0.00024300000000000016,1.0999999999997123e-05
25717,0.008490000000000001,0.008103999999999998,-0.066793,7.099999999999815e-05,0.00022500000000000298,-8.999999999995123e-06
24541,-0.010029,-0.003397,-0.072306,2.8999999999999512e-05,0.0003009999999999996,8.700000000000374e-05
26631,0.01077,-0.001213,-0.065576,0.00011299999999999852,0.00030100000000000005,-0.0002390000000000031
17123,0.012147999999999999,0.006847000000000001,-0.06802,3.5999999999999574e-05,7.099999999999988e-05,-8.999999999995123e-06
25719,-0.00739,-0.004713,-0.06775400000000001,0.0001529999999999995,7.699999999999981e-05,-2.2999999999995246e-05
27600,-0.009311999999999999,0.00321,-0.07231,0.00011399999999999952,3.4999999999999875e-05,0.00013499999999999623
21412,-0.003858,0.0035800000000000003,-0.067123,0.00011699999999999992,0.00021300000000000008,7.500000000000562e-05
26625,0.003516,-0.00098,-0.06936,8.999999999999894e-06,0.00024299999999999994,-0.00011400000000000299
20723,0.010362,0.00528,-0.06669,5.9000000000000025e-05,0.00014000000000000037,-0.00016800000000000148
15121,0.004489,0.004523,-0.068437,4.19999999999995e-05,0.0002890000000000002,-6.1000000000005494e-05
24195,-0.004785,-0.008878,-0.071593,3.600000000000044e-05,0.00025299999999999975,5.9000000000003494e-05
27546,-0.003321,0.003741,-0.068777,7.699999999999981e-05,0.00012800000000000008,5.6000000000000494e-05
25160,-0.007958999999999999,-0.00687,-0.07079200000000001,5.999999999999929e-05,0.00029400000000000086,-0.00012799999999998923
23520,-0.009874,0.003599,-0.07193600000000001,0.00011800000000000005,7.399999999999985e-05,-3.099999999998937e-05
26185,-0.013647,-0.003398,-0.065433,1.899999999999992e-05,0.00020799999999999985,-8.900000000000574e-05
20570,0.008587,-0.011493,-0.06891,0.00010899999999999972,0.00011899999999999931,0.00016100000000000836
27607,-0.015118,0.008192999999999999,-0.069798,0.00020300000000000006,2.100000000000192e-05,3.799999999999637e-05
24806,-0.0076040000000000005,-0.002233,-0.070988,6.0000000000001025e-05,0.0001550000000000002,7.999999999999674e-05
16139,-0.00156,0.0056619999999999995,-0.06925,7.899999999999986e-05,0.0001510000000000001,5.200000000001037e-05
25418,0.002677,0.005142000000000001,-0.068012,-5.600000000000006e-05,0.00028599999999999893,-0.00010799999999999699
26013,-0.009492,-0.008291999999999999,-0.067155,-9.400000000000033e-05,0.0003859999999999992,-4.500000000000337e-05
25194,-0.005136,-0.000514,-0.069917,8.000000000000194e-06,0.000282,-6.399999999998074e-05
22096,-0.012801,0.000549,-0.070802,3.300000000000004e-05,0.00011300000000000004,-2.2999999999995246e-05
27255,-0.011840999999999999,-0.002516,-0.065555,5.4999999999999494e-05,0.00017700000000000007,-0.0001759999999999956
17102,-0.000589,-0.000983,-0.070684,2.799999999999992e-05,0.0002009999999999999,0.00013199999999999323
22358,0.00536,-0.006946,-0.067986,0.00023199999999999957,0.0001429999999999999,-0.00015099999999999836
27266,0.001264,-0.00196,-0.07336,-2.599999999999998e-05,0.00021099999999999982,-2.2000000000008124e-05
15880,-0.004526,-0.004655,-0.069785,0.0002409999999999999,0.00023499999999999997,-3.299999999999137e-05
