Particle,x,y,z,Vx,Vy,Vz
3220,-5.8e-05,-0.006572,-0.07148600000000001,0.0,0.0,0.0
3826,0.005235,-0.004638,-0.06734699999999999,0.0,0.0,0.0
7067,-0.004849,-0.008158,-0.073691,0.0,0.0,0.0
130,0.010074,0.007231,-0.065666,0.0,0.0,0.0
7160,-0.007311,-0.009022,-0.059746,0.0,0.0,0.0
111,-0.012147,0.00036199999999999996,-0.06806999999999999,0.0,0.0,0.0
6494,0.007248999999999999,-0.00709,-0.06919199999999999,0.0,0.0,0.0
5817,0.010636,-0.006525,-0.06895,0.0,0.0,0.0
4818,0.004069,-0.0034,-0.061926,0.0,0.0,0.0
3801,0.009548,0.000339,-0.0732,0.0,0.0,0.0
3120,0.008503,-0.004168,-0.066917,0.0,0.0,0.0
4726,-0.011215999999999999,0.0070469999999999994,-0.071035,0.0,0.0,0.0
6542,-0.011771,-0.008508,-0.06465800000000001,0.0,0.0,0.0
7090,0.007435,-0.01084,-0.069116,0.0,0.0,0.0
6891,-0.0027589999999999997,-0.0025099999999999996,-0.066723,0.0,0.0,0.0
5224,0.010383,-0.009210000000000001,-0.06641200000000001,0.0,0.0,0.0
6856,-0.005617,-0.011066000000000001,-0.061668,0.0,0.0,0.0
6944,0.00035299999999999996,0.006129,-0.06277300000000001,0.0,0.0,0.0
6583,0.010553000000000002,-0.006235999999999999,-0.063026,0.0,0.0,0.0
7116,-0.011717,-0.004353,-0.074334,0.0,0.0,0.0
7126,0.007732999999999999,-0.0062169999999999994,-0.073369,0.0,0.0,0.0
6444,0.001696,-0.003765,-0.075776,0.0,0.0,0.0
4502,0.010671,0.004443,-0.066968,0.0,0.0,0.0
6412,0.0014,-0.009185,-0.072467,0.0,0.0,0.0
7082,-0.009391,0.006686,-0.074634,0.0,0.0,0.0
44,-0.011182000000000001,-0.008162,-0.06726900000000001,0.0,0.0,0.0
6402,-0.0077930000000000004,-0.009115,-0.067678,0.0,0.0,0.0
4391,-0.002368,0.008052,-0.061086,0.0,0.0,0.0
519,-0.003307,0.010662000000000001,-0.070325,0.0,0.0,0.0
6847,0.004923,-0.005194,-0.060696,0.0,0.0,0.0
6506,-0.002276,0.01059,-0.06105,0.0,0.0,0.0
2290,0.009028000000000001,0.009257,-0.068158,0.0,0.0,0.0
537,-0.010102,0.008909,-0.063402,0.0,0.0,0.0
1245,0.004019999999999999,0.007228,-0.077654,0.0,0.0,0.0
7167,0.017434,-0.002405,-0.065541,0.0,0.0,0.0
6476,0.016532,0.00115,-0.073827,0.0,0.0,0.0
7220,-0.001018,0.003317,-0.060556,0.0,0.0,0.0
6128,-0.0070090000000000005,-0.007125,-0.070313,0.0,0.0,0.0
4082,-0.012728,0.008662000000000001,-0.06987600000000001,0.0,0.0,0.0
7112,0.005514,0.005404,-0.058434,0.0,0.0,0.0
843,0.010934,-0.006681,-0.068178,0.0,0.0,0.0
2802,-0.014146,0.005319,-0.071885,0.0,0.0,0.0
7138,-0.014872999999999999,-0.00857,-0.07006799999999999,0.0,0.0,0.0
6900,-0.003745,-0.007452,-0.06504800000000001,0.0,0.0,0.0
7277,0.012304,-0.010028,-0.06346,0.0,0.0,0.0
6581,0.010474,-0.010987,-0.065997,0.0,0.0,0.0
6418,-0.004829,-0.001423,-0.061394,0.0,0.0,0.0
6091,-0.0057480000000000005,-0.000217,-0.072185,0.0,0.0,0.0
7263,0.001539,0.009337,-0.067153,0.0,0.0,0.0
6777,-0.0013080000000000001,-0.006325,-0.062592,0.0,0.0,0.0
6962,0.010081,-0.01291,-0.070366,0.0,0.0,0.0
7117,-0.012103,-0.011170999999999999,-0.074247,0.0,0.0,0.0
7111,-0.001494,-0.005934999999999999,-0.063179,0.0,0.0,0.0
7268,-0.000578,0.0026360000000000003,-0.057993,0.0,0.0,0.0
6302,0.011942,-0.01274,-0.071056,0.0,0.0,0.0
7134,-0.006234,0.005241,-0.077628,0.0,0.0,0.0
7069,0.009031,-0.005657,-0.071662,0.0,0.0,0.0
4665,-0.008369999999999999,0.013415,-0.063917,0.0,0.0,0.0
2821,0.012145,-0.002504,-0.066782,0.0,0.0,0.0
7142,0.005852,-0.008865,-0.062429000000000005,0.0,0.0,0.0
437,-0.005377,-0.002276,-0.071024,0.0,0.0,0.0
7175,0.018065,-0.008904,-0.072597,0.0,0.0,0.0
6904,-0.0020459999999999996,-0.0019199999999999998,-0.057649,0.0,0.0,0.0
318,0.009858,0.004781,-0.066283,0.0,0.0,0.0
6801,0.010025000000000001,0.008556,-0.07137399999999999,0.0,0.0,0.0
6080,-0.012313000000000001,-0.00131,-0.07583100000000001,0.0,0.0,0.0
7246,0.017738,0.003134,-0.06806,0.0,0.0,0.0
6979,0.010913,-0.007413,-0.060061,0.0,0.0,0.0
7346,-0.0006810000000000001,0.012315,-0.060531999999999996,0.0,0.0,0.0
3662,-0.016301,0.00184,-0.070587,0.0,0.0,0.0
6256,0.005577,0.003064,-0.07306499999999999,0.0,0.0,0.0
5736,-0.009726,-0.0015149999999999999,-0.062282,0.0,0.0,0.0
6287,0.011617,-0.001923,-0.07317799999999999,0.0,0.0,0.0
6999,0.012493,-0.009129,-0.060982999999999996,0.0,0.0,0.0
6931,0.005816,0.01219,-0.069132,0.0,0.0,0.0
6709,-0.003794,-0.009033,-0.056839,0.0,0.0,0.0
6803,-0.006051999999999999,-0.010832000000000001,-0.07325799999999999,0.0,0.0,0.0
6791,0.010482,-0.009392,-0.072369,0.0,0.0,0.0
6579,-0.0021219999999999998,-0.007548,-0.063039,0.0,0.0,0.0
6717,-0.010374000000000001,-0.002787,-0.06929300000000001,0.0,0.0,0.0
143,3.3e-05,0.013308,-0.072691,0.0,0.0,0.0
6750,-0.004397,-0.0077350000000000006,-0.072852,-1.000000000000046e-05,5.7000000000000627e-05,4.200000000000037e-05
6413,-0.006376000000000001,-0.006585,-0.06839400000000001,2.4000000000000583e-05,0.00017900000000000034,0.0002480000000000121
6493,-0.0026939999999999998,-0.009649,-0.068209,9.89999999999997e-05,0.0002589999999999988,7.00000000000145e-05
6521,-0.012486,0.010205,-0.065891,-2.300000000000045e-05,-2.5000000000000716e-05,2.6999999999999247e-05
5786,-0.007189,0.008751,-0.074397,7.200000000000002e-05,8.99999999999998e-05,-3.699999999999537e-05
1890,-0.002214,0.009003,-0.06918200000000001,-9.900000000000013e-05,0.00014799999999999883,-0.00015999999999999348
7187,0.009994999999999999,-0.011307000000000001,-0.072132,-9.99999999999994e-05,0.00011700000000000078,-0.00012099999999999611
6781,-0.011946,-0.0065,-0.071657,-5.300000000000096e-05,0.00010299999999999979,0.0002500000000000002
5523,0.0022919999999999998,-0.006908,-0.070465,2.0000000000000052e-05,5.5999999999999626e-05,-4.800000000000637e-05
5810,-0.005422,-0.010761,-0.064538,0.00046399999999999914,0.00021299999999999965,7.599999999999274e-05
5076,0.01185,-0.00544,-0.069256,1.1000000000000593e-05,8.5e-05,-0.0001250000000000001
6437,-0.004328,-0.00378,-0.064728,0.00010700000000000032,0.00024899999999999966,-0.00011800000000000699
3156,0.003455,-0.008875,-0.068818,-2.1000000000000185e-05,5.999999999999062e-06,-6.799999999998474e-05
6889,0.016547,0.001583,-0.06916800000000001,-4.599999999999743e-05,9.699999999999986e-05,-7.599999999999274e-05
7474,0.007308,-0.0026509999999999997,-0.06315699999999999,0.00011899999999999931,0.0002919999999999997,0.00011999999999999511
5726,0.015738,0.0006720000000000001,-0.070963,-4.099999999999937e-05,0.0001429999999999999,-0.00014400000000000523
6996,-0.001627,0.000898,-0.06890399999999999,-1.0999999999999942e-05,0.00021500000000000002,-9.100000000000774e-05
3435,0.002205,0.011599,-0.068994,2.400000000000015e-05,-6.000000000000796e-06,-4.600000000000437e-05
4919,0.0064329999999999995,-0.003356,-0.061367,4.200000000000037e-05,0.00038199999999999996,-4.599999999999743e-05
5049,-0.010164,-0.007259000000000001,-0.06859699999999999,0.00019800000000000026,0.0001250000000000001,0.00036699999999999233
5454,-0.0028799999999999997,-0.010045,-0.062128,0.00015700000000000002,0.0001570000000000009,-0.0001480000000000023
6084,0.012022,-0.001789,-0.07328100000000001,5.10000000000007e-05,0.00012800000000000008,5.800000000001637e-05
5859,-0.009651,-0.011061999999999999,-0.067411,-0.00010199999999999966,0.00023599999999999836,9.199999999999486e-05
7497,0.007422,-0.002878,-0.073147,0.00011399999999999952,-0.00020500000000000032,-0.00012599999999998723
7192,-0.004654,-0.012202,-0.06727899999999999,0.00021200000000000038,0.0002659999999999989,3.199999999999037e-05
212,-0.008955999999999999,0.008494,-0.07262099999999999,3.999999999998796e-06,5.4999999999999494e-05,-0.00010100000000000386
7127,0.00664,-0.0034750000000000002,-0.076569,0.00013200000000000017,-4.7999999999999866e-05,-0.00010000000000000286
7204,0.002834,0.011455,-0.058991999999999996,-4.9e-05,0.00030400000000000045,2.8999999999994308e-05
7430,-0.011928000000000001,0.005479,-0.063814,2.2000000000001185e-05,-2.1000000000000185e-05,-4.600000000000437e-05
912,0.014523,-0.001387,-0.064247,0.00010500000000000093,0.00013900000000000002,1.000000000001e-06
7588,-0.008547,-0.003821,-0.076634,-6.199999999999956e-05,-4.49999999999999e-05,-0.00011200000000000099
7530,0.008811,-0.009315,-0.059781999999999995,0.000282000000000001,0.00030299999999999945,-0.00022100000000000591
6748,-0.011678000000000001,0.000637,-0.07562300000000001,-0.0001289999999999989,9.199999999999996e-05,-1.6999999999989246e-05
7524,-0.010422,0.0011459999999999999,-0.062171,9.000000000000327e-06,0.00020700000000000015,-0.0003310000000000049
5395,-0.001117,0.013009,-0.065379,0.00011999999999999988,0.00023899999999999963,-0.00012999999999999123
7420,-0.003908,0.005111,-0.061128999999999996,8.999999999999894e-06,0.00021600000000000005,-0.0001460000000000003
7552,0.002064,-0.004264,-0.073332,-5.499999999999993e-05,-3.199999999999991e-05,-0.0001390000000000141
6462,0.00124,0.007246000000000001,-0.071514,-9.200000000000007e-05,-9.000000000000327e-06,-3.700000000000925e-05
6884,0.00117,-0.005026,-0.06400700000000001,0.00021399999999999978,0.0003020000000000002,1.0000000000010001e-05
6525,-0.006338,0.008393000000000001,-0.077101,-2.0000000000002655e-06,1.1999999999998123e-05,-7.999999999994123e-06
4607,-0.006671,0.003226,-0.064224,-2.300000000000045e-05,0.00026999999999999984,-0.0001769999999999966
7089,-0.004553,-0.0028959999999999997,-0.07368999999999999,-8.000000000000194e-06,0.00011099999999999955,-2.9000000000001247e-05
7364,0.000789,-0.0024950000000000003,-0.076856,7.999999999999999e-05,-2.099999999999975e-05,-0.00020700000000001273
6807,-0.010579,-0.0029089999999999997,-0.075406,-3.8000000000001574e-05,-6.000000000000016e-05,-8.999999999999286e-05
7107,0.00508,-0.001953,-0.07516500000000001,3.699999999999971e-05,5.999999999999929e-06,-0.00010999999999999899
5779,-0.009300000000000001,-0.01062,-0.071624,8.000000000000021e-05,0.00017199999999999854,-0.0001820000000000016
5276,-0.011474999999999999,-0.009495,-0.07110899999999999,9.200000000000007e-05,0.00020399999999999932,0.00021599999999999397
7428,0.005529,-0.008343,-0.066643,7.399999999999941e-05,4.200000000000037e-05,-2.8000000000014125e-05
5315,0.014487,0.0014,-0.067804,-0.00011999999999999858,-3.799999999999984e-05,0.00016900000000000248
5982,-0.004552,0.007429,-0.069473,-2.300000000000045e-05,0.00012000000000000031,-0.00014700000000000824
7452,0.007685,0.011605,-0.064078,-4.0000000000000105e-05,8.000000000000021e-05,-9.900000000001574e-05
6240,0.015128,-0.004494,-0.074192,-1.3000000000000858e-05,9.19999999999992e-05,6.399999999999462e-05
7464,-0.00028399999999999996,0.003883,-0.05967,4.7999999999999974e-05,0.00021600000000000005,0.0001810000000000006
6796,0.017007,-0.010379,-0.06901600000000001,3.599999999999784e-05,0.00014799999999999883,0.00012000000000000899
6593,0.006182,0.002191,-0.071587,-0.0001460000000000003,-6.999999999999975e-05,-0.0002400000000000041
7476,0.005378999999999999,0.007364,-0.059561,-8.299999999999887e-05,0.00012900000000000064,8.89999999999988e-05
7504,0.000747,-0.011406000000000001,-0.077307,1.0999999999999942e-05,-3.299999999999831e-05,-0.00010299999999999199
4406,-0.010324999999999999,-0.007083,-0.069836,1.0999999999998858e-05,0.00024499999999999956,0.00018899999999999473
7193,0.006899,-0.013028,-0.066008,0.00020800000000000072,5.699999999999976e-05,-0.00015900000000000636
7548,-0.000391,0.00945,-0.07645099999999999,7.700000000000003e-05,0.00014199999999999977,-0.00033400000000000096
7549,0.011628,-0.0051210000000000006,-0.057813,0.0002310000000000003,0.00030100000000000005,0.00019400000000000667
6910,-0.011872,0.010034000000000001,-0.065088,0.00010699999999999946,-0.00012700000000000038,0.00019600000000000173
7576,0.016736,0.006566,-0.071813,2.9000000000001247e-05,0.0002230000000000001,-2.2999999999995246e-05
7590,0.006738,-0.009623,-0.075291,-7.099999999999988e-05,9.49999999999996e-05,-0.00015999999999999348
7605,-0.012616,0.011071999999999999,-0.06482299999999999,7.300000000000188e-05,-3.7999999999998105e-05,-0.00017000000000000348
7622,0.0021309999999999996,-0.00729,-0.077028,-2.9999999999999645e-05,-1.700000000000052e-05,-0.00010100000000000386
6427,-0.009046,-0.002316,-0.074684,-0.00011499999999999878,-1.800000000000022e-05,-0.000124000000000013
3767,-0.006867,-0.001482,-0.07371,-6.700000000000022e-05,7.299999999999993e-05,-8.500000000000174e-05
51,-0.006667,0.005926,-0.07216800000000001,7.500000000000041e-05,0.00010199999999999966,-0.00010499999999998011
160,0.009559,0.007121000000000001,-0.07073099999999999,-0.00019300000000000046,9.599999999999886e-05,-7.70000000000215e-05
71,0.002895,0.001639,-0.07251600000000001,-9.699999999999986e-05,9.999999999999159e-07,-0.00011899999999999411
53,0.003792,0.008087,-0.072343,2.9999999999999645e-06,-4.4000000000000636e-05,-0.00010399999999999299
57,8.3e-05,0.004852,-0.068961,-7.099999999999999e-05,9.099999999999907e-05,-0.00012199999999999711
6051,-0.012367000000000001,-0.001942,-0.07230800000000001,-7.699999999999894e-05,-7.999999999999978e-06,-4.299999999998749e-05
6134,0.014572,0.003786,-0.07221,-0.00010699999999999946,0.000134,-3.100000000000325e-05
1855,-0.002063,0.00653,-0.06999599999999999,-5.899999999999959e-05,0.00021300000000000052,-0.0002410000000000051
7811,-0.005223,0.004784,-0.07193899999999999,1.400000000000099e-05,5.500000000000036e-05,-7.70000000000215e-05
48,-0.00088,0.006288,-0.06961,-9.900000000000002e-05,7.099999999999988e-05,-0.0001260000000000011
3115,-0.000704,0.009489000000000001,-0.070585,-2.1999999999999993e-05,-6.000000000000796e-06,-0.00011700000000000599
6058,0.001963,-0.0034500000000000004,-0.070937,7.499999999999998e-05,0.00011600000000000022,-9.000000000000674e-05
2800,0.002993,0.005575,-0.067982,-0.00014500000000000016,0.0001349999999999997,-4.200000000000037e-05
7070,-0.006909,-0.010276,-0.072108,0.00011200000000000012,0.0002599999999999998,0.00026800000000000435
6129,-0.003594,8.9e-05,-0.067892,8.000000000000021e-05,0.00030000000000000003,-3.100000000000325e-05
5494,-0.002004,-0.003678,-0.06926399999999999,8.400000000000031e-05,0.000245,-3.900000000001125e-05
151,-0.001879,0.00933,-0.07279000000000001,1.0000000000001327e-06,1.6999999999999654e-05,-0.00024399999999999422
3114,-0.00424,0.002691,-0.07057899999999999,-6.400000000000069e-05,0.00012700000000000038,-0.00022000000000001185
5053,0.00268,0.0030670000000000003,-0.068576,4.999999999999796e-06,0.00010899999999999972,-0.0001290000000000041
6400,0.005852,0.011818,-0.069289,-2.900000000000038e-05,1.9999999999999185e-05,-7.799999999999474e-05
1211,0.00035299999999999996,0.0016979999999999999,-0.06811,3.900000000000008e-05,0.0001460000000000003,-9.499999999999786e-05
1594,-0.001057,0.0013180000000000002,-0.06921,4.000000000000097e-06,0.00015899999999999985,-0.00016500000000001236
106,-0.002034,0.010074999999999999,-0.069101,-1.9000000000000353e-05,4.4000000000000636e-05,-0.00014300000000000423
4723,0.005378,0.00146,-0.06750199999999999,-1.2000000000000725e-05,3.200000000000013e-05,-3.600000000000825e-05
6612,-0.00022600000000000002,-0.010926,-0.07212,0.00011600000000000001,0.00013400000000000044,-4.999999999999449e-05
5832,-0.008449,-0.004543999999999999,-0.069907,-6.300000000000056e-05,3.8999999999999105e-05,3.199999999999037e-05
6311,0.010513,0.007844,-0.07161100000000001,-0.00021700000000000018,1.4000000000000123e-05,-8.799999999999086e-05
123,0.004605000000000001,-0.007320999999999999,-0.070339,2.199999999999945e-05,7.099999999999902e-05,-0.00014600000000000724
7401,0.005053,0.002877,-0.065863,4.799999999999943e-05,0.00011500000000000008,-2.0999999999993246e-05
6048,-0.001398,-0.007709,-0.073662,-4.800000000000008e-05,5.199999999999996e-05,2.6999999999999247e-05
77,-0.003942,0.009991,-0.071342,-7.299999999999928e-05,0.00010700000000000119,-0.00010299999999999199
2229,0.007738,0.000608,-0.067324,7.199999999999915e-05,0.00011399999999999995,-9.300000000000974e-05
7072,0.006529,-0.006508,-0.067956,9.900000000000013e-05,0.0001319999999999993,-5.6000000000000494e-05
4724,-0.009988,0.003915,-0.068873,-1.5999999999998654e-05,-0.00012300000000000028,-0.00019199999999999773
807,0.001589,0.006136999999999999,-0.071924,-8.299999999999996e-05,-4.69999999999993e-05,-0.00016000000000000736
7407,0.013228,0.006731,-0.071907,-0.00038100000000000113,0.000183,4.400000000000237e-05
7157,0.0055320000000000005,0.009055,-0.067042,-0.00015500000000000062,5.699999999999976e-05,-4.200000000000037e-05
7487,-0.000969,0.003882,-0.067775,-1.1999999999999858e-05,0.00010299999999999979,-0.00013799999999999923
5697,0.003157,-0.008525,-0.072601,-5.600000000000006e-05,6.499999999999909e-05,2.5000000000011124e-05
5504,0.0050880000000000005,0.010321,-0.071813,-0.00012900000000000064,1.5999999999998654e-05,-0.00014600000000000724
5364,0.000988,0.003169,-0.067422,5.499999999999993e-05,0.00010800000000000002,-0.00010699999999999599
4475,0.000871,-0.007386,-0.071263,-6.999999999999997e-05,2.5000000000000716e-05,4.300000000000137e-05
7732,0.005018,0.0050810000000000004,-0.069218,-0.00017,4.0000000000000105e-05,-3.300000000000525e-05
180,-0.002655,0.011955,-0.066378,0.00011999999999999988,0.00014300000000000077,-0.00011199999999998711
3190,-0.006638,0.009256,-0.070806,0.0,0.0001289999999999989,4.799999999999249e-05
3449,-0.011217000000000001,0.003149,-0.062829,-1.699999999999792e-05,0.00018400000000000014,-9.800000000000086e-05
7397,0.004313,0.001142,-0.071146,-3.9999999999996635e-06,4.9999999999999914e-05,-0.0001709999999999906
7399,0.012695,0.012471,-0.068711,-0.00019899999999999952,0.0001349999999999997,2.499999999998337e-05
2550,0.008366,0.010846,-0.06779500000000001,1.1999999999999858e-05,4.0000000000000105e-05,-0.00013099999999999223
7765,0.011500999999999999,-0.002871,-0.069091,9.999999999999593e-06,8.300000000000017e-05,1.2000000000012001e-05
3109,0.00036899999999999997,-0.001107,-0.065969,1.9000000000000028e-05,0.00022699999999999988,-6.1000000000005494e-05
7394,-0.008041,0.011221,-0.071985,-4.900000000000043e-05,-7.399999999999941e-05,-0.0001380000000000131
4063,0.010403,0.0026179999999999997,-0.070569,-7.099999999999988e-05,4.9e-05,-8.700000000000374e-05
1298,-0.009463,0.002529,-0.06551399999999999,3.399999999999931e-05,0.000219,-0.00015400000000001524
2871,0.0038,0.008311,-0.06690399999999999,-0.0001559999999999999,0.00010899999999999972,-0.00016200000000000936
7749,0.008128,0.009632,-0.07003400000000001,-0.00014299999999999903,3.7000000000000574e-05,-7.299999999998974e-05
7817,-0.006709,0.0047610000000000005,-0.06525199999999999,3.4000000000000176e-05,0.0002829999999999994,-4.500000000000337e-05
92,0.0015840000000000001,0.0014190000000000001,-0.067978,1.699999999999987e-05,0.00010999999999999985,-0.00015700000000000436
1857,-0.001517,0.008608000000000001,-0.07029099999999999,-0.0001380000000000001,3.999999999998796e-06,-0.00016700000000000048
3504,-0.010521,-0.003617,-0.06831,2.400000000000145e-05,0.00024200000000000003,8.800000000000474e-05
6053,0.005683,0.011644999999999999,-0.06650199999999999,8.600000000000014e-05,0.00011100000000000172,-2.5000000000011124e-05
7404,-0.007797,-0.011929,-0.0676,5.0000000000000565e-05,0.00026299999999999935,0.00019299999999999873
7744,0.01048,0.0025299999999999997,-0.06896200000000001,-0.00016200000000000069,-3.999999999999967e-05,-3.199999999999037e-05
6745,-0.009347,-0.008671,-0.071673,3.500000000000031e-05,0.00011500000000000052,0.0003579999999999972
6407,-0.0024950000000000003,0.0005560000000000001,-0.067422,3.300000000000004e-05,0.00027399999999999994,-0.00011400000000000299
2815,-0.00746,-0.005314,-0.070602,3.999999999998796e-06,9.8e-05,2.9999999999891225e-06
1225,0.01734,0.0020139999999999997,-0.070135,7.000000000000062e-06,0.00010500000000000049,-0.00013900000000000023
5806,-0.006896,-0.011063,-0.067908,0.00018700000000000053,0.00010000000000000113,0.00013699999999999823
7736,-0.00333,-0.004158,-0.076613,-2.499999999999985e-05,-4.49999999999999e-05,-4.500000000000337e-05
6526,-0.009513,-0.007364,-0.07144,1.8000000000000654e-05,-1.4999999999999389e-05,0.0002489999999999992
7419,0.013599,-0.006483,-0.071095,4.99999999999997e-05,0.00017200000000000028,-0.0001250000000000001
229,-0.008199999999999999,0.0038399999999999997,-0.06634699999999999,6.399999999999982e-05,0.000196,-0.000127000000000016
6064,0.000771,0.005397,-0.070549,-0.00012799999999999997,5.10000000000007e-05,-0.00011999999999999511
6118,-0.0028650000000000004,-0.002594,-0.071535,-7.399999999999985e-05,0.0001780000000000002,-5.3999999999998494e-05
5827,-0.012028,-0.009387000000000001,-0.069721,2.400000000000145e-05,0.00018800000000000067,0.0001880000000000076
3272,0.001038,-0.001083,-0.065603,2.6999999999999897e-05,0.00027000000000000006,-7.300000000000362e-05
7402,-0.011307000000000001,-0.010319,-0.06995699999999999,3.400000000000104e-05,0.000281,8.099999999998386e-05
6046,0.001714,-0.006642,-0.067745,0.00016799999999999996,0.00022400000000000024,-5.000000000000837e-05
7852,-0.0020310000000000003,-0.011847,-0.07464900000000001,4.6000000000000034e-05,-1.600000000000039e-05,4.600000000001825e-05
7075,-0.011851,-0.004729,-0.06827,9.400000000000033e-05,0.00023899999999999963,9.800000000000086e-05
1531,-0.013789,0.005186,-0.069642,-8.300000000000148e-05,-0.00010599999999999932,9.800000000000086e-05
7217,0.0069429999999999995,0.012362999999999999,-0.067375,6.600000000000095e-05,3.500000000000031e-05,-0.00012199999999999711
1559,-0.003839,0.004936,-0.06798699999999999,9.999999999999593e-06,0.00024399999999999943,-3.900000000001125e-05
7079,-0.001006,0.0060750000000000005,-0.061533000000000004,-9.999999999999159e-07,0.00019199999999999946,-6.699999999999762e-05
2463,-0.007771,0.004179,-0.06364,5.3000000000000096e-05,0.00022399999999999937,-5.8000000000002494e-05
6326,0.001395,-0.012136,-0.076004,0.00011700000000000013,0.00012799999999999964,9.999999999996123e-06
124,0.012413,-0.0056760000000000005,-0.06973900000000001,-3.500000000000031e-05,8.700000000000027e-05,1.2000000000012001e-05
7412,-0.010244,0.006041,-0.062393000000000004,4.2999999999999636e-05,0.0001479999999999997,-2.6999999999999247e-05
7403,-0.005527,0.002742,-0.062491,2.7000000000000114e-05,0.0003129999999999999,-2.4000000000003185e-05
281,-0.010287000000000001,0.002663,-0.070402,-6.299999999999882e-05,-6.900000000000005e-05,-0.00013099999999999223
4812,0.0043490000000000004,0.0012720000000000001,-0.065637,-4.000000000000531e-06,0.00014899999999999983,-0.00015600000000000336
836,-0.011239,-0.001048,-0.070681,-1.1999999999998123e-05,-4.199999999999994e-05,-0.0001290000000000041
97,0.013597,2.1000000000000002e-05,-0.06887900000000001,-1.0999999999998858e-05,8.399999999999998e-05,-0.00012099999999999611
7400,-0.005108,-0.0026379999999999997,-0.07227299999999999,9.999999999999593e-06,0.00011599999999999978,-4.300000000001525e-05
5706,-0.005485,0.000924,-0.06578400000000001,3.400000000000104e-05,0.00030100000000000016,-6.899999999998574e-05
6759,-0.010289999999999999,-0.009604,-0.068074,3.7999999999998105e-05,0.00020000000000000052,0.0002360000000000001
7416,-0.011111000000000001,-0.010862,-0.066058,-0.00010799999999999872,0.0002669999999999999,8.900000000000574e-05
5368,-0.011217000000000001,0.0058460000000000005,-0.06246500000000001,3.600000000000131e-05,0.00015700000000000002,2.3000000000009124e-05
5391,0.014306,-0.007514,-0.072137,3.7000000000000574e-05,0.00013799999999999923,-0.00013499999999999623
7824,-0.007347,0.009861,-0.066783,3.500000000000031e-05,0.000256000000000001,-0.00010100000000000386
6147,-0.0072039999999999995,0.011903,-0.07197100000000001,-0.00012000000000000031,5.4999999999999494e-05,-0.00014299999999999036
6839,0.002676,0.005253,-0.062576,-4.300000000000007e-05,0.00021000000000000012,-8.299999999998586e-05
6831,0.002454,-0.010915,-0.062608,7.199999999999958e-05,0.0001399999999999995,-0.00017300000000000648
7411,-0.0060019999999999995,0.003827,-0.064124,-1.000000000001e-06,0.0003719999999999995,-5.9000000000003494e-05
6509,0.004998,-0.008074999999999999,-0.063601,5.6000000000000494e-05,0.00013699999999999997,6.30000000000075e-05
1572,-0.001044,0.009932999999999999,-0.066724,-0.00010199999999999988,0.00011300000000000025,-6.0999999999991616e-05
2452,0.008943,-0.009244,-0.06940600000000001,3.7000000000000574e-05,6.899999999999962e-05,-6.399999999999462e-05
7484,0.003556,0.004299000000000001,-0.06443800000000001,1.1999999999999858e-05,0.00020999999999999925,-0.00020799999999998597
6144,-0.004058,-0.005391,-0.066138,0.00022099999999999984,0.00027099999999999954,-1.0999999999997123e-05
66,0.007135,-0.002183,-0.073197,4.6000000000000034e-05,-7.999999999999978e-05,-0.0001310000000000061
837,-0.005885,0.003729,-0.073117,1.299999999999999e-05,2.8999999999999946e-05,-9.399999999999686e-05
7429,-0.011085000000000001,-0.004777,-0.070115,1.8000000000000654e-05,3.0000000000000512e-05,7.599999999999274e-05
5366,0.004902,0.004142000000000001,-0.071536,-0.00011600000000000065,1.3999999999999256e-05,-0.00010500000000000786
3447,0.009273,0.00086,-0.065437,1.2999999999999123e-05,0.00014099999999999996,-3.400000000000625e-05
4151,-0.011724,0.004148,-0.070597,-8.099999999999948e-05,8.600000000000014e-05,2.9000000000001247e-05
6176,0.001822,0.0019119999999999999,-0.05996,3.399999999999996e-05,0.0002090000000000002,-0.00018399999999999667
6851,0.005355,-0.011525,-0.06864,2.199999999999945e-05,-4.5999999999999167e-05,-4.8999999999979615e-05
6549,0.011804,-0.003835,-0.06431,9.99999999999994e-05,0.00018499999999999983,-0.00011300000000000199
19,0.002856,-0.005306,-0.07508799999999999,-3.600000000000001e-05,2.599999999999998e-05,-4.800000000000637e-05
1217,0.012294000000000001,0.0008169999999999999,-0.07045900000000001,-3.100000000000151e-05,9.100000000000015e-05,-0.00024499999999998134
5078,0.005371000000000001,-0.005596,-0.07105700000000001,-5.400000000000023e-05,4.200000000000037e-05,-6.299999999999362e-05
7410,-0.011856,-0.005071,-0.07002,-1.2999999999999123e-05,3.199999999999991e-05,3.799999999999637e-05
7553,0.015574,-0.0057220000000000005,-0.067897,0.00011300000000000025,0.00019500000000000073,-0.00020900000000000085
2949,0.009199,0.00038,-0.069372,-0.00011300000000000025,0.000134,-7.100000000000162e-05
6518,-0.003294,-0.010451,-0.061503999999999996,0.00014100000000000007,0.0002870000000000008,-0.00012600000000000805
7500,0.009250999999999999,0.007762,-0.0611,-6.999999999999888e-05,0.00028399999999999953,-3.299999999999831e-05
829,0.006053,-0.004207,-0.07245099999999999,0.00011800000000000005,-3.699999999999971e-05,-0.00015500000000000236
6519,-0.013170999999999999,-0.008664,-0.067579,-4.6000000000002636e-05,0.00019800000000000026,0.00015499999999998848
6273,0.010352,-0.005347,-0.067836,9.400000000000033e-05,0.00020799999999999985,-2.5000000000011124e-05
6613,0.005297,-0.002516,-0.071695,3.900000000000084e-05,1.1000000000000159e-05,-0.00015800000000000536
3145,0.012711,0.010313000000000001,-0.06802899999999999,-6.600000000000009e-05,8.699999999999854e-05,-0.00015600000000000336
4759,-0.00294,0.010949,-0.062301,0.00013699999999999997,0.00020799999999999985,-0.00023699999999999416
7413,-0.011551,0.000651,-0.071999,-7.999999999999327e-06,-5.000000000000013e-06,-2.3999999999996247e-05
4735,-0.013900000000000001,-0.004885,-0.075322,-0.0001250000000000001,5.699999999999889e-05,5.099999999999549e-05
7478,0.00044500000000000003,-0.012095,-0.069355,0.00013399999999999995,0.00011399999999999952,-4.300000000000137e-05
7095,0.000565,0.005393,-0.060344,3.999999999999989e-06,0.00020799999999999985,-6.699999999999762e-05
7746,-0.004264,0.010878,-0.062643,4.7000000000001034e-05,0.00028199999999999927,-0.00019099999999999673
6435,0.002315,-0.001048,-0.061931,0.0001330000000000003,0.0002670000000000001,-8.999999999995123e-06
7883,0.009538,0.009182000000000001,-0.065043,-6.699999999999935e-05,5.199999999999823e-05,-4.700000000000537e-05
7076,0.004793,-0.006694,-0.063969,0.00015700000000000002,0.0001460000000000003,0.00013099999999999223
7750,-0.00717,-0.006867,-0.067467,8.99999999999998e-05,0.00022400000000000024,0.00016299999999999648
4088,0.002094,-0.004456000000000001,-0.063763,0.00012200000000000015,0.0002530000000000006,-0.00014899999999999636
3777,0.004691,0.006014,-0.063307,-6.799999999999948e-05,0.00010700000000000032,-4.999999999991123e-06
4090,0.0075899999999999995,0.00738,-0.06697,-6.799999999999948e-05,0.00011699999999999992,-0.00012699999999998823
5698,-0.004279,0.001518,-0.061101,-4.4000000000000636e-05,0.00019899999999999996,2.7000000000006186e-05
7901,0.014757999999999999,-0.009379,-0.06986400000000001,4.000000000002266e-06,0.00010600000000000019,-7.499999999997786e-05
4469,-0.006691,-0.00859,-0.06792100000000001,0.0,0.00021000000000000012,1.0000000000010001e-05
287,-0.011869,0.003215,-0.068494,-6.100000000000029e-05,-9.8e-05,-9.000000000000674e-05
5330,0.006934999999999999,0.0027040000000000002,-0.072004,-0.00011499999999999878,5.9999999999999724e-05,-0.00011600000000000499
7884,-0.010154999999999999,0.009353,-0.07571699999999999,-0.0001570000000000009,-7.000000000000062e-06,1.5000000000001124e-05
3127,-0.004952,-0.00363,-0.069494,0.00016500000000000022,0.00018599999999999997,-6.199999999999262e-05
7526,-0.004014,0.004942,-0.07460699999999999,0.00010600000000000019,3.0000000000000512e-05,-0.00015300000000001424
4413,0.008987,0.002812,-0.06503,5.299999999999923e-05,0.0001820000000000003,-8.700000000000374e-05
6536,0.017059,-0.000631,-0.066914,-3.200000000000078e-05,0.00015600000000000005,-0.0002869999999999956
7114,0.00265,0.000273,-0.076354,2.9999999999999645e-06,-3.200000000000002e-05,-0.00010799999999999699
6746,0.009957,-0.000354,-0.069113,3.099999999999978e-05,0.00010399999999999998,-0.00011700000000000599
982,-0.005312,-0.006363000000000001,-0.070654,-2.300000000000045e-05,0.00015600000000000076,7.599999999999274e-05
6075,0.01065,-0.008551,-0.067885,9.20000000000018e-05,0.00018599999999999867,-2.4000000000010124e-05
3138,0.006476,-0.004783000000000001,-0.066411,0.00010600000000000019,0.00014500000000000103,-0.00012099999999999611
817,0.001841,0.0008349999999999999,-0.06718,2.1000000000000185e-05,0.00011000000000000007,-0.00014099999999998836
7737,-0.007306,-0.002125,-0.070655,3.500000000000031e-05,-9.299999999999977e-05,-8.000000000008e-06
3475,0.009356999999999999,-0.000652,-0.071515,-9.199999999999833e-05,2.800000000000003e-05,-0.00011600000000000499
7152,0.006138,0.009063,-0.06988899999999999,-0.0002660000000000006,-2.499999999999898e-05,-0.00010100000000000386
4738,-0.011076,0.009543,-0.071097,-2.2999999999998716e-05,-7.099999999999988e-05,-3.600000000000825e-05
7745,-0.0072699999999999996,0.004609,-0.073033,7.599999999999968e-05,-2.0000000000002655e-06,5.099999999999549e-05
393,-0.006117,0.010928,-0.072601,-8.600000000000014e-05,0.00020300000000000006,-0.0001310000000000061
7100,0.002864,0.008329000000000001,-0.063015,-6.900000000000005e-05,0.00023199999999999783,4.600000000000437e-05
6445,0.013500999999999999,0.008032,-0.06922700000000001,-0.00010199999999999966,-5.999999999999062e-06,-0.00012399999999998523
7103,0.010088,0.01134,-0.066263,5.500000000000123e-05,-9.999999999992654e-07,-2.2999999999995246e-05
7921,0.00642,0.0026939999999999998,-0.062614,2.9999999999999645e-05,0.00015400000000000006,9.599999999999886e-05
7068,0.014002,0.008536,-0.073975,-0.0002149999999999999,0.0002409999999999999,-9.399999999999686e-05
1956,-0.010728999999999999,-0.001444,-0.067647,-8.299999999999974e-05,0.00013699999999999997,2.5999999999998247e-05
4775,-0.005966,0.008466,-0.06559999999999999,-4.200000000000037e-05,0.00022500000000000124,7.799999999998086e-05
6401,-0.0015760000000000001,-0.0015409999999999998,-0.068937,9.400000000000012e-05,0.00019599999999999978,-0.00013599999999999723
7432,-0.013833999999999999,-0.010211,-0.068122,-5.10000000000007e-05,8.99999999999998e-05,0.0001340000000000091
1250,0.011473,0.011917,-0.067563,-0.00011500000000000052,-2.300000000000045e-05,-0.00019600000000000173
5876,-0.007692,0.001916,-0.067161,6.800000000000035e-05,0.0001240000000000002,-6.799999999999862e-05
1864,0.014386,0.001719,-0.072233,-6.800000000000035e-05,8.99999999999998e-05,-0.00014399999999999136
2570,0.005913,-0.007516,-0.064386,0.00015700000000000002,0.00016500000000000022,3.300000000000525e-05
353,0.010241,0.005595,-0.073384,-0.00016600000000000122,3.099999999999978e-05,-0.00010999999999999899
7467,0.003815,-0.011765000000000001,-0.071813,3.500000000000031e-05,-3.999999999999837e-05,-7.100000000000162e-05
5738,0.012605,0.006564,-0.066329,-8.699999999999854e-05,8.799999999999954e-05,-0.00014800000000000924
7616,0.009233,-0.011309,-0.067163,6.899999999999962e-05,0.00016000000000000042,7.700000000000762e-05
4403,0.006873000000000001,-0.012536,-0.066932,0.00013099999999999917,6.700000000000109e-05,2.4000000000010124e-05
5720,-0.008945999999999999,-0.001377,-0.064937,1.2999999999999123e-05,0.00015799999999999994,5.7999999999988616e-05
89,0.006766,-0.00021799999999999999,-0.066901,4.799999999999943e-05,0.00012299999999999998,-2.000000000002e-06
7761,0.003002,-0.011160999999999999,-0.06307800000000001,7.700000000000025e-05,2.2999999999998716e-05,-7.999999999994123e-06
4404,-0.010063,0.000601,-0.067456,1.3000000000000858e-05,0.00011700000000000002,-9.900000000000186e-05
7756,-0.003952,-0.006556,-0.062927,0.00016499999999999978,0.00027399999999999994,-6.30000000000075e-05
849,-0.002801,0.008218,-0.071718,-7.899999999999964e-05,0.00016900000000000075,-0.00017300000000000648
5048,0.014345,0.004124,-0.069125,-1.4000000000000123e-05,-8.000000000000194e-06,-0.00014299999999999036
6585,-0.003823,-0.00026700000000000004,-0.07122400000000001,-1.5000000000000256e-05,6.1000000000000046e-05,9.000000000009e-06
88,0.011592,0.007208999999999999,-0.06879900000000001,-0.00015699999999999915,6.900000000000048e-05,-0.00011099999999998611
7415,0.016573,-0.003548,-0.07313800000000001,-3.799999999999984e-05,6.499999999999995e-05,-9.999999999871223e-07
4747,0.0041459999999999995,-0.000723,-0.063092,0.00010500000000000093,0.00023400000000000005,5.999999999992123e-06
5809,0.010058999999999998,0.01285,-0.06656699999999999,8.200000000000221e-05,5.999999999999062e-06,-5.900000000001737e-05
2605,0.01482,-0.011559,-0.06896899999999999,9.000000000000327e-06,0.00015500000000000062,8.199999999998486e-05
6452,0.008889,-0.012005,-0.069977,0.00011700000000000078,0.00010700000000000119,-6.1000000000005494e-05
4764,0.015011,0.012333,-0.06997,-0.00014299999999999903,0.00019399999999999973,4.600000000000437e-05
30,0.0008020000000000001,0.0016020000000000001,-0.073085,-0.00022800000000000012,5.499999999999993e-05,-0.00016800000000000148
5058,0.015272,0.008006000000000001,-0.06641200000000001,-6.500000000000082e-05,6.999999999999888e-05,-0.00023099999999998122
6763,0.005753,-0.012089,-0.06658499999999999,0.00010799999999999959,1.8000000000000654e-05,-5.500000000001337e-05
7244,-0.004255,0.003085,-0.059224,-2.599999999999998e-05,0.00022699999999999977,-9.30000000000028e-05
5714,0.012967000000000001,-0.002195,-0.06898,1.1999999999998123e-05,6.999999999999628e-06,-9.399999999999686e-05
7783,0.011459,-0.007365,-0.06626900000000001,0.00015800000000000015,0.00019000000000000006,-0.00019399999999998585
3555,-0.001536,0.0033650000000000004,-0.065146,-2.6999999999999897e-05,0.00022599999999999964,-3.600000000000825e-05
6598,-0.015475,0.007697,-0.075082,-2.2000000000001185e-05,-0.00012100000000000045,-6.20000000000065e-05
6760,0.009229,-0.009375999999999999,-0.068839,5.20000000000017e-05,0.00014299999999999903,-6.60000000000105e-05
5451,0.007763,-0.00235,-0.06864100000000001,6.299999999999969e-05,0.00011900000000000018,-0.00011300000000000199
5456,-0.013672,0.008657999999999999,-0.07122400000000001,5.7999999999999025e-05,-2.6999999999999247e-05,2.1000000000007124e-05
6551,0.013236000000000001,0.004093,-0.063195,1.0999999999998858e-05,1.599999999999952e-05,-0.00016299999999999648
7237,0.009831,0.0005600000000000001,-0.064,7.500000000000041e-05,0.0001479999999999999,9.999999999996123e-06
6432,0.010252,0.011257,-0.068726,-0.0001570000000000009,4.799999999999943e-05,-6.499999999999562e-05
7406,-0.008331,-0.002592,-0.062505,0.00015000000000000083,0.00016599999999999991,-6.699999999999762e-05
5068,-0.005299000000000001,-0.011814,-0.07100100000000001,3.200000000000078e-05,0.0001810000000000006,0.00015100000000001224
6766,-0.003504,-0.001508,-0.073322,-0.00014899999999999983,4.100000000000002e-05,-0.0001799999999999996
6472,-0.008551,-0.003943,-0.073637,-7.500000000000041e-05,9.600000000000017e-05,-4.000000000017878e-06
8052,-0.012211,-0.008356,-0.072093,-5.800000000000076e-05,0.00030000000000000165,0.0001840000000000036
315,-0.013771,-0.0008349999999999999,-0.069258,-6.100000000000029e-05,-7.700000000000014e-05,-5.5999999999986616e-05
6787,0.012394,-0.007044,-0.071896,2.399999999999798e-05,-7.999999999999327e-06,-7.699999999999374e-05
6405,-0.007049000000000001,-0.0054930000000000005,-0.066553,2.9000000000001247e-05,0.0003600000000000001,0.00014300000000000423
3439,0.003746,-0.003871,-0.067205,0.00017200000000000028,0.00020199999999999992,-5.8000000000002494e-05
7871,-0.008048,-0.007224,-0.07442,0.00018099999999999887,0.00011300000000000025,0.00016700000000000048
7395,-0.002939,-0.006802,-0.07278100000000001,-0.0001229999999999994,7.300000000000015e-05,-4.299999999998749e-05
7077,-0.010697,-0.006889999999999999,-0.06954099999999999,-9.000000000000327e-06,0.0002589999999999988,0.00018899999999999473
5055,0.012566,-0.000441,-0.07390000000000001,-5.400000000000023e-05,6.0999999999999965e-05,1.6000000000002124e-05
7557,0.01316,-0.009125999999999999,-0.067574,1.4000000000000123e-05,0.0001229999999999981,-4.700000000000537e-05
7779,0.00939,-0.000211,-0.077182,9.999999999992654e-07,-0.000182,-0.00010400000000000686
4428,0.008549,0.003815,-0.073817,-5.4999999999999494e-05,3.9000000000000406e-05,-0.00023800000000001598
6426,0.000809,0.0032370000000000003,-0.06997400000000001,-0.00010700000000000011,5.600000000000006e-05,-0.00015899999999999248
6055,0.006831,-0.005492,-0.069201,3.499999999999944e-05,3.500000000000031e-05,-4.099999999999937e-05
7772,0.008898,0.0031520000000000003,-0.073936,-9.299999999999933e-05,2.099999999999975e-05,-0.00018199999999998773
7099,0.011462,0.008101,-0.066708,6.699999999999935e-05,5.999999999999929e-05,-0.00010000000000000286
7098,0.009169,-0.002183,-0.073619,0.0001399999999999995,-9.39999999999999e-05,-0.00016399999999999748
7459,0.016527999999999998,0.0007,-0.068589,1.7000000000003124e-05,0.00014099999999999996,-5.500000000001337e-05
600,-0.006754,0.011552,-0.07282599999999999,-8.500000000000087e-05,6.300000000000056e-05,-0.00017200000000001936
7893,0.005436,0.007985,-0.05966,-6.200000000000042e-05,0.00012000000000000031,-0.00017000000000000348
7118,0.016577,-0.009291,-0.068698,-7.000000000000062e-06,0.00011000000000000072,-5.200000000001037e-05
6101,0.007320999999999999,-0.011596,-0.069993,-1.899999999999992e-05,-9.800000000000086e-05,1.6000000000002124e-05
7758,0.008955,-0.007763,-0.06335199999999999,4.5999999999999167e-05,0.00031599999999999944,-0.0001280000000000031
5226,0.012433,0.006392,-0.065243,-6.000000000000796e-06,2.9999999999999645e-05,-0.00016500000000001236
6403,-0.009684,0.001737,-0.062595,2.6999999999999247e-05,0.0002670000000000001,-0.00016399999999999748
7991,0.011124,-0.004295,-0.069142,8.999999999998592e-06,2.0000000000000052e-05,3.0000000000030003e-06
7137,0.015879,-0.001264,-0.071608,-4.000000000000184e-05,0.00012699999999999994,-3.399999999999237e-05
7771,-0.015605,0.004004,-0.07197100000000001,-4.999999999999796e-05,-0.0002509999999999995,0.00010800000000001087
7303,-0.015325,0.0044080000000000005,-0.07402299999999999,2.300000000000045e-05,-0.00014200000000000063,1.5000000000001124e-05
7143,9.5e-05,0.010539999999999999,-0.067096,2.4999999999999984e-05,9.500000000000133e-05,-7.299999999998974e-05
7788,0.007489,0.012039,-0.066693,0.00011399999999999952,1.899999999999992e-05,-0.00015500000000000236
2789,0.0076029999999999995,0.0059429999999999995,-0.07640300000000001,-9.99999999999994e-05,-8.599999999999927e-05,-0.0002119999999999761
2191,0.0034980000000000002,-0.006259000000000001,-0.06739400000000001,0.00016099999999999969,0.0001730000000000004,-0.00014599999999999336
7611,-0.010005,0.010187,-0.072157,1.0000000000001327e-05,-5.800000000000076e-05,-3.700000000000925e-05
7414,0.01485,-0.00039600000000000003,-0.071197,-4.200000000000037e-05,0.00012600000000000003,-7.700000000000762e-05
8062,0.014638,0.003851,-0.061341,0.00015900000000000115,0.00016899999999999945,3.500000000000031e-05
7123,0.011337,-0.0012900000000000001,-0.063933,9.900000000000013e-05,0.00017900000000000012,-7.899999999999574e-05
4123,-0.011177,0.011913,-0.067336,-1.899999999999992e-05,-8.599999999999927e-05,-1.3000000000013001e-05
8027,-0.008763,0.011369,-0.062731,0.00011599999999999978,0.00020599999999999785,-0.00021200000000000385
7582,-0.002335,-0.009914999999999998,-0.071013,4.99999999999997e-05,0.00012099999999999785,-4.999999999999449e-05
5433,-0.003987,-0.004517,-0.071238,7.099999999999988e-05,9.30000000000002e-05,3.999999999999837e-05
4143,0.003125,0.008773999999999999,-0.072485,1.1999999999999858e-05,-6.899999999999788e-05,-0.00021500000000000685
7436,0.003927,0.011460000000000001,-0.073482,1.1999999999999858e-05,3.4999999999998574e-05,-0.00020299999999999485
70,0.0024460000000000003,0.011848000000000001,-0.069133,1.8999999999999486e-05,-1.700000000000139e-05,-9.199999999999486e-05
219,-0.012804,0.0063869999999999994,-0.068658,-7.799999999999994e-05,-7.699999999999981e-05,3.100000000000325e-05
7154,-0.006719999999999999,-0.012396,-0.070279,-0.00016100000000000055,0.00014400000000000003,0.00014499999999999236
259,0.000735,-0.011487,-0.068826,0.00022499999999999994,0.00011700000000000078,-0.00011299999999998811
7827,-0.0039700000000000004,-0.002787,-0.060667,0.0002610000000000004,0.0003600000000000001,0.00011899999999999411
7163,0.000383,0.008601000000000001,-0.063518,-9.299999999999998e-05,0.0002409999999999999,-0.00016399999999999748
6203,0.0038740000000000003,0.004372,-0.06613,-1.1000000000000159e-05,0.00020699999999999972,-5.100000000000937e-05
4,-0.003622,0.006,-0.071128,-9.699999999999986e-05,0.00012000000000000031,-0.00010899999999999799
5699,-0.006312,-2.6e-05,-0.07015600000000001,7.999999999999327e-06,9.3e-05,2.4000000000010124e-05
6497,-0.010252,0.005553,-0.067,-6.599999999999835e-05,4.700000000000017e-05,-6.699999999998374e-05
5762,0.00266,-0.0023940000000000003,-0.070092,0.00019099999999999976,0.00020000000000000052,-0.0001850000000000046
7757,-0.007944,0.00022600000000000002,-0.062373,5.9000000000000025e-05,0.000306,-0.0001310000000000061
7148,0.002157,0.012484,-0.064727,0.00010900000000000016,0.00013699999999999997,-0.00018599999999999173
6163,-0.003399,-0.001035,-0.060148,8.99999999999998e-05,0.00024799999999999985,1.2999999999999123e-05
7738,0.012388,0.002331,-0.062128,-5.400000000000023e-05,0.0002549999999999996,3.0000000000002247e-05
7833,0.000115,-0.010939,-0.06531699999999999,0.00026199999999999997,0.0002409999999999999,-7.800000000000862e-05
7084,-0.009442,0.007873999999999999,-0.07530200000000001,-9.799999999999913e-05,-4.999999999999796e-06,1.000000000001e-06
405,-0.0014190000000000001,0.001527,-0.06522199999999999,-2.599999999999998e-05,0.00021300000000000008,-0.0001280000000000031
422,0.0044610000000000006,0.00601,-0.067591,-0.00012600000000000024,0.00011699999999999992,5.2999999999997494e-05
7743,0.01253,-0.004759,-0.071563,4.700000000000017e-05,5.999999999999929e-06,-8.999999999995123e-06
3456,0.011897,0.001,-0.07460699999999999,-0.00011899999999999931,0.00019099999999999998,-0.00015500000000000236
5070,-0.013738,-0.001106,-0.06748,-0.0001250000000000001,8.599999999999992e-05,0.0001250000000000001
7879,-0.0011619999999999998,-0.011964,-0.062535,9.399999999999968e-05,0.0002470000000000007,-2.6000000000012125e-05
6785,0.002232,-0.001341,-0.07666200000000001,3.799999999999984e-05,-6.0999999999999856e-05,-0.00011799999999999311
7409,0.009068,0.0031190000000000002,-0.062102,6.600000000000009e-05,0.0002599999999999998,-4.300000000000831e-05
993,0.014150000000000001,0.012663,-0.06998900000000001,-0.00019100000000000193,0.00021599999999999918,-2.799999999998637e-05
112,0.009550000000000001,0.010733000000000001,-0.067232,0.00010600000000000019,-2.700000000000098e-05,-0.00010500000000000786
5814,0.014884999999999999,-0.007305,-0.066074,8.6000000000001e-05,0.00026599999999999974,-4.500000000000337e-05
38,-0.0009379999999999999,0.010496,-0.06836,-7.999999999999978e-06,1.9999999999999185e-05,-0.00011199999999998711
7767,0.000933,0.011123,-0.076057,1.1999999999999966e-05,0.00014000000000000123,-8.700000000000374e-05
7449,0.009412,-0.003354,-0.062307,7.700000000000068e-05,0.0002450000000000004,7.800000000000168e-05
7855,-0.010232,-0.003021,-0.061168,0.00013299999999999944,0.00016599999999999991,8.99999999999998e-05
8058,-0.002648,-0.001686,-0.059064,-9.99999999999699e-07,0.000276,0.00022099999999999204
6595,0.011529,0.005115000000000001,-0.06826399999999999,-0.000196,2.8999999999999512e-05,3.9999999999901226e-06
6481,-0.011323999999999999,-0.0037389999999999997,-0.07531399999999999,-4.200000000000037e-05,-6.800000000000035e-05,9.999999999996123e-06
6456,0.002931,-0.011842,-0.069235,5.3999999999999795e-05,5.300000000000096e-05,7.599999999999274e-05
7171,0.015333,-0.011087,-0.06581100000000001,0.00010000000000000113,0.00016399999999999922,2.1000000000007124e-05
7074,-0.000447,0.005205,-0.063111,-4.0999999999999967e-05,0.00014199999999999977,3.499999999999337e-05
6818,-0.004198,-0.007689,-0.071023,-2.0000000000000052e-05,0.00019999999999999966,-0.00014699999999999436
7902,-0.000975,-0.011327,-0.074452,-6.400000000000004e-05,-2.8999999999999512e-05,5.8000000000002494e-05
5899,-0.014557,-0.002284,-0.073022,-0.00011099999999999825,1.9999999999998318e-06,-6.499999999999562e-05
7177,0.005767,-0.004267,-0.062585,5.4999999999999494e-05,0.00020899999999999998,3.600000000000825e-05
466,-0.010681,0.0026179999999999997,-0.06797700000000001,-9.000000000000327e-06,-8.099999999999991e-05,-0.00012799999999998923
6868,-0.0030369999999999998,-0.008152,-0.062502,0.00018899999999999993,0.0002950000000000001,-0.00010399999999999299
7623,0.015547,0.005824,-0.065289,-1.4000000000000123e-05,0.00014000000000000037,-0.0002480000000000121
7975,0.010794,-0.010467,-0.06588899999999999,1.3000000000000858e-05,0.00017400000000000054,-0.00011400000000001687
4394,-0.011069,0.004393,-0.06753100000000001,-7.799999999999994e-05,-2.9999999999999645e-05,-0.00011199999999998711
7506,0.012233,0.0008209999999999999,-0.06299,4.2999999999999636e-05,0.00021500000000000013,-0.00010899999999999799
6164,0.016101,0.008481,-0.069354,-7.900000000000268e-05,4.49999999999999e-05,-0.00011700000000000599
7838,-0.009798,-0.002159,-0.068429,-3.7000000000000574e-05,0.000304,0.0001239999999999991
6886,0.00859,-0.012021,-0.06500199999999999,0.00014699999999999956,0.00013800000000000097,-2.0000000000020002e-05
5732,0.014221,0.001113,-0.07103,-3.099999999999978e-05,0.00015499999999999997,-0.00014799999999999536
7453,0.013003,-0.00053,-0.06940099999999999,1.0999999999998858e-05,7.899999999999997e-05,-8.299999999999974e-05
7485,0.000707,-0.006442,-0.07657299999999999,-3.6999999999999924e-05,-0.00011800000000000005,-0.00015700000000001824
5733,-0.0031320000000000002,0.011198,-0.076439,1.5999999999999955e-05,1.4000000000000123e-05,-0.00014800000000000924
7092,-0.001714,-0.000886,-0.073562,-5.000000000000013e-06,-3.8000000000000056e-05,-6.699999999999762e-05
7185,-0.0032400000000000003,-0.01123,-0.077589,0.00013600000000000027,5.199999999999996e-05,7.800000000000862e-05
7518,0.007769,0.009343,-0.071222,-0.000255,8.200000000000048e-05,1.4000000000000123e-05
5643,0.01279,-0.009335000000000001,-0.073578,9.200000000000007e-05,9.300000000000107e-05,-0.00011499999999999011
3124,0.004695,0.001658,-0.07396599999999999,-8.600000000000014e-05,1.500000000000004e-05,-0.00020100000000000673
7752,0.011701000000000001,0.011538,-0.067657,-0.00012300000000000158,3.8000000000001574e-05,-0.00015400000000001524
7966,-0.0077069999999999994,0.009798,-0.074658,-2.8000000000001114e-05,4.200000000000037e-05,-0.00010299999999999199
6792,-0.006695,0.0014219999999999999,-0.065374,-1.999999999999398e-06,0.00017700000000000007,-0.00011800000000000699
6757,-0.009885999999999999,0.007977,-0.073041,-7.100000000000162e-05,1.899999999999992e-05,-6.799999999999862e-05
6399,-0.007313,-0.005767,-0.072186,5.999999999999929e-06,0.00015399999999999962,0.00011800000000000699
5824,0.00557,0.011733,-0.063963,-5.999999999999929e-06,0.00015399999999999962,-0.00010499999999999399
7868,0.01459,0.001427,-0.063517,5.4999999999999494e-05,2.499999999999985e-05,-1.1999999999998123e-05
7874,0.018281,-0.010925,-0.072118,-2.999999999999531e-06,9.200000000000007e-05,-0.00011899999999999411
7869,0.007329,0.008792999999999999,-0.066649,-0.00011699999999999992,-5.4999999999999494e-05,-0.00010500000000000786
7097,0.004113,0.005292,-0.071441,4.999999999999796e-06,1.0000000000001327e-06,-0.00013399999999999523
4728,-0.007401,0.010334,-0.07254000000000001,-2.1000000000000185e-05,2.2000000000001185e-05,-2.9000000000001247e-05
6321,0.0034980000000000002,-0.002657,-0.064229,0.0001389999999999998,0.00020100000000000022,7.099999999998774e-05
7085,0.009334,3.9e-05,-0.062374,0.00013199999999999844,0.000213,3.299999999999831e-05
7849,-0.0052060000000000006,0.006692999999999999,-0.069118,6.000000000000796e-06,0.00019300000000000046,-7.200000000000262e-05
4618,-0.013571,-0.0014550000000000001,-0.069783,-0.0001449999999999993,-5.7999999999999675e-05,1.9999999999992246e-05
7527,0.010143000000000001,-0.012241,-0.06534000000000001,0.00014400000000000003,0.0001799999999999996,-5.3999999999998494e-05
6984,0.018120999999999998,-0.01115,-0.07063599999999999,4.099999999999937e-05,0.00010899999999999972,-3.400000000000625e-05
6840,-0.004397,-0.005718,-0.07493999999999999,-3.500000000000031e-05,6.200000000000042e-05,-4.099999999999937e-05
4107,-0.009016999999999999,-0.003534,-0.069422,-5.000000000001531e-06,0.0002249999999999995,-5.2999999999997494e-05
7570,-0.01502,0.0026230000000000003,-0.075788,-6.899999999999962e-05,-0.0002310000000000003,-5.2999999999997494e-05
7924,0.013174,0.001625,-0.060865,4.799999999999943e-05,0.0002410000000000001,-6.400000000000156e-05
6124,-0.016436,0.001789,-0.0742,-5.6999999999998024e-05,-8.700000000000005e-05,4.000000000001225e-05
7463,0.014757,-0.008398,-0.074893,0.00016600000000000122,8.199999999999874e-05,-3.899999999999737e-05
7791,0.011933,-0.01095,-0.072083,-2.599999999999998e-05,5.699999999999976e-05,-0.00012099999999999611
472,0.010214,0.004311,-0.067552,-7.400000000000115e-05,0.00011400000000000039,-8.800000000000474e-05
7505,-0.003241,0.012033,-0.062776,0.00011500000000000008,0.00024300000000000016,-0.00022700000000000498
5062,-0.004900000000000001,0.002628,-0.061867,-5.799999999999989e-05,0.00022900000000000004,-1.1999999999998123e-05
7766,-0.007495,0.007684,-0.070715,-1.1000000000000593e-05,-7.000000000000062e-06,-0.00015999999999999348
7546,0.012348000000000001,-0.004534,-0.062765,7.299999999999841e-05,0.00016099999999999969,-4.800000000000637e-05
7091,-0.006559000000000001,0.006101,-0.074907,-3.799999999999984e-05,-2.2999999999999583e-05,-1.2999999999999123e-05
7563,0.015264,-0.003057,-0.060662,3.0000000000000512e-05,0.000245,1.4000000000000123e-05
6783,-0.003868,-0.001936,-0.074196,-6.100000000000029e-05,-3.500000000000009e-05,-0.00015000000000001124
1267,0.013146000000000001,0.0010580000000000001,-0.073378,-0.00013900000000000197,0.00015799999999999994,-8.099999999999774e-05
7462,-0.013495,-0.007997,-0.068715,-3.099999999999978e-05,-1.3999999999998389e-05,0.00016800000000000148
7427,-0.006386,0.0046630000000000005,-0.075012,4.700000000000017e-05,-0.00013500000000000057,-5.6000000000000494e-05
7717,-0.004526,0.000135,-0.06838,6.600000000000009e-05,0.00023199999999999997,-2.2000000000008124e-05
7455,-0.005945000000000001,-0.009643,-0.064689,0.0002450000000000004,0.0002199999999999997,8.999999999995123e-06
8002,0.015112,-0.012740999999999999,-0.069971,9.99999999999994e-05,0.000168999999999999,-3.399999999999237e-05
6699,0.005494,0.002472,-0.065667,6.200000000000042e-05,0.0001250000000000001,-6.0000000000004494e-05
6562,0.007013,0.009314,-0.070898,-0.0002180000000000003,0.00015000000000000083,-9.900000000000186e-05
6764,0.00027,-0.0072770000000000005,-0.06737,0.00022399999999999997,0.00031400000000000004,-0.00022600000000000398
5981,-0.008323,0.000578,-0.066247,5.199999999999996e-05,0.00022500000000000005,3.0000000000002247e-05
6469,0.0048070000000000005,-0.001785,-0.063084,0.00010199999999999966,0.0002229999999999999,1.6000000000002124e-05
7465,0.008686999999999999,-0.004784,-0.06259300000000001,8.400000000000248e-05,0.0002570000000000003,-4.299999999998749e-05
2799,-0.006671,-0.007125,-0.06714700000000001,4.200000000000037e-05,0.0002999999999999999,8.200000000001262e-05
4389,-0.012792,0.012154,-0.073222,-9.200000000000007e-05,2.999999999999531e-06,1.8999999999991246e-05
2475,-0.012859,0.010247,-0.07400100000000001,-8.900000000000054e-05,2.5000000000000716e-05,6.70000000000115e-05
6406,0.002903,0.006822,-0.065706,-9.100000000000037e-05,0.00014200000000000063,-3.899999999999737e-05
6127,0.003726,-0.011778,-0.073334,8.699999999999984e-05,7.200000000000088e-05,2.1999999999994246e-05
2177,0.005312,0.009333000000000001,-0.07440000000000001,1.000000000000046e-05,-6.100000000000029e-05,-0.00025199999999998834
7238,0.0172,-0.00195,-0.07431,3.900000000000084e-05,7.499999999999998e-05,1.000000000001e-06
5719,-0.00035999999999999997,-0.001385,-0.063682,0.00010199999999999999,0.0003309999999999999,-3.0000000000030003e-06
2533,-0.006196,0.003403,-0.066974,-4.399999999999977e-05,0.00028899999999999976,-4.399999999998849e-05
7773,0.011016,0.007082,-0.07591200000000001,-0.0002360000000000001,3.0000000000000512e-05,-0.00027599999999999847
3882,-0.015099999999999999,0.005202,-0.069613,-0.00016700000000000048,-7.599999999999968e-05,5.3999999999998494e-05
7433,0.0099,0.009394999999999999,-0.072639,-0.00016000000000000042,2.300000000000045e-05,-0.00010200000000000486
6671,-0.00313,0.007562999999999999,-0.06768600000000001,4.0999999999999804e-05,0.0002469999999999998,-0.00014499999999999236
6283,-0.007818,-0.00285,-0.068647,3.799999999999984e-05,0.00010700000000000032,-1.2999999999999123e-05
7124,0.012024,-0.008171,-0.066829,0.00011599999999999978,0.00017599999999999907,-1.7999999999990246e-05
7184,-0.015589,0.008541,-0.078457,1.000000000001e-06,-0.00011000000000000072,-2.1999999999994246e-05
165,0.015284,0.008082,-0.07031100000000001,-0.00021400000000000065,8.2999999999998e-05,-0.0001679999999999876
6817,-0.015947,-0.0014830000000000002,-0.07782299999999999,-9.89999999999984e-05,0.00018400000000000014,4.399999999998849e-05
6577,0.010196,0.012558999999999999,-0.072682,-0.00016099999999999969,0.0001420000000000015,-3.600000000000825e-05
7840,-0.007311,0.0017729999999999998,-0.060755,3.9999999999996635e-06,0.0002580000000000004,-0.00018900000000000167
7847,-0.012740999999999999,-0.009628,-0.06617100000000001,0.00015999999999999868,9.299999999999933e-05,8.800000000000474e-05
7853,-0.009452,0.011682,-0.06217,3.900000000000084e-05,0.00020699999999999885,0.0002570000000000072
7081,-0.008396,-0.002242,-0.065063,-1.0999999999998858e-05,0.0001380000000000001,7.999999999994123e-06
7890,-0.000969,0.004654,-0.07817400000000001,8.5e-05,3.600000000000044e-05,-5.4999999999985616e-05
6882,0.006409,-0.006199,-0.062806,0.00018899999999999993,0.00017299999999999954,-5.4999999999999494e-05
7919,-0.006163,0.000522,-0.059974,-5.6000000000000494e-05,0.00024200000000000003,-8.49999999999948e-05
6769,-0.012327999999999999,-0.006988,-0.071357,-5.000000000000143e-05,0.00028499999999999966,0.0001769999999999966
6093,0.015147,0.000968,-0.069443,1.6999999999999654e-05,0.00015400000000000017,-5.999999999992123e-06
7205,0.008674,-0.007377,-0.07259499999999999,-5.199999999999996e-05,6.899999999999962e-05,1.9000000000005124e-05
7279,0.011064000000000001,0.013451000000000001,-0.064077,0.00012700000000000038,6.999999999998327e-06,1.1999999999998123e-05
3874,-0.0039310000000000005,-0.003468,-0.07106900000000001,0.00011700000000000035,6.000000000000016e-05,5.000000000018878e-06
62,0.011441000000000002,0.004261,-0.07026600000000001,-0.0001530000000000021,9.30000000000002e-05,2.5000000000011124e-05
5108,0.013287,0.007852,-0.065342,-6.200000000000129e-05,8.5e-05,-0.0001789999999999986
7101,0.014586,-0.004864,-0.065907,0.00015399999999999962,0.0002610000000000008,-7.600000000000662e-05
5270,-0.010241,0.010471,-0.068783,-4.60000000000009e-05,-4.4000000000000636e-05,-1.8000000000004124e-05
7528,-0.013085000000000001,-0.001655,-0.075619,-3.5999999999999574e-05,-2.0000000000000486e-06,-7.699999999999374e-05
7439,0.016714,-0.005127,-0.074226,7.500000000000215e-05,0.00010700000000000032,-0.00013599999999999723
7358,-0.011576000000000001,-0.005458,-0.071378,0.0001250000000000001,-8.99999999999946e-06,-7.999999999994123e-06
1101,0.004279,0.010989,-0.073012,-1.4000000000000123e-05,2.199999999999945e-05,-0.00020100000000000673
7935,0.0061189999999999994,0.008905,-0.061555,-9.99999999999994e-05,0.0002310000000000003,-7.000000000000062e-06
86,-0.006876999999999999,0.010908,-0.06824,-6.300000000000056e-05,0.00015500000000000062,-0.00010200000000000486
6096,0.011522000000000001,-0.004547,-0.073754,0.00011399999999999778,-6.300000000000056e-05,-1.7000000000003124e-05
5359,-0.009633,0.004595,-0.071512,-4.0000000000000105e-05,6.899999999999962e-05,-6.699999999998374e-05
7747,-0.005372,0.00474,-0.064584,4.6000000000000034e-05,0.0003949999999999995,-5.7999999999988616e-05
7735,-0.0077469999999999995,-0.00102,-0.065098,1.6999999999998787e-05,0.00016800000000000007,5.7000000000001494e-05
7740,-0.009311999999999999,-0.011999000000000001,-0.06661199999999999,7.000000000000062e-06,-1.899999999999992e-05,-4.800000000000637e-05
4397,0.005495,0.008898999999999999,-0.073584,5.9000000000000025e-05,-6.899999999999962e-05,-0.0001270000000000021
5703,0.0027370000000000003,0.011842,-0.06540399999999999,2.499999999999985e-05,9.199999999999833e-05,-2.0000000000020002e-05
7655,-0.011613,-0.005597,-0.064791,0.00017900000000000034,9.900000000000013e-05,6.399999999999462e-05
7425,0.004201,0.006139,-0.072688,-2.999999999999531e-06,-5.6000000000000494e-05,-0.00016199999999999548
6425,0.002012,-0.0025470000000000002,-0.07716100000000001,1.5999999999999955e-05,-4.000000000000097e-06,-0.00021399999999999197
7691,-0.003686,0.000446,-0.058982,-5.600000000000006e-05,0.00023400000000000005,1.2999999999999123e-05
7898,0.005541000000000001,0.012266,-0.073756,-5.6000000000000494e-05,4.700000000000017e-05,-0.00019600000000000173
7421,-0.015774,-0.00828,-0.07436100000000001,2.1000000000000185e-05,0.00021699999999999844,2.2000000000008124e-05
4422,0.011786,0.004966,-0.07096599999999999,-0.00018400000000000014,0.00018500000000000027,-0.000123000000000012
1911,-0.005952,0.0008539999999999999,-0.072722,-1.700000000000052e-05,-4.299999999999985e-05,-3.100000000000325e-05
7729,0.0006580000000000001,-0.012616,-0.068618,0.00020699999999999994,8.099999999999948e-05,-0.00011999999999999511
7422,-0.004986,0.004354,-0.061631,5.199999999999996e-05,0.00036800000000000027,-0.00012400000000000605
7544,0.007832,-0.00422,-0.076289,0.00012299999999999985,-9.700000000000073e-05,-0.00011900000000000799
6632,-0.007992,-0.009685000000000001,-0.074553,7.000000000000062e-05,0.0002920000000000006,0.00021099999999998897
6761,0.007187000000000001,0.013397000000000001,-0.06784,9.599999999999973e-05,7.699999999999894e-05,-8.800000000000474e-05
7324,-0.00553,0.006654,-0.062013,4.100000000000024e-05,0.00022900000000000004,3.199999999999731e-05
6166,-0.016036,-0.0033239999999999997,-0.072639,-0.0001999999999999988,8.99999999999998e-05,4.899999999999349e-05
7628,-0.015375,-0.003342,-0.07944499999999999,-6.199999999999956e-05,0.00014199999999999977,-0.0005350000000000216
4154,0.007598,0.0016439999999999998,-0.066155,-2.599999999999998e-05,1.9000000000000137e-05,-5.1999999999982616e-05
341,-0.014566,-0.005368,-0.071233,-0.0002299999999999993,-0.00012399999999999998,-4.200000000000037e-05
5046,-0.005193,-0.00357,-0.07186,3.4000000000000176e-05,0.00013599999999999984,9.999999999996123e-06
2154,-0.01311,0.0017649999999999999,-0.06970799999999999,-5.699999999999976e-05,1.4000000000000123e-05,-4.900000000000737e-05
7904,0.016682,0.008278,-0.07348,-0.00016399999999999748,6.100000000000029e-05,-3.899999999999737e-05
6073,-0.014542,0.00609,-0.068153,-7.500000000000215e-05,-0.0001280000000000005,7.700000000000762e-05
402,-0.0032389999999999997,0.012414999999999999,-0.070196,0.0001269999999999995,0.00015500000000000062,-0.00016599999999999948
5100,-0.0059370000000000004,-0.004698000000000001,-0.068993,3.500000000000031e-05,0.0001330000000000003,-6.599999999999662e-05
6060,-0.006625,0.012482,-0.06350800000000001,6.200000000000042e-05,0.0002949999999999984,8.300000000001362e-05
7106,0.011194,0.001288,-0.063213,4.2999999999999636e-05,0.00014199999999999977,-0.00019099999999999673
4863,0.011483,-0.011973000000000001,-0.071465,-3.300000000000004e-05,0.00013000000000000164,-6.499999999999562e-05
355,0.010534,0.001021,-0.065196,8.999999999998592e-06,0.00018400000000000014,-1.9000000000005124e-05
7759,-0.015362,0.009330999999999999,-0.070095,0.00011400000000000125,-4.799999999999943e-05,-3.999999999999837e-05
