Particle,x,y,z,Vx,Vy,Vz
49089,-0.008439,0.0012,-0.07313,0.0,0.0,0.0
44615,-0.002029,0.012917,-0.06884699999999999,0.0,0.0,0.0
50120,0.004136999999999999,-0.004871,-0.071958,0.0,0.0,0.0
44970,0.012325,-0.002148,-0.068788,0.0,0.0,0.0
50186,-0.006405999999999999,-0.008409000000000002,-0.067078,0.0,0.0,0.0
47403,0.003956,-0.0057,-0.06819700000000001,0.0,0.0,0.0
48130,0.000909,0.002924,-0.07402,0.0,0.0,0.0
50215,-0.009547,-0.0028309999999999997,-0.06951399999999999,0.0,0.0,0.0
49915,0.005453,0.006239,-0.064744,0.0,0.0,0.0
44910,-0.006723,0.00622,-0.07365300000000001,0.0,0.0,0.0
50119,0.000264,-0.009071,-0.065322,0.0,0.0,0.0
46954,0.002588,0.010523999999999999,-0.067554,0.0,0.0,0.0
48433,0.006019,-0.009587,-0.072392,0.0,0.0,0.0
49133,0.011792,0.011550000000000001,-0.06736400000000001,0.0,0.0,0.0
49807,0.006534,0.005328,-0.062137,0.0,0.0,0.0
48788,0.006178,0.000937,-0.070038,0.0,0.0,0.0
38631,0.011768,-0.006541,-0.07441400000000001,0.0,0.0,0.0
50349,-0.000912,0.005284,-0.059612000000000005,0.0,0.0,0.0
49524,-0.008173999999999999,-0.009732,-0.069962,0.0,0.0,0.0
47718,0.009564999999999999,-0.011617,-0.071096,0.0,0.0,0.0
49119,8.7e-05,-0.000745,-0.06815399999999999,0.0,0.0,0.0
49477,0.011633,0.012288,-0.06763899999999999,0.0,0.0,0.0
48832,-0.000763,0.001035,-0.060846,0.0,0.0,0.0
50203,-0.007228,0.012359,-0.063264,0.0,0.0,0.0
47724,0.006104,-0.007165,-0.071184,0.0,0.0,0.0
50231,0.003714,-0.010334,-0.058735,0.0,0.0,0.0
44628,-0.006718,0.00335,-0.07398600000000001,0.0,0.0,0.0
48538,0.00040699999999999997,-0.006045,-0.06646099999999999,0.0,0.0,0.0
50149,0.014721,0.007071,-0.075627,0.0,0.0,0.0
49800,-0.009731,0.002563,-0.07149599999999999,0.0,0.0,0.0
49842,0.007305,-0.004665,-0.064571,0.0,0.0,0.0
49146,0.010173,0.007869,-0.06122,0.0,0.0,0.0
47117,0.012568,-0.00619,-0.068536,0.0,0.0,0.0
45277,0.006557,0.0013009999999999999,-0.075002,0.0,0.0,0.0
50163,-0.00035499999999999996,0.00347,-0.072573,0.0,0.0,0.0
50443,0.010744,-0.00886,-0.062891,0.0,0.0,0.0
50253,-0.009068,0.0007019999999999999,-0.07601999999999999,0.0,0.0,0.0
48740,0.012135,0.011199,-0.06917100000000001,0.0,0.0,0.0
49959,0.011406000000000001,-0.009275,-0.062448000000000004,0.0,0.0,0.0
48620,0.005516,0.010689,-0.06624,0.0,0.0,0.0
46830,0.011635999999999999,-0.009677,-0.069913,0.0,0.0,0.0
49826,0.009638,-0.006499,-0.071014,0.0,0.0,0.0
50273,0.012046,-0.009677,-0.07530200000000001,0.0,0.0,0.0
50241,0.009787,0.011759,-0.061866,0.0,0.0,0.0
50144,0.006071,0.0044340000000000004,-0.073302,0.0,0.0,0.0
48221,0.016080999999999998,-0.004695,-0.06361,0.0,0.0,0.0
50180,0.005690000000000001,0.012031,-0.067166,0.0,0.0,0.0
50392,0.011366,0.000546,-0.060142,0.0,0.0,0.0
50338,-0.0026190000000000002,-0.0023239999999999997,-0.076065,0.0,0.0,0.0
50175,-0.001831,-0.012932,-0.068485,0.0,0.0,0.0
49758,0.001048,0.002386,-0.07323600000000001,0.0,0.0,0.0
49765,-0.000789,0.01309,-0.06608,0.0,0.0,0.0
50142,-0.001453,-0.004852,-0.065652,0.0,0.0,0.0
41032,0.0027170000000000002,0.008915,-0.069819,0.0,0.0,0.0
49889,0.013634,-0.008611,-0.063675,0.0,0.0,0.0
50161,0.001926,0.007378999999999999,-0.068152,0.0,0.0,0.0
49992,-0.012957000000000002,-0.007394,-0.07412600000000001,0.0,0.0,0.0
50176,0.012123,0.0031680000000000002,-0.067915,0.0,0.0,0.0
46531,-0.0022429999999999998,0.012534,-0.07633100000000001,0.0,0.0,0.0
50281,0.001289,0.003735,-0.058662,0.0,0.0,0.0
50057,0.012138,-0.01209,-0.060344999999999996,0.0,0.0,0.0
49462,-0.009437,-0.001756,-0.07530800000000001,0.0,0.0,0.0
50310,-0.0034660000000000003,-0.011613,-0.060524,0.0,0.0,0.0
49940,-0.0007790000000000001,-0.010995,-0.06383,0.0,0.0,0.0
49245,0.000158,0.004247,-0.062341,0.0,0.0,0.0
50383,0.008358,0.008952,-0.061363999999999995,0.0,0.0,0.0
50409,0.013119,0.012416,-0.061391,0.0,0.0,0.0
50413,0.002215,-0.012536,-0.067794,0.0,0.0,0.0
49383,0.007558,0.001231,-0.06467400000000001,0.0,0.0,0.0
49700,0.011009999999999999,-0.003202,-0.070601,0.0,0.0,0.0
49080,0.000414,-0.0024460000000000003,-0.073117,0.0,0.0,0.0
49952,0.012227,0.005481,-0.064012,0.0,0.0,0.0
43512,-0.009810000000000001,-0.008468999999999999,-0.073655,0.0,0.0,0.0
48798,0.00711,0.0049960000000000004,-0.072726,0.0,0.0,0.0
47761,0.0051660000000000005,-0.001935,-0.066433,0.0,0.0,0.0
49134,0.004808,-0.007896,-0.07258400000000001,0.0,0.0,0.0
44782,-0.003297,-0.0011240000000000002,-0.07287099999999999,0.0,0.0,0.0
47412,-0.010853999999999999,0.0036869999999999997,-0.066536,9.799999999999913e-05,8.799999999999997e-05,-1.1999999999998123e-05
43879,0.0016279999999999999,0.003952,-0.068172,7.800000000000016e-05,3.899999999999997e-05,-0.0002530000000000032
45103,-0.002021,-0.009080999999999999,-0.073082,0.00013799999999999988,7.399999999999941e-05,-0.0001250000000000001
50139,-0.005525,-0.008003,-0.071063,0.00018099999999999974,0.00023000000000000017,-0.00045300000000000895
47228,0.00717,-0.009930999999999999,-0.06492300000000001,0.0002469999999999998,-0.00012400000000000085,-0.0002219999999999861
49945,0.0054340000000000005,-0.003098,-0.06397800000000001,0.00026400000000000035,1.4999999999999823e-05,-0.00043999999999999595
49498,-0.012492000000000001,0.008917,-0.063781,9.30000000000028e-05,8.200000000000048e-05,-3.599999999999437e-05
37988,0.010051000000000001,0.009442,-0.06781000000000001,9.999999999999593e-06,-7.000000000000062e-06,-9.999999999998899e-05
44000,-0.006364,-0.002078,-0.073394,8.899999999999967e-05,0.00017299999999999998,-0.00010799999999999699
50552,0.002417,-0.011057,-0.07194,0.0001420000000000002,0.00012000000000000205,-2.6999999999999247e-05
50505,0.012192,0.005439,-0.063131,6.700000000000109e-05,9.6999999999999e-05,2.3000000000009124e-05
49430,-0.002775,-0.001462,-0.07044700000000001,-2.3999999999999716e-05,0.0002689999999999999,-0.00019599999999998785
49258,-0.0047,-0.004660999999999999,-0.06798699999999999,0.0002700000000000003,0.00032599999999999903,-0.0004969999999999974
47129,-0.000973,0.0015609999999999999,-0.069271,0.00011000000000000007,0.0001919999999999999,-0.00038200000000000733
50599,0.000526,-0.004032,-0.064871,0.00019399999999999995,0.00011200000000000012,-0.0004549999999999971
48048,0.007345,0.007541,-0.07453499999999999,0.00016400000000000008,1.7999999999999787e-05,-0.00022300000000000098
50216,-0.012117000000000001,0.006995,-0.06815,1.1999999999999858e-05,0.00017,-0.0003399999999999931
50642,-0.00054,-0.001385,-0.074156,0.000138,0.00011800000000000005,-0.0002560000000000062
43780,-0.010971,0.008102999999999999,-0.07465000000000001,0.00012700000000000038,0.00030000000000000165,-0.00014199999999998936
49761,-0.005606,-0.008081,-0.07307,4.30000000000005e-05,1.9999999999985307e-06,-0.0004180000000000017
49822,-0.01044,-0.009082000000000002,-0.06708499999999999,4.1000000000001105e-05,6.100000000000029e-05,-3.0000000000030003e-06
50153,0.0040739999999999995,-0.004575999999999999,-0.065258,0.00019800000000000113,8.5e-05,-0.0005389999999999978
50461,0.012657,0.008067999999999999,-0.072248,0.00018800000000000067,0.000198000000000002,-0.00021599999999999397
50801,-0.000204,0.005467,-0.065613,0.000136,9.599999999999973e-05,-0.0002420000000000061
50315,-0.011734,0.0042060000000000005,-0.075974,3.999999999999837e-05,0.0002009999999999998,-2.1999999999994246e-05
50666,-0.0038079999999999998,0.002407,-0.062481,0.000271,0.0001550000000000002,-0.0003130000000000008
46620,0.00393,-0.008209,-0.07548300000000001,0.00012999999999999904,0.0,-0.00021199999999998997
45587,-0.012811999999999999,-0.0022229999999999997,-0.075084,9.999999999999593e-06,0.00019899999999999952,-0.0004060000000000036
50546,0.003985,0.013148,-0.062955,-0.00016499999999999978,4.300000000000137e-05,0.00019199999999999773
50282,0.011897,-0.004972000000000001,-0.06271,4.4000000000000636e-05,1.0000000000001327e-05,-0.00043500000000000483
50201,0.01167,-0.007694,-0.06314,-3.300000000000004e-05,0.00012399999999999998,-0.0003439999999999971
49983,0.018118,-0.001056,-0.068075,-7.999999999997592e-06,0.0001820000000000001,-6.799999999999862e-05
49863,-0.003332,-0.01081,-0.068533,0.0003029999999999999,8.900000000000054e-05,-0.0002630000000000132
50648,0.004801000000000001,0.008306,-0.052344,3.8999999999999105e-05,0.00017400000000000054,6.300000000000056e-05
49129,-0.002379,-0.004091999999999999,-0.071165,1.7000000000000088e-05,0.00020699999999999929,-9.199999999999486e-05
50673,0.002532,0.0011140000000000002,-0.062471,0.00011399999999999995,2.099999999999975e-05,-0.00016700000000000048
50132,-0.0074329999999999995,-0.000741,-0.061802,0.00020899999999999912,0.00024700000000000004,-0.00015199999999999936
39077,0.010103,-0.000179,-0.07227700000000001,0.00021300000000000138,-7.0000000000000075e-06,-0.00043299999999998895
50125,-0.009647000000000001,0.001055,-0.065661,0.0002480000000000017,0.000276,-0.00015199999999999936
47880,0.014759,-0.007045,-0.066856,9.799999999999913e-05,4.6000000000000034e-05,-0.00017100000000000448
49246,0.009343,-0.012247999999999998,-0.064896,0.0001999999999999988,1.9999999999985307e-06,-3.799999999999637e-05
49775,-0.002926,-0.006064,-0.06903100000000001,-5.4999999999999494e-05,0.00036899999999999954,-0.0005089999999999956
48795,-0.001827,-0.005572,-0.075688,0.00012800000000000008,3.199999999999991e-05,-0.0001739999999999936
50508,-0.0035819999999999997,-0.009439,-0.065081,0.00013299999999999987,9.999999999992654e-07,-0.00031399999999999484
48413,-0.010234,0.008231,-0.074504,4.5999999999999167e-05,0.0002680000000000009,-0.00021499999999999297
50167,0.00359,-0.005031,-0.063371,0.00018300000000000044,4.399999999999977e-05,-0.0004220000000000057
50609,0.010924,-0.000646,-0.061914000000000004,-4.0000000000000105e-05,-0.00020600000000000002,-7.199999999999568e-05
47116,0.004853,0.005634999999999999,-0.070137,0.00011500000000000052,6.0000000000001025e-05,-0.0001250000000000001
48054,-0.013398,-0.004258,-0.070785,2.1000000000000185e-05,0.00028999999999999946,-8.899999999999186e-05
50506,-0.014896000000000001,0.004621,-0.073355,0.00012700000000000038,0.00019499999999999986,-9.299999999999586e-05
49109,0.007637,-0.0053,-0.07651999999999999,0.00010600000000000106,-1.0000000000001327e-06,-0.00023700000000001498
49305,0.009968999999999999,-0.007069,-0.06513,-0.00014699999999999956,-0.0001460000000000003,-0.00045400000000000995
50031,-0.002871,-0.007163999999999999,-0.06906999999999999,-0.00014100000000000007,0.00011099999999999912,-0.000123000000000012
50265,0.015759,-0.008872,-0.064456,0.00011800000000000352,1.600000000000039e-05,-7.999999999994123e-06
50590,-0.011794,-0.000763,-0.061639000000000006,0.00016000000000000042,0.000236,-0.00015699999999999048
50404,0.01597,0.000939,-0.06502,-1.6000000000002124e-05,0.00027400000000000015,-0.00017400000000000748
47545,-0.000251,0.005085,-0.065481,0.00013499999999999997,8.399999999999987e-05,-0.0002360000000000001
49111,0.009503,-0.0030659999999999997,-0.071706,8.6000000000001e-05,7.599999999999968e-05,-0.0005150000000000016
50592,-0.0033079999999999997,-0.010558999999999999,-0.07582599999999999,0.00012899999999999977,9.299999999999933e-05,-0.0003010000000000096
49051,0.002294,0.0015480000000000001,-0.07540300000000001,1.7999999999999787e-05,0.00019099999999999998,-0.00022999999999998022
50781,0.005432,0.012348000000000001,-0.061278,-9.699999999999986e-05,6.599999999999835e-05,0.0002370000000000011
50135,-0.01174,0.002856,-0.07068300000000001,0.00029400000000000086,1.800000000000022e-05,-6.499999999999562e-05
50471,-0.005673,0.009145,-0.063623,6.600000000000009e-05,0.0001810000000000006,0.00022099999999999898
49435,-0.009321,-0.0028399999999999996,-0.073135,9.000000000000327e-06,9.699999999999986e-05,-0.00021699999999999497
43074,-0.004944,0.012621,-0.065441,-1.9000000000000787e-05,0.00011999999999999858,0.00031699999999999784
48431,-0.009897,0.000195,-0.06551,0.0002509999999999995,0.00023400000000000002,-2.4999999999997247e-05
50355,0.00452,0.004961,-0.060507,5.300000000000096e-05,-0.00014300000000000077,-0.0002529999999999963
50708,0.014952,-0.010202,-0.063744,0.00011899999999999931,-5.800000000000076e-05,0.00010599999999999499
50717,0.016989999999999998,-0.006912,-0.06692400000000001,0.00014000000000000123,8.000000000000194e-06,-0.0001649999999999846
49815,-0.0023380000000000002,0.006875,-0.073944,5.3000000000000096e-05,0.00027599999999999934,-8.400000000001462e-05
49561,-0.013434,0.012891999999999999,-0.066955,0.00020799999999999812,0.0002480000000000017,-3.599999999999437e-05
48894,-0.010706,0.013614000000000001,-0.061402,-0.0001010000000000004,0.00010899999999999972,-7.300000000000362e-05
49265,0.017245,0.011925000000000002,-0.073173,0.00016700000000000048,6.299999999999882e-05,-0.00014099999999998836
48985,0.017166,-0.010862,-0.07398099999999999,4.29999999999979e-05,-8.200000000000048e-05,-0.00017100000000000448
50815,0.00904,-0.002403,-0.068232,0.00018000000000000134,0.0001380000000000001,-0.0006329999999999947
47798,-0.00529,-0.0027280000000000004,-0.068158,7.599999999999968e-05,0.0002480000000000004,-0.0005560000000000009
42483,0.004148,0.008682,-0.069862,-3.9999999999996635e-06,2.099999999999845e-05,-2.6999999999999247e-05
49518,0.0021070000000000004,0.010657,-0.063685,-7.200000000000002e-05,0.0001860000000000004,-7.499999999999174e-05
49794,-0.006723,-0.004749,-0.069523,0.00018099999999999974,0.0002450000000000004,-0.00022099999999999898
46189,-0.012839,-0.004135,-0.07003,-2.1000000000000185e-05,0.00029399999999999956,-7.000000000007001e-06
50489,0.004849999999999999,-0.004768,-0.063436,0.0002210000000000007,5.799999999999989e-05,-0.0005819999999999992
49805,0.002008,-0.007819,-0.06713899999999999,0.0002990000000000002,-9.60000000000006e-05,-0.00021200000000000385
48512,0.003993,0.006456000000000001,-0.066197,2.0000000000000052e-05,0.00010899999999999972,-0.00021699999999999497
44346,0.001135,0.0039380000000000005,-0.069655,0.00021199999999999995,0.00014599999999999943,-0.0002620000000000122
50643,-0.00511,-0.00212,-0.07263700000000001,0.00021299999999999965,0.00025799999999999977,-0.0001659999999999856
39605,-0.0022719999999999997,0.006386,-0.071271,-1.0000000000005664e-06,0.00033399999999999923,-0.0002510000000000012
49859,-0.00156,-0.0052569999999999995,-0.067062,0.00032400000000000007,0.00017,-0.0005300000000000027
49140,-0.003783,0.009718,-0.07265300000000001,-6.900000000000005e-05,0.0002210000000000007,7.600000000000662e-05
50938,-0.010859,0.0028290000000000004,-0.06851,0.0003720000000000008,0.00022399999999999937,-0.00014500000000000624
50680,0.003678,-0.007228,-0.075512,0.000219,8.300000000000061e-05,-0.00015700000000000436
46221,0.003028,-0.009343,-0.069351,0.00019499999999999986,0.00016300000000000169,-8.500000000001562e-05
50298,0.009198,0.002523,-0.061566,-6.300000000000056e-05,-3.4999999999999875e-05,9.200000000000874e-05
49650,0.006836,-0.011007999999999999,-0.065307,0.0002329999999999997,-5.000000000001531e-06,5.8000000000002494e-05
50945,0.007356,-0.004422,-0.064705,0.0002500000000000002,8.099999999999948e-05,-0.0003630000000000022
48483,-0.002719,0.003877,-0.065359,8.699999999999984e-05,0.00011100000000000042,-0.00037199999999999733
50613,0.009235,0.008509000000000001,-0.06026,2.0000000000002655e-06,0.00014199999999999803,9.10000000000008e-05
49966,-0.000798,0.013269,-0.064693,-0.00012300000000000006,9.800000000000086e-05,0.00014200000000000323
50888,0.0062039999999999994,0.000456,-0.068802,0.00016800000000000061,0.00023000000000000006,-0.0004799999999999943
46483,0.010213,-0.000937,-0.069986,0.00022699999999999977,-5.5000000000000036e-05,-0.00025699999999999334
50678,0.008407,-0.00157,-0.061713000000000004,0.00015500000000000062,0.00011399999999999995,-0.0005169999999999897
50510,-0.012461999999999999,0.012177,-0.06898699999999999,0.00016499999999999848,0.0002199999999999997,5.6000000000000494e-05
51025,0.010199,-0.002763,-0.06718099999999999,0.0002910000000000013,-4.0999999999999804e-05,-0.0006520000000000137
50842,-0.008691,-0.005885,-0.07717700000000001,4.000000000000184e-05,0.00019700000000000013,-9.099999999999386e-05
50851,-0.006826,0.000205,-0.069426,0.00014199999999999977,0.000392,-0.00021299999999999097
50866,0.009288000000000001,0.010008,-0.062541,-8.000000000001062e-06,9.300000000000107e-05,0.00016700000000000048
48327,0.011089,0.003068,-0.06834,0.00012800000000000138,1.9999999999998318e-06,-0.00022500000000000298
50116,-0.0030470000000000002,-0.010984,-0.06918600000000001,0.0002520000000000005,0.00014500000000000103,-0.0002279999999999921
50470,0.0006770000000000001,-0.012044000000000001,-0.06662399999999999,0.00018999999999999996,-8.99999999999998e-05,-0.00038700000000001233
50902,-0.007619,0.003979,-0.056924,1.4999999999999389e-05,6.900000000000048e-05,-0.00013300000000000117
49045,0.01145,-0.000522,-0.06602899999999999,0.00019399999999999973,2.7000000000000006e-05,-0.0002670000000000172
50480,0.015434,-0.006665,-0.07347,-9.999999999999593e-06,-7.400000000000028e-05,-0.0002420000000000061
49882,0.006834,-0.007763,-0.074409,0.00019000000000000006,1.6999999999999654e-05,-0.00020499999999999685
50853,0.001537,-0.005105,-0.07601300000000001,0.00021200000000000017,9.200000000000007e-05,-0.00013599999999998336
48435,-0.003176,0.0022589999999999997,-0.07569100000000001,0.00016299999999999995,6.000000000000016e-05,-0.00037099999999998245
50911,0.001897,-0.010413,-0.06617100000000001,0.0003529999999999998,-1.799999999999892e-05,0.00017200000000000548
49916,-0.00939,-0.003912,-0.058398000000000005,3.600000000000131e-05,-8.000000000000194e-06,-0.000333999999999994
50269,-0.009257999999999999,0.009925000000000002,-0.062280999999999996,8.999999999998592e-06,0.00025599999999999755,4.999999999999449e-05
49434,0.017193,0.012441,-0.073,0.00011300000000000199,4.89999999999987e-05,-0.00021200000000000385
48751,0.000966,-0.010807,-0.07540000000000001,0.00038000000000000024,9.300000000000107e-05,-0.0002349999999999991
47495,0.007534,0.010692,-0.069103,-7.599999999999968e-05,-0.00016900000000000075,-9.299999999999586e-05
49084,0.001127,-0.001427,-0.073279,4.2000000000000154e-05,1.7000000000000088e-05,-0.00021900000000001085
49802,0.004553,-0.008177,-0.062257,1.5000000000000256e-05,0.00010300000000000066,-0.0001470000000000013
50605,-0.004043,-0.004712,-0.063107,0.00012899999999999977,0.00017,-0.0005930000000000102
50126,-0.0075910000000000005,0.011125999999999999,-0.07773999999999999,2.900000000000038e-05,0.0002580000000000013,-9.700000000001374e-05
50876,-0.013465,0.006992,-0.075804,6.600000000000009e-05,0.00019000000000000006,-0.0002540000000000042
47246,0.004777999999999999,-0.001365,-0.070187,0.0002480000000000008,0.0002629999999999998,-0.0002570000000000072
50927,-0.009843999999999999,-0.009229,-0.07012600000000001,0.00027499999999999747,0.0003159999999999986,1.0000000000010001e-05
50830,0.015498,0.007461000000000001,-0.072975,0.00023600000000000183,0.00012599999999999938,-0.00025599999999999234
48414,0.00907,-0.005455,-0.073068,0.0002460000000000014,8.900000000000054e-05,-0.0004290000000000127
50536,0.010689,-0.004502,-0.068668,0.00023799999999999863,-0.00015499999999999976,-0.0005549999999999861
50131,-0.008725,-0.002477,-0.07412099999999999,1.799999999999892e-05,0.00022600000000000007,2.899999999998737e-05
49866,-0.003884,0.008616,-0.058616999999999995,0.00011299999999999982,0.0001899999999999992,6.499999999999562e-05
51035,-0.014977,0.010776999999999998,-0.074494,7.600000000000141e-05,0.00028100000000000173,-0.00023399999999998422
51033,-0.0024449999999999997,0.009691,-0.062583,5.999999999999495e-06,0.00010600000000000019,-7.899999999999574e-05
45515,-0.007732,0.00899,-0.072585,2.300000000000045e-05,0.00034400000000000056,-0.0002500000000000002
42790,0.000497,0.009955,-0.07110999999999999,-3.0999999999999995e-05,0.00012400000000000085,8.999999999995123e-06
50806,0.000857,0.002523,-0.07213299999999999,0.000125,0.00027599999999999977,-0.00032900000000000984
50117,0.014954,0.0037099999999999998,-0.067713,1.3000000000000858e-05,0.00024600000000000056,-0.0001900000000000096
43687,-0.005013,0.010478,-0.065043,-8.99999999999998e-05,0.00020799999999999985,-1.2999999999999123e-05
50822,0.007279,0.011343,-0.06363,-4.99999999999997e-05,2.2999999999998716e-05,1.9000000000005124e-05
45867,-0.005416000000000001,0.008624,-0.063899,-1.7999999999999787e-05,0.0001399999999999995,-0.00013599999999999723
50855,-0.009773,-0.011265,-0.069742,0.0003060000000000007,0.00015300000000000036,-6.399999999999462e-05
50878,0.005068,0.00271,-0.064631,4.6000000000000034e-05,0.00024299999999999973,-0.00027599999999999847
49816,0.013353,-0.009278999999999999,-0.074347,5.4999999999999494e-05,7.300000000000015e-05,-0.00017500000000000848
50918,-0.0035139999999999998,0.001353,-0.057773000000000005,5.099999999999983e-05,1.5999999999999955e-05,-0.00029199999999999365
50947,-0.001203,-0.005488000000000001,-0.058991999999999996,0.0001330000000000001,0.00017100000000000014,-0.0001540000000000083
50959,0.008961,0.0033020000000000002,-0.060438000000000006,-8.800000000000127e-05,6.799999999999992e-05,-0.00043499999999999095
50986,0.009326000000000001,-0.006245,-0.062447,0.00023199999999999957,9.200000000000007e-05,-0.0004919999999999924
50668,0.014558999999999999,0.011532,-0.07672799999999999,4.700000000000017e-05,5.300000000000096e-05,-0.0002380000000000021
51011,-0.015859,0.003019,-0.077081,-5.999999999999062e-06,0.00020100000000000022,-0.0001940000000000136
51042,0.010731,0.010133,-0.073485,0.00026500000000000135,5.6000000000000494e-05,-0.0003730000000000122
50715,0.015639,-0.003636,-0.061416,-4.200000000000037e-05,8.200000000000004e-05,8.99999999999998e-05
45414,-0.00214,0.010276,-0.07303,-0.0001389999999999998,0.00020799999999999985,-3.600000000000825e-05
50472,-0.0032559999999999998,-0.007486,-0.06382800000000001,0.00024899999999999966,2.9999999999998778e-05,-0.00048699999999998744
50267,-0.000171,-0.012192999999999999,-0.065348,0.00031499999999999996,0.00019699999999999926,6.0000000000060005e-06
50192,0.0006590000000000001,-0.0019010000000000001,-0.073475,0.0001789999999999999,-1.9999999999998318e-06,-0.0004240000000000077
50573,0.004396,-0.01063,-0.075417,8.900000000000054e-05,-1.9999999999985307e-06,-6.60000000000105e-05
50758,0.008425,0.004067,-0.05922,-0.00011199999999999925,2.7000000000000114e-05,1.6999999999996185e-05
49217,0.017065,-0.007542,-0.074656,-2.999999999999531e-06,1.7999999999999787e-05,-0.00028200000000000447
50812,0.008183999999999999,-0.003897,-0.068252,0.00022300000000000098,0.00017299999999999954,-0.00044800000000000395
50140,0.007458,-0.008743,-0.072287,0.00014099999999999963,-6.299999999999882e-05,-7.299999999998974e-05
48418,0.006033999999999999,-1.7e-05,-0.069907,0.000183,0.000192,-0.00027300000000000935
50814,-0.002319,-0.011543,-0.06472499999999999,6.799999999999992e-05,0.00010099999999999866,-6.40000000000085e-05
44766,-0.000493,0.011333,-0.06789400000000001,-0.00017000000000000012,9.60000000000006e-05,0.00011900000000000799
48734,0.00047999999999999996,0.003904,-0.071756,0.00011499999999999998,0.00015899999999999985,-0.00039100000000000246
47763,-0.009129,-0.0074589999999999995,-0.073714,8.199999999999874e-05,0.00010299999999999979,-0.00014499999999999236
50809,-0.0021219999999999998,-0.002503,-0.062931,0.00022199999999999976,0.0001910000000000002,-0.0006369999999999987
50834,0.008054,-0.0013260000000000001,-0.07062600000000001,0.00020699999999999885,0.00020800000000000007,-0.00048699999999998744
48084,0.004634999999999999,0.007654,-0.064026,0.00016100000000000055,5.999999999999929e-06,4.200000000000037e-05
50672,-0.0056630000000000005,-0.009881000000000001,-0.07356900000000001,6.700000000000022e-05,3.5999999999999574e-05,-0.00011099999999999999
49773,-0.008855,0.012707000000000001,-0.064764,-7.500000000000041e-05,0.00022699999999999804,-5.0000000000050004e-06
50857,0.00151,-0.001849,-0.06422199999999999,0.0003620000000000001,0.00010999999999999985,-0.00015500000000000236
36518,0.016415,8.3e-05,-0.06872700000000001,-3.099999999999978e-05,0.000243,2.4000000000010124e-05
48769,0.015617,0.006812,-0.067743,0.00013699999999999997,0.0003279999999999993,-0.00025899999999999535
50883,0.006541,-0.011071999999999999,-0.069645,0.00012899999999999977,5.199999999999823e-05,-2.6999999999999247e-05
50524,0.007297,0.010555,-0.071804,0.00011200000000000012,-3.500000000000031e-05,-0.00019199999999998385
50651,-0.010326,-0.007646,-0.068638,0.00021700000000000018,0.00018700000000000053,-5.1999999999996493e-05
44728,0.0020310000000000003,0.0071189999999999995,-0.064738,0.00010199999999999966,0.00018800000000000067,-0.0001290000000000041
45955,0.009965,-0.008683,-0.064815,2.0000000000002655e-06,0.00010999999999999899,6.0999999999991616e-05
49813,0.00449,-0.0074329999999999995,-0.07373,0.00022900000000000004,6.700000000000022e-05,-0.0002560000000000062
50446,-0.007899,-0.0009360000000000001,-0.06989100000000001,0.00019000000000000006,0.0001380000000000001,-0.00017000000000000348
50233,0.01636,0.006186,-0.06523000000000001,-0.00014199999999999977,0.0001810000000000006,-8.699999999997599e-05
49530,0.005607999999999999,0.003057,-0.06866,0.00013000000000000077,0.0002880000000000005,-0.0005520000000000108
46274,-0.0046760000000000005,-0.0072629999999999995,-0.071089,0.0002480000000000008,6.399999999999982e-05,-0.0003989999999999966
49867,-0.013022,0.0076749999999999995,-0.074626,8.200000000000048e-05,0.000282000000000001,-0.00022400000000000198
48999,0.004489,-0.012324,-0.0718,0.00021299999999999965,9.299999999999933e-05,-5.5999999999986616e-05
50028,-0.008807,-0.011744,-0.075282,0.00010800000000000046,-9.60000000000006e-05,4.800000000000637e-05
50864,0.012805,0.012803,-0.06739700000000001,0.0002009999999999998,-0.0002960000000000011,0.0001310000000000061
50634,-0.010788,-0.011312,-0.072494,7.900000000000094e-05,0.00011299999999999852,3.0000000000030003e-06
50527,0.013855000000000001,0.010405,-0.069845,0.00017099999999999928,6.399999999999982e-05,-0.0002789999999999876
50353,0.008732,-0.009752,-0.074161,0.00014800000000000056,7.799999999999994e-05,-0.0001250000000000001
50711,0.013106,0.006874,-0.067063,6.700000000000109e-05,0.00023499999999999997,-0.00013599999999999723
51002,0.0013180000000000002,0.000911,-0.070125,0.00020399999999999975,4.299999999999996e-05,-0.0002989999999999937
50817,0.012435,0.009838,-0.071884,0.0002270000000000015,8.299999999999974e-05,-0.0003429999999999961
51037,0.012772,0.00864,-0.062416,1.6999999999999654e-05,5.999999999999929e-05,4.200000000000037e-05
49103,-0.008037,-0.003039,-0.07361,-2.7999999999998512e-05,0.00017100000000000014,-0.00011500000000000399
41320,0.008026,0.007507,-0.069522,0.00010699999999999946,-2.9999999999999645e-05,-0.00010400000000000686
46862,-0.011328,0.007441,-0.070051,-9.000000000000327e-06,0.00016300000000000082,-0.00025899999999999535
50659,0.005138,-0.010177,-0.062453,-9.60000000000006e-05,8.99999999999998e-05,-0.00011699999999999905
50502,-0.014297,-0.002405,-0.06966599999999999,0.00016500000000000022,0.00032300000000000037,-5.400000000001237e-05
50724,0.011253,-0.002496,-0.075384,0.00032699999999999917,-1.0000000000001327e-06,-0.0003439999999999832
50957,0.009177,-0.00318,-0.063458,0.0004060000000000001,8.799999999999997e-05,-0.0006250000000000006
50565,-0.010988,-0.009424,-0.06313,1.799999999999892e-05,7.199999999999915e-05,-0.00014000000000000123
50859,0.014332000000000001,0.007067,-0.06702200000000001,0.0001349999999999997,0.00020899999999999912,-5.3999999999984616e-05
49151,0.013221,0.009416,-0.07156799999999999,0.0002620000000000001,0.00015599999999999815,-0.00020100000000000673
50966,0.002449,-0.012932,-0.062265,6.799999999999992e-05,0.00010600000000000019,-9.999999999996123e-06
49016,-0.008693,0.011397000000000001,-0.07019299999999999,9.999999999999593e-06,7.199999999999915e-05,-0.00017500000000000848
50999,0.012135,0.012672000000000001,-0.06787,0.0002970000000000004,-0.0001020000000000014,0.00020199999999999385
48856,0.016078,0.0059039999999999995,-0.069063,0.00013100000000000264,0.00025900000000000055,-0.00027199999999999447
50943,0.001045,-0.012631,-0.069731,0.0002000000000000001,5.9000000000000025e-05,9.099999999999386e-05
50517,-0.001538,-0.010323,-0.07100100000000001,0.00016200000000000025,5.900000000000176e-05,-0.00012899999999999023
50509,0.012735,0.010010999999999999,-0.073182,0.00018299999999999914,0.00021300000000000138,-0.0002989999999999937
49470,0.017,0.007743000000000001,-0.071258,0.00014799999999999883,0.00028399999999999866,-0.00015300000000000036
50543,-0.008002,-0.008867000000000002,-0.0686,0.0001799999999999996,0.0002960000000000011,-6.30000000000075e-05
48436,-0.003285,-0.0008449999999999999,-0.064857,0.0002840000000000004,0.00018699999999999988,-0.0003589999999999982
39962,0.007985,0.008626,-0.069235,3.4999999999998574e-05,-6.199999999999956e-05,-0.00011199999999998711
47792,-0.013971,-0.004594,-0.07321599999999999,1.0000000000001327e-05,0.000353,-0.00032900000000000984
50810,-0.010469,-0.0108,-0.072162,0.00023399999999999983,0.00018000000000000134,4.400000000000237e-05
48065,-0.004929,0.006237,-0.06777899999999999,1.000000000000046e-05,0.00016699999999999961,-0.00022200000000001385
50410,0.010863,-0.001673,-0.068678,0.00017900000000000034,1.7000000000000088e-05,-0.00027099999999999347
50858,-0.00025,0.010236,-0.062629,-5.299999999999999e-05,0.00010399999999999993,-0.00010499999999999399
50513,0.0056029999999999995,0.006234,-0.062416,9.900000000000013e-05,3.800000000000071e-05,-5.999999999999062e-06
50641,-0.011215,0.00282,-0.062352,0.00020700000000000059,3.899999999999997e-05,-7.900000000000268e-05
50475,0.0034100000000000003,-0.007878,-0.065238,-1.3000000000000424e-05,0.00010599999999999932,-0.00013799999999999923
44165,0.010317999999999999,-0.012731,-0.067729,4.900000000000217e-05,-3.100000000000151e-05,-0.00022300000000000098
50159,0.01322,-0.004913,-0.07095900000000001,8.099999999999948e-05,0.00012399999999999998,-0.00025799999999999434
37982,0.011542,0.0044080000000000005,-0.07315300000000001,0.00020599999999999959,0.0002299999999999993,-0.0004739999999999883
47188,0.011989000000000001,-0.004326,-0.069169,0.00017,0.00011300000000000025,-0.0004090000000000066
47788,0.001199,0.009068,-0.07290300000000001,1.7000000000000088e-05,0.00016200000000000069,-8.099999999998386e-05
50538,0.006896,0.012098000000000001,-0.071005,-6.400000000000069e-05,-0.00018500000000000114,0.00011500000000000399
50700,0.013142,0.004235,-0.062481,-1.899999999999992e-05,0.00010299999999999979,1.4000000000000123e-05
48504,-0.007027,0.0046879999999999995,-0.069575,0.00014400000000000003,0.00030400000000000045,-0.00013199999999999323
42298,0.004266,0.000925,-0.074363,0.00017200000000000028,0.0001510000000000001,-0.0003419999999999951
50482,-0.009544,0.008302,-0.073557,3.0000000000000512e-05,0.00031899999999999984,-0.00022700000000000498
45221,0.0037029999999999997,-0.010785,-0.063717,-4.2999999999999636e-05,9.699999999999813e-05,8.299999999999974e-05
50813,-0.008138999999999999,-0.006909,-0.062039000000000004,0.00019299999999999873,-2.5999999999999114e-05,-0.00042600000000000277
50571,-0.004665,0.011616,-0.063302,-0.00011099999999999999,0.00017900000000000034,6.399999999999462e-05
44297,0.008461,0.003557,-0.071242,0.00029400000000000086,8.99999999999998e-05,-0.0003599999999999992
49189,0.012048999999999999,-0.011233,-0.068142,5.10000000000007e-05,-7.400000000000115e-05,-0.00023100000000000898
50640,0.013245,0.010629,-0.06456100000000001,9.200000000000007e-05,-0.00018199999999999987,0.0001860000000000056
50625,0.00862,0.012652,-0.065288,-1.9999999999985307e-06,-7.300000000000015e-05,0.00021999999999999797
51019,-0.005719,-0.009813,-0.07123099999999999,0.00021900000000000044,0.00022900000000000177,9.999999999982245e-06
51080,-0.002749,0.000858,-0.062246,0.0003389999999999999,0.00023700000000000001,-5.2999999999997494e-05
47477,-0.001246,-0.003595,-0.07100100000000001,6.29999999999999e-05,0.0002980000000000001,-0.00027399999999999647
48424,-0.002104,0.001288,-0.074571,0.0002180000000000001,0.00022400000000000002,-0.00034100000000000796
50581,0.009257999999999999,0.0005520000000000001,-0.072963,0.0003160000000000003,0.00010999999999999996,-0.0004229999999999928
48479,0.006126,0.00385,-0.073423,0.00014099999999999963,5.600000000000006e-05,-0.00032200000000000284
41546,0.015895,-0.007521,-0.069896,0.00010600000000000193,-5.999999999999929e-06,-0.0001380000000000131
46521,0.014869,0.002794,-0.071514,-2.3999999999999716e-05,0.00021799999999999988,-0.00011900000000000799
49780,0.008997999999999999,-0.002285,-0.070337,0.0002620000000000001,0.00013800000000000054,-0.0006530000000000008
49415,0.007613000000000001,-0.001284,-0.07045900000000001,0.0002979999999999988,0.000281,-0.0006550000000000028
49772,-0.00363,0.008598000000000001,-0.064871,-7.499999999999998e-05,8.699999999999854e-05,-9.199999999999486e-05
50164,0.008157,0.010581,-0.061062,-2.6999999999999247e-05,8.200000000000048e-05,0.00023200000000000304
49429,0.00040500000000000003,0.0070739999999999996,-0.074646,7.999999999999994e-05,0.00018500000000000114,-0.00013399999999999523
43814,0.010081,-0.013205999999999999,-0.068576,0.0001360000000000007,-1.4000000000001858e-05,-0.00015500000000000236
50664,0.016071000000000002,0.007679,-0.066943,0.00014099999999999877,0.0001999999999999988,-0.0003110000000000057
50553,0.004994,-0.004403,-0.06916599999999999,0.0004590000000000002,0.0001349999999999997,-0.0005020000000000163
48765,1.9e-05,-0.001238,-0.073732,0.000129,5.400000000000001e-05,-0.0004129999999999967
50276,-0.008272999999999999,-0.00016,-0.065255,0.0003039999999999987,0.00019300000000000003,2.799999999998637e-05
50903,0.012525,-0.0054,-0.065604,9.400000000000033e-05,0.00013200000000000017,-0.00024299999999999322
48051,-0.009319000000000001,-0.00791,-0.070774,0.00023300000000000057,0.00027899999999999973,-5.1999999999996493e-05
50500,0.004046,-0.006455,-0.07201600000000001,0.00013099999999999917,-1.5000000000000256e-05,-9.399999999998299e-05
50808,-0.008885,-0.010783,-0.06773,0.0001910000000000002,0.000193999999999998,4.300000000000137e-05
50187,0.000885,-0.006228,-0.074485,0.00017300000000000009,1.1000000000000593e-05,-0.00014500000000000624
36191,-0.001456,0.012451,-0.063827,-0.0001429999999999999,7.399999999999941e-05,0.00021000000000000185
42799,-0.001436,0.010707000000000001,-0.06536700000000001,-9.499999999999982e-05,0.00010600000000000019,6.40000000000085e-05
42876,0.001407,0.001395,-0.07417900000000001,2.800000000000003e-05,0.00016300000000000017,-0.00031699999999998396
50158,0.015340999999999999,0.0019119999999999999,-0.068735,5.500000000000123e-05,0.00027899999999999995,-0.00019199999999999773
48452,0.012333,-0.001176,-0.072811,0.00024799999999999996,0.0001259999999999998,-0.0004079999999999917
47406,0.002626,-0.009092000000000001,-0.06459699999999999,0.00018899999999999993,0.0002470000000000007,6.199999999999262e-05
49870,0.01133,-0.00016700000000000002,-0.061823,-0.0001289999999999989,-0.000206,-0.00019700000000000273
47757,-0.013701000000000001,-0.0061189999999999994,-0.073837,9.400000000000207e-05,0.00024099999999999903,-0.0002469999999999972
50232,0.001237,-0.006933,-0.070024,0.0002229999999999999,0.00010600000000000019,-0.0002999999999999947
49094,0.011157,0.011817,-0.06897199999999999,0.00017099999999999928,-7.300000000000015e-05,-5.000000000000837e-05
50893,0.013156000000000001,-0.009472,-0.064651,0.00016499999999999848,5.699999999999976e-05,3.0000000000030003e-06
48214,-0.014874,-0.0021230000000000003,-0.073259,0.00012000000000000031,0.00032200000000000045,-0.00015300000000000036
49499,0.0038540000000000002,-0.003139,-0.06778400000000001,0.00018599999999999997,0.00028499999999999966,-0.0004029999999999867
50980,-0.011785,0.003706,-0.07527800000000001,-1.600000000000039e-05,0.0001590000000000003,-0.00017599999999998173
50152,0.013694000000000001,-0.006936,-0.067333,0.00022199999999999824,-2.199999999999945e-05,-0.00014299999999999036
49229,0.009461,-1.1e-05,-0.06484000000000001,0.00011099999999999825,0.000204,-0.0002269999999999911
49169,-0.003698,-0.011551,-0.075345,0.0001299999999999999,0.0001520000000000011,-0.00010999999999999899
49513,0.001796,0.0028490000000000004,-0.062531,5.800000000000011e-05,6.999999999999975e-05,-0.00033299999999999996
50350,0.006981,0.005605000000000001,-0.074375,0.00017399999999999968,0.00014699999999999956,-0.00010999999999999899
50676,-0.009318,0.002906,-0.064056,0.00015300000000000036,9.8e-05,6.40000000000085e-05
34145,0.015336,0.004175,-0.07140099999999999,5.4999999999999494e-05,0.00022099999999999984,-0.0001310000000000061
48411,-0.014022,-0.006299000000000001,-0.07247400000000001,3.8999999999999105e-05,0.00025700000000000115,-0.0002189999999999831
50533,0.011647000000000001,0.009311999999999999,-0.065274,1.3999999999998389e-05,5.900000000000176e-05,-5.4999999999999494e-05
50218,-0.008429,-0.0051849999999999995,-0.06558,0.0002889999999999993,0.0002329999999999997,-0.00011199999999998711
49566,-0.014489,0.001091,-0.070286,0.00039500000000000125,0.00022600000000000007,-0.00015400000000000136
46192,0.014455,0.0015940000000000001,-0.071316,8.499999999999827e-05,0.00023999999999999998,-6.0000000000004494e-05
44683,-0.006817999999999999,-0.00449,-0.073313,-8.600000000000014e-05,0.0001429999999999999,-0.00016099999999999448
45697,-0.004968,0.011756,-0.069294,-0.00011200000000000012,0.00013099999999999917,3.399999999999237e-05
45948,-0.0021160000000000003,-0.011509,-0.070313,0.00011900000000000018,7.599999999999968e-05,-7.599999999999274e-05
44614,0.002182,0.005176999999999999,-0.073369,2.2000000000000318e-05,0.0002650000000000005,-0.0003889999999999866
49104,-0.001802,-0.008556,-0.07149599999999999,6.499999999999995e-05,9.89999999999984e-05,-0.0001890000000000086
42205,-0.007399,0.005972000000000001,-0.071865,8.199999999999961e-05,0.0002999999999999999,-0.00031599999999999684
46813,0.006660999999999999,-0.011798999999999999,-0.06500700000000001,0.0001330000000000003,1.2999999999999123e-05,-1.0999999999997123e-05
45211,-0.013069,0.002933,-0.076357,2.700000000000098e-05,0.00013400000000000044,-0.0003050000000000136
45520,0.009019000000000001,0.007136,-0.063767,0.0001559999999999999,7.500000000000041e-05,1.6000000000002124e-05
50799,-0.000352,0.0109,-0.072824,-9.500000000000003e-05,0.0001370000000000017,4.700000000000537e-05
50249,0.0069370000000000005,-0.000158,-0.059545,9.399999999999947e-05,0.000214,-0.00021000000000000185
50974,0.003004,-0.005089000000000001,-0.058447000000000006,0.00012800000000000008,0.00021100000000000025,-0.0003059999999999938
49419,0.0029660000000000003,-0.000512,-0.07115099999999999,0.00032299999999999994,0.00028399999999999996,-0.00010400000000000686
41393,0.003041,0.007627,-0.073491,0.00017,7.699999999999981e-05,-6.199999999999262e-05
47753,0.005601,-0.00028199999999999997,-0.06787,0.00016000000000000042,4.3999999999999985e-05,-0.00038100000000000633
50978,0.009408,0.006656,-0.06522499999999999,0.00017599999999999907,5.999999999999929e-06,-0.00027600000000001235
50486,-0.010324,0.002063,-0.070726,0.00020599999999999959,0.00028600000000000023,-0.00014700000000000824
50477,-0.011059,0.0036869999999999997,-0.06859699999999999,0.00033799999999999976,0.00013699999999999997,0.0001239999999999991
47947,0.016358,-0.004582,-0.07058,3.0000000000002247e-05,2.2000000000000318e-05,-0.00022400000000000198
49428,0.006306,-0.00239,-0.074453,8.69999999999994e-05,0.00010099999999999996,-0.0005429999999999879
49091,-0.003137,-0.008571,-0.068193,-0.00015799999999999972,-6.899999999999962e-05,-0.00010200000000000486
49771,0.003963,-0.008484,-0.061996,-3.1000000000000645e-05,0.00012000000000000031,-0.00012699999999999517
49101,-0.003538,0.004988,-0.062692,0.00015999999999999999,0.00010299999999999979,-7.600000000000662e-05
50697,-0.005601,-0.011375999999999999,-0.06832899999999999,9.999999999999593e-06,4.999999999999796e-05,-0.00017700000000001048
49593,0.008525,-0.012387,-0.07104099999999999,0.0001349999999999997,0.0001260000000000011,-0.00017900000000001248
49763,-0.000819,0.001379,-0.07551999999999999,0.000187,0.000116,-0.00033800000000001884
47759,0.010644,-0.007338,-0.06989100000000001,0.0002149999999999999,2.3999999999999716e-05,-0.00017000000000000348
50843,0.013141,-0.012562,-0.068158,0.00011500000000000052,-8.100000000000121e-05,-0.00011100000000001387
50134,0.014844,0.0050609999999999995,-0.067271,7.900000000000094e-05,0.00019800000000000113,-0.0002279999999999921
50561,0.013173,-0.0075,-0.068137,0.0002649999999999996,-7.800000000000081e-05,-0.00020900000000000085
49206,0.0058920000000000005,-0.011998,-0.07154300000000001,0.0002399999999999989,6.999999999999888e-05,-9.299999999998199e-05
49792,-0.005511,0.003983,-0.073338,0.00017700000000000094,0.00019499999999999986,-0.00033400000000000096
50193,0.006777999999999999,0.0034049999999999996,-0.071032,0.0002680000000000009,0.0002460000000000001,-0.00044500000000000095
49432,0.001379,0.0045839999999999995,-0.061725999999999996,-7.200000000000002e-05,0.00022300000000000098,-0.000349000000000009
35128,0.014188000000000001,0.008513999999999999,-0.070263,0.00012199999999999885,0.0001320000000000019,-0.0002899999999999847
47142,-0.004076,0.012123,-0.070055,-0.00013400000000000044,8.799999999999954e-05,8.200000000001262e-05
50835,0.000428,-0.003154,-0.07239,0.000178,0.0001429999999999999,-0.00019900000000000473
50463,-0.00835,-0.005849999999999999,-0.072447,4.1000000000001105e-05,2.2999999999999583e-05,-0.00020099999999999285
50846,0.008341,0.011576000000000001,-0.063783,-1.899999999999992e-05,5.899999999999829e-05,0.0003000000000000086
49431,0.006574,0.01243,-0.06507399999999999,-9.699999999999986e-05,-4.5999999999999167e-05,0.00016700000000000048
50104,0.007315,-0.003996,-0.074093,0.0001299999999999999,0.0001360000000000007,-0.0004629999999999912
47420,-0.008156,-0.000272,-0.068575,0.00012000000000000031,0.000346,-0.0002380000000000021
50469,0.008314,0.00437,-0.07081699999999999,0.00020500000000000032,1.6999999999999654e-05,-0.0003210000000000157
50110,0.001598,-0.002738,-0.06656699999999999,0.00031499999999999996,0.00019200000000000033,-0.00038100000000000633
45908,-0.002686,0.0006450000000000001,-0.06644199999999999,7.300000000000015e-05,0.00019599999999999989,-0.0002480000000000121
49970,-0.009002000000000001,-0.011944000000000001,-0.069856,0.00024100000000000163,0.00021200000000000212,0.00014500000000000624
45536,0.014445,0.0053620000000000004,-0.067059,0.0001020000000000014,0.00020099999999999892,-0.00014000000000000123
49500,-0.00017999999999999998,-0.004102000000000001,-0.06971200000000001,5.499999999999998e-05,0.0001570000000000009,-0.0005509999999999959
49529,-0.0043879999999999995,-0.000876,-0.067346,0.00022799999999999904,0.000236,-0.0004129999999999967
49831,0.0073620000000000005,0.004659,-0.073526,0.0002139999999999989,7.100000000000075e-05,-0.0003020000000000106
46173,0.016088,0.0038250000000000003,-0.069763,0.00010299999999999893,0.00022099999999999984,-9.899999999998799e-05
45678,0.0042510000000000004,-0.010416,-0.070035,0.0001380000000000001,8.99999999999998e-05,-6.199999999999262e-05
47197,-0.010001,0.010457000000000001,-0.068898,3.799999999999984e-05,7.599999999999794e-05,-8.299999999999974e-05
47103,0.008818,0.002404,-0.06940099999999999,0.00018500000000000114,0.00011200000000000012,-0.00038100000000000633
49549,0.014119,0.001704,-0.064763,4.4000000000000636e-05,0.00024700000000000004,-3.500000000000725e-05
45996,0.014998,-0.00434,-0.06856699999999999,0.00015399999999999962,4.399999999999977e-05,-0.00023800000000001598
50881,-0.010693,-0.005033999999999999,-0.070335,3.199999999999904e-05,6.999999999999194e-06,-0.0001260000000000011
50589,-0.009993,0.007114,-0.06311,9.000000000000327e-06,0.00018899999999999993,-0.0002309999999999951
47768,-0.011478,0.006158,-0.06803100000000001,2.5000000000000716e-05,4.0000000000000105e-05,-0.00033299999999999996
50908,0.014117000000000001,0.0109,-0.07302,0.00020199999999999906,0.0002199999999999997,-0.00010799999999999699
41343,0.001647,0.000712,-0.076282,0.000276,0.00021500000000000013,-0.0002449999999999952
47152,0.001132,0.006791999999999999,-0.075004,-1.7000000000000088e-05,0.00018200000000000074,-0.00015400000000000136
49869,0.00795,-0.006737,-0.064446,0.0001889999999999982,0.00014400000000000003,-0.00038299999999999446
50899,0.017123000000000003,-0.0058319999999999995,-0.06847400000000001,-1.8000000000000654e-05,-0.00010299999999999979,-0.0002859999999999946
48395,0.005912,0.008230000000000001,-0.063001,0.0001590000000000003,0.00012599999999999938,6.40000000000085e-05
49969,0.017960999999999998,-0.007065,-0.067386,9.10000000000008e-05,-0.00010999999999999985,-0.00031399999999999484
50155,-0.00348,0.004343,-0.064251,0.0002000000000000001,0.00010600000000000019,-0.00019299999999999873
50238,-0.014386,0.008996,-0.06925,0.0002249999999999995,0.000307,-0.0003399999999999931
50498,0.007647999999999999,-0.000215,-0.062675,0.00016600000000000035,0.00018199999999999998,-0.0004070000000000046
47789,-0.008806,0.007865,-0.071843,-6.899999999999962e-05,0.000279999999999999,-0.00026999999999999247
50154,0.011148,-0.006449,-0.07134900000000001,0.00021000000000000012,6.499999999999995e-05,-0.00018899999999998085
48449,-0.004285,-0.006032,-0.073645,0.00014599999999999943,9.400000000000033e-05,-0.0002829999999999916
41735,0.016768,-0.00141,-0.067387,-0.00011700000000000252,0.00015300000000000014,-0.00014700000000000824
49083,-0.008584,-0.00392,-0.073443,3.500000000000031e-05,4.9e-05,-0.00015500000000000236
50942,0.012547,-0.004203,-0.062658,0.0001449999999999993,-3.9999999999996635e-06,-0.00036399999999998933
37734,0.013827,0.004082,-0.070883,-1.5000000000001124e-05,0.0003129999999999999,-0.00013199999999999323
50106,0.0009360000000000001,-0.007019999999999999,-0.063739,-4.900000000000011e-05,0.00017799999999999934,-0.00026299999999998547
43999,-0.008688000000000001,0.009237,-0.07184499999999999,4.000000000000184e-05,0.0002249999999999995,-0.00028600000000000847
50021,-0.013246,-0.001519,-0.065353,0.00021400000000000065,0.000299,5.1999999999996493e-05
43705,-0.001562,0.006073,-0.06696099999999999,0.00017700000000000007,0.00015199999999999936,-0.00021900000000001085
42825,0.003951,-0.00030199999999999997,-0.070461,0.00021299999999999965,0.00025899999999999995,-0.0002370000000000011
50312,-0.013042,0.000848,-0.065592,0.00036800000000000027,0.00021299999999999986,-0.0002360000000000001
37969,-0.004333999999999999,0.007111,-0.067583,-9.500000000000133e-05,0.00015899999999999942,-9.299999999999586e-05
35618,-0.006785,0.007852,-0.071448,-1.1999999999999858e-05,0.0002430000000000019,-0.0003060000000000007
48318,-0.003301,0.009253,-0.068478,-8.699999999999984e-05,9.099999999999907e-05,7.999999999999674e-05
50107,0.002783,-0.007232000000000001,-0.074444,0.00017700000000000007,3.800000000000071e-05,-0.0001810000000000006
49770,0.007173,-0.007189,-0.071697,0.0001540000000000005,6.000000000000016e-05,-0.0002909999999999996
50841,0.006869,-0.002033,-0.068857,0.0003619999999999995,0.00022900000000000004,-0.0005150000000000016
48399,-0.0018620000000000002,0.003561,-0.06683599999999999,0.00023900000000000006,0.00015999999999999999,-0.0004040000000000016
50222,-0.012032,0.0031520000000000003,-0.074247,4.5999999999999167e-05,9.999999999999593e-06,-0.0002879999999999966
44298,-0.006303,0.011184,-0.064494,-0.0001410000000000005,0.00016100000000000142,5.2999999999997494e-05
47728,0.006515,-0.004976,-0.06663899999999999,0.0002360000000000001,0.0001410000000000005,-0.00034300000000000996
51047,0.0020710000000000004,-0.009301,-0.074125,0.00016399999999999965,9.400000000000033e-05,-7.800000000000862e-05
50503,0.013630000000000001,0.005083,-0.066451,0.00011299999999999852,0.0001749999999999998,-0.00016900000000000248
50531,-0.007897,0.00248,-0.073608,0.0002199999999999997,9.299999999999977e-05,-0.00026699999999998947
44009,-0.0014199999999999998,0.0050810000000000004,-0.069688,0.00017599999999999972,0.00016500000000000022,-0.00027199999999999447
46849,-0.000898,-0.00764,-0.06997,0.00012600000000000003,3.4000000000000176e-05,-0.00021200000000000385
46781,0.007997,0.010298999999999999,-0.072545,9.49999999999996e-05,-1.600000000000039e-05,-0.0001779999999999976
46299,-0.011980000000000001,0.011779,-0.066773,0.00013400000000000044,0.00016700000000000048,2.000000000002e-06
49810,0.005803,-0.009919,-0.072255,0.00011599999999999978,3.100000000000151e-05,-0.00016800000000000148
50122,0.003898,0.011437,-0.071837,-9.400000000000033e-05,-0.00011999999999999858,2.0999999999993246e-05
49930,0.002382,0.000366,-0.063925,0.00019099999999999976,7.099999999999999e-05,-4.099999999999937e-05
48456,0.005099,0.008891999999999999,-0.066375,1.7999999999999787e-05,0.00012400000000000085,9.900000000000186e-05
39005,-0.010339000000000001,0.0059770000000000005,-0.076036,8.400000000000074e-05,0.0001579999999999993,-0.00020900000000000085
49848,0.016578,-0.009632,-0.06783700000000001,2.3999999999999716e-05,-5.300000000000096e-05,-0.0001719999999999916
50481,0.000898,-0.008071,-0.06974599999999999,0.0001389999999999999,3.699999999999884e-05,-0.0002560000000000062
49128,-0.011824999999999999,0.001555,-0.064429,0.0002899999999999986,0.00023900000000000006,0.00013299999999999423
48434,0.001878,-0.006822,-0.06592700000000001,-1.899999999999992e-05,4.2999999999999636e-05,-0.0005299999999999749
45619,0.011252,-0.002016,-0.067515,0.00016200000000000069,-9.99999999999699e-07,-0.00031599999999999684
50816,0.0037879999999999997,0.003835,-0.064454,0.0002660000000000006,0.00019000000000000006,-0.00017500000000000848
50483,0.004652,0.0028450000000000003,-0.066901,0.00011800000000000005,0.00021399999999999978,-0.0004860000000000003
47147,-0.000381,0.008421,-0.069699,-1.7000000000000034e-05,0.00019300000000000046,-9.599999999999886e-05
48398,0.001488,0.0061600000000000005,-0.071706,-8.999999999999894e-06,0.00024499999999999956,-0.00032599999999999296
43767,0.000389,0.005333999999999999,-0.06531699999999999,0.00010199999999999999,0.0001330000000000003,-0.00018200000000001548
49414,0.016301,0.0027370000000000003,-0.068576,7.500000000000215e-05,0.00022599999999999964,-6.40000000000085e-05
50811,-0.003859,-0.011963,-0.069478,0.00020100000000000022,9.400000000000033e-05,-0.00012199999999999711
48126,-0.003395,0.0024519999999999998,-0.070662,0.00018599999999999997,0.0003250000000000002,-0.00037899999999999046
49791,0.001287,-0.006957,-0.066816,0.00011400000000000017,8.199999999999961e-05,-0.00026700000000000335
50969,0.017007,-0.00073,-0.06642100000000001,1.9999999999999185e-05,0.000214,-0.0001669999999999866
50572,0.004203,0.005906,-0.07195399999999999,6.299999999999969e-05,0.0001380000000000001,-0.00028600000000000847
45518,0.003694,0.00041,-0.071081,0.0002400000000000002,0.000232,-0.00020000000000000573
49856,0.01332,-0.012379,-0.069649,0.0002009999999999998,-5.300000000000096e-05,-0.00013699999999999823
45614,0.004044,0.00583,-0.069931,6.900000000000048e-05,0.00013400000000000044,-0.0002920000000000006
43098,-0.007758,0.005068,-0.074886,0.00010200000000000053,0.00014600000000000116,-0.00026199999999999835
44310,0.002437,-0.000526,-0.070714,0.0002590000000000001,0.000205,-0.00011499999999999011
49107,0.005634999999999999,0.002644,-0.064054,-4.099999999999937e-05,0.00027199999999999967,-0.00039200000000000346
45960,-0.0029159999999999998,0.0020819999999999996,-0.06795399999999999,9.200000000000007e-05,0.00024200000000000003,-0.00028300000000000547
46251,-0.007714,-0.0051849999999999995,-0.070898,9.400000000000033e-05,0.00010499999999999919,-0.0002939999999999887
49425,-0.0041210000000000005,0.005384000000000001,-0.063196,0.0003170000000000009,0.0002559999999999993,-5.1999999999996493e-05
47145,0.007030000000000001,0.002185,-0.065985,-3.300000000000091e-05,0.00010500000000000006,-0.00039400000000000546
42524,-0.009888,0.010307,-0.070881,3.5999999999999574e-05,9.900000000000013e-05,-0.0001840000000000036
47744,-0.00041099999999999996,0.008394,-0.072901,6.199999999999999e-05,0.0001449999999999993,2.3999999999996247e-05
42499,-0.002298,-0.005093,-0.071098,-8.999999999999894e-06,0.00021700000000000018,-0.00011400000000000299
50916,0.0031829999999999996,0.005142000000000001,-0.06734699999999999,0.00012700000000000038,0.00012199999999999971,-0.0001990000000000186
49086,0.009599,0.010028,-0.06836199999999999,0.00012200000000000058,-7.500000000000041e-05,-1.0000000000010001e-05
44944,0.011779999999999999,0.005956,-0.06924899999999999,5.500000000000123e-05,0.0001799999999999996,-5.100000000000937e-05
50171,0.000373,-0.005717,-0.070071,0.00022299999999999995,8.599999999999927e-05,-0.00036799999999999333
50138,0.007118,0.000882,-0.064651,3.2999999999999176e-05,0.0001429999999999999,-0.00032999999999999696
47148,0.000311,0.004906,-0.070021,9.200000000000001e-05,0.00015499999999999976,-0.0004030000000000006
47240,-0.009541000000000001,0.005199,-0.065697,0.0001580000000000019,9.900000000000013e-05,-0.00021899999999999697
45953,0.013571,-0.003536,-0.069758,0.00012200000000000058,0.00010399999999999993,-0.0002289999999999931
49472,0.000833,-0.011949,-0.071325,0.00016600000000000013,0.00011899999999999931,-7.999999999994123e-06
50523,0.012086,-0.003644,-0.069392,0.0002570000000000003,0.00018499999999999983,-0.0001880000000000076
42330,-0.011859,-0.006888,-0.071512,3.199999999999904e-05,7.500000000000041e-05,-7.200000000000262e-05
50937,-0.008603999999999999,-0.010659,-0.06386800000000001,0.00014599999999999856,5.7999999999999025e-05,-0.0001749999999999946
50898,0.010672000000000001,-0.001047,-0.065734,0.00024599999999999796,0.00013299999999999998,-0.0004559999999999981
48972,0.0031869999999999997,-0.008503,-0.068684,0.0002000000000000001,0.00013799999999999923,-8.299999999999974e-05
50436,-0.005324,0.001653,-0.065748,3.699999999999971e-05,0.00017599999999999994,-0.00020699999999999885
50128,0.0026520000000000003,0.002828,-0.062027,-4.49999999999999e-05,9.400000000000033e-05,-0.00028399999999999953
47399,-0.010275000000000001,-0.000894,-0.072473,9.400000000000207e-05,9.500000000000003e-05,-0.0002879999999999966
46872,0.001328,-0.002494,-0.06974,0.0002900000000000001,0.0003110000000000001,-0.0002349999999999991
48070,-0.013618,0.008282,-0.06890900000000001,-7.600000000000141e-05,0.0002409999999999999,-0.00026699999999998947
45305,-0.010622999999999999,0.010612,-0.064831,8.099999999999948e-05,0.00011699999999999905,4.399999999998849e-05
48058,0.0029590000000000003,0.00632,-0.06576399999999999,0.00011799999999999962,8.99999999999998e-05,-0.000126000000000015
47764,0.000408,0.005683,-0.067253,0.00011200000000000007,0.00013200000000000104,-0.00027200000000000835
15880,-0.0005809999999999999,0.01024,-0.07205500000000001,-2.9000000000000054e-05,0.0001229999999999981,2.3999999999996247e-05
40196,-0.008541,0.010204000000000001,-0.065748,-4.1000000000001105e-05,0.00015699999999999915,-0.0001280000000000031
49092,-0.0008719999999999999,0.008041,-0.067986,-8.799999999999997e-05,0.0001020000000000014,2.8000000000000247e-05
48448,-0.012388999999999999,0.006784,-0.06571099999999999,-4.700000000000017e-05,0.000281,-0.00011800000000000699
47174,0.00063,0.002921,-0.065316,0.000298,8.799999999999997e-05,-0.0001300000000000051
41620,0.00361,0.008062,-0.06592700000000001,8.000000000000021e-05,7.200000000000088e-05,-0.00011499999999999011
34833,0.013407,0.003196,-0.067691,4.99999999999997e-05,0.0001789999999999999,-0.00014300000000000423
38585,0.011849,-0.011691,-0.070983,8.000000000000021e-05,-9.699999999999986e-05,-0.00016700000000000048
47826,0.012511,0.002384,-0.06748399999999999,3.900000000000084e-05,7.300000000000015e-05,-7.200000000000262e-05
34209,0.004445999999999999,0.010775999999999999,-0.06752899999999999,-3.799999999999897e-05,6.0000000000001025e-05,0.00014499999999999236
40132,-0.000717,0.007368,-0.068705,-7.000000000000008e-05,0.00011599999999999978,-0.00011400000000000299
48761,0.010614,0.002106,-0.06531999999999999,-4.999999999999796e-06,0.00010500000000000006,-0.0001380000000000131
48738,0.004435,-0.002836,-0.06646500000000001,0.00017000000000000088,5.499999999999993e-05,-0.00031799999999998496
43178,-0.007782,0.008352,-0.069613,-7.499999999999955e-05,0.0001299999999999999,-0.00019700000000000273
50949,0.003098,0.012433,-0.07145099999999999,-0.0002369999999999998,-0.00010399999999999819,-8.500000000001562e-05
46792,0.012924,0.005128,-0.067713,5.300000000000096e-05,0.00018500000000000027,-5.000000000000837e-05
50109,0.005339,0.0020670000000000003,-0.065521,-6.199999999999956e-05,0.00020899999999999955,-0.00043599999999999195
46162,0.004261999999999999,-0.001063,-0.06663200000000001,0.0001250000000000001,7.59999999999999e-05,-9.299999999998199e-05
41004,0.005921,0.006665,-0.07118899999999999,0.00010900000000000059,0.0001330000000000003,-0.00018700000000002048
50326,0.008471,0.002559,-0.067157,7.700000000000068e-05,2.499999999999985e-05,-0.0003130000000000077
50195,0.003523,-0.012396,-0.073252,0.0001879999999999998,0.00019600000000000173,4.300000000000137e-05
46517,0.01397,0.001597,-0.068023,-4.700000000000017e-05,0.00019000000000000006,-0.00011800000000000699
33280,0.011529999999999999,0.008302,-0.068755,2.2000000000001185e-05,0.0001499999999999991,-0.00011400000000000299
50829,0.001335,0.004946,-0.06618,7.59999999999999e-05,9.200000000000007e-05,-0.0002889999999999976
44939,-0.009425000000000001,0.00495,-0.069387,7.399999999999941e-05,0.0002139999999999989,-0.00026099999999999735
46488,0.011787,0.0011639999999999999,-0.06871200000000001,-8.599999999999927e-05,0.00014300000000000011,-0.00019499999999998685
50825,0.002241,0.0034609999999999997,-0.064899,0.00024200000000000003,0.00017500000000000024,-0.0002410000000000051
50184,-4.2999999999999995e-05,-0.0016220000000000002,-0.070199,0.00018499999999999997,0.0002770000000000001,-0.000123000000000012
50485,-0.008775,0.009975,-0.06697499999999999,-1.3000000000000858e-05,0.00012000000000000031,-0.00020700000000001273
48427,0.001405,0.001538,-0.062058,-9.600000000000017e-05,3.6999999999999924e-05,-0.00031599999999999684
49177,-0.012562,-0.000155,-0.068838,0.0001920000000000012,0.000147,-0.0002380000000000021
50491,0.004957,-0.000957,-0.066856,9.8e-05,3.199999999999991e-05,-0.00016800000000000148
49603,0.001138,0.005157,-0.06623699999999999,3.600000000000001e-05,9.19999999999992e-05,-0.00027100000000000735
50476,0.001478,-0.001173,-0.067833,0.00025,0.0003520000000000001,-0.00010000000000000286
46823,0.010141,0.003761,-0.067866,0.00024399999999999943,-5.00000000000023e-06,-0.00017400000000000748
48747,0.0034300000000000003,0.005488000000000001,-0.066258,4.59999999999996e-05,4.099999999999937e-05,-0.00028200000000000447
48749,0.007974,0.002693,-0.065423,4.89999999999987e-05,1.1999999999999858e-05,-0.00020799999999999985
46156,-0.008526,0.0083,-0.065526,-7.799999999999821e-05,0.00011599999999999978,-0.00013699999999999823
49248,0.001292,0.005588,-0.06534699999999999,3.8000000000000056e-05,0.00011900000000000018,-0.00022100000000001285
49100,-0.002467,-0.012347,-0.069085,8.799999999999997e-05,4.999999999999796e-06,-0.0001320000000000071
