Particle,x,y,z,Vx,Vy,Vz
17754,-0.005882,0.00106,-0.061649999999999996,0.0,0.0,0.0
19908,0.008115,-0.01236,-0.070211,0.0,0.0,0.0
15127,-0.0043760000000000005,-0.005715,-0.070206,0.0,0.0,0.0
15108,-0.0015300000000000001,0.004384000000000001,-0.067069,0.0,0.0,0.0
9170,-0.00845,0.008917,-0.073574,0.0,0.0,0.0
15092,-0.002646,0.008971999999999999,-0.070339,0.0,0.0,0.0
19505,0.003018,0.012152,-0.063402,0.0,0.0,0.0
20066,0.0071319999999999995,-0.008425,-0.068685,0.0,0.0,0.0
19763,-0.002319,0.002591,-0.060523,0.0,0.0,0.0
19291,-0.008232,-0.011474999999999999,-0.06905700000000001,0.0,0.0,0.0
19433,-0.005779,0.0027400000000000002,-0.062062,0.0,0.0,0.0
18484,-0.008921,0.010267,-0.07544799999999999,0.0,0.0,0.0
9681,0.011832,0.003813,-0.07432599999999999,0.0,0.0,0.0
19767,-0.015023,-0.009033,-0.071982,0.0,0.0,0.0
19096,-0.005479,-0.008773,-0.077061,0.0,0.0,0.0
19872,-0.010437,0.008960000000000001,-0.062293,0.0,0.0,0.0
19525,-0.00808,0.010053000000000001,-0.077864,0.0,0.0,0.0
15780,0.004378999999999999,0.009472,-0.074874,0.0,0.0,0.0
19815,0.015604,-0.012716,-0.072822,0.0,0.0,0.0
20029,0.003624,-0.008615,-0.071338,0.0,0.0,0.0
19369,-0.001618,-0.0045320000000000004,-0.064756,0.0,0.0,0.0
19412,-6e-06,0.002781,-0.07352800000000001,0.0,0.0,0.0
15441,-0.007841,0.012414999999999999,-0.06591899999999999,0.0,0.0,0.0
19849,-0.005382,-0.011252,-0.060901000000000004,0.0,0.0,0.0
14106,-0.004466,0.012198,-0.070272,0.0,0.0,0.0
16937,0.002306,-0.010674,-0.06640900000000001,0.0,0.0,0.0
18525,-0.001665,0.0038,-0.061662,0.0,0.0,0.0
19278,-0.007639,0.00474,-0.064459,0.0,0.0,0.0
19035,-0.00779,0.007698,-0.073698,0.0,0.0,0.0
19855,-0.005162,-0.012005,-0.06608,0.0,0.0,0.0
19251,-0.00731,0.011508,-0.06396500000000001,0.0,0.0,0.0
13209,-0.007062000000000001,0.000244,-0.065331,0.0,0.0,0.0
19751,-0.007679,0.001792,-0.06778,0.0,0.0,0.0
19434,-0.010027,0.011221,-0.064942,0.0,0.0,0.0
19810,0.013746000000000001,0.011118000000000001,-0.06897199999999999,0.0,0.0,0.0
19792,-0.013902,0.006031,-0.070512,0.0,0.0,0.0
19452,-0.014194,0.005652,-0.067354,0.0,0.0,0.0
19968,-0.011238,8.2e-05,-0.061051,0.0,0.0,0.0
15480,0.009244,-0.008483000000000001,-0.073279,0.0,0.0,0.0
19788,0.001676,-0.005454,-0.068615,0.0,0.0,0.0
18787,0.0015429999999999999,-0.009864000000000001,-0.065663,0.0,0.0,0.0
16623,0.013382999999999999,-0.000815,-0.076262,0.0,0.0,0.0
15784,-0.013132,0.008218,-0.076449,0.0,0.0,0.0
18791,0.008556,-0.0019190000000000001,-0.07564799999999999,0.0,0.0,0.0
19772,-0.0064589999999999995,-0.007562,-0.068341,0.0,0.0,0.0
16302,-0.013953,-0.006123999999999999,-0.07209900000000001,0.0,0.0,0.0
19633,0.012123,0.013102,-0.063025,0.0,0.0,0.0
19220,-0.014609,-0.0013189999999999999,-0.06926900000000001,0.0,0.0,0.0
20027,0.004581,0.011159,-0.075744,0.0,0.0,0.0
19971,0.010689,-0.003671,-0.063611,0.0,0.0,0.0
20009,0.015863,-0.004114,-0.06112,0.0,0.0,0.0
19617,0.014989,-0.005295,-0.063005,0.0,0.0,0.0
9671,0.0002,0.006320999999999999,-0.070782,0.0,0.0,0.0
18780,-0.004234,-0.006731,-0.064519,0.0,0.0,0.0
19765,0.012441,-0.0006929999999999999,-0.071972,0.0,0.0,0.0
19794,-0.006697,-0.0029140000000000004,-0.077454,0.0,0.0,0.0
14652,0.011319000000000001,0.006622,-0.06422199999999999,0.0,0.0,0.0
19838,0.017562,0.0077599999999999995,-0.067012,0.0,0.0,0.0
19439,0.011909000000000001,0.0074589999999999995,-0.062531,0.0,0.0,0.0
19881,0.000244,-0.0065910000000000005,-0.07742700000000001,0.0,0.0,0.0
18760,0.0011519999999999998,0.005111,-0.073927,0.0,0.0,0.0
19890,-0.009011,0.007503,-0.061977,0.0,0.0,0.0
19998,-0.012615,-0.002676,-0.07213599999999999,0.0,0.0,0.0
20044,-0.009795,0.011574999999999998,-0.076669,0.0,0.0,0.0
18533,-0.006931,-0.005928,-0.07656600000000001,0.0,0.0,0.0
19124,-0.008013999999999999,-0.0037519999999999997,-0.062955,0.0,0.0,0.0
19516,0.003384,-0.005884,-0.06761700000000001,0.0,0.0,0.0
10371,0.008150000000000001,0.008831,-0.068846,-0.00011800000000000178,9.299999999999933e-05,-0.00026800000000000435
19749,-0.008445000000000001,0.005006,-0.06301899999999999,5.000000000000143e-05,0.0002539999999999999,-4.000000000017878e-06
20185,0.005448000000000001,-0.005994,-0.077627,1.3999999999999256e-05,0.00010400000000000079,-5.7000000000001494e-05
9697,0.000694,0.005477,-0.07099899999999999,-7.699999999999992e-05,0.00015499999999999976,-0.00023400000000001198
16236,-0.006597,0.011167999999999999,-0.066565,-6.199999999999956e-05,0.0002210000000000007,-0.00017700000000001048
18919,-0.008928,-0.001917,-0.06758700000000001,0.00011300000000000025,0.00014800000000000013,0.00012000000000000899
19829,-0.007011,0.01007,-0.06013,-5.3000000000000096e-05,0.0002489999999999992,-2.2999999999995246e-05
19759,-0.0037040000000000003,-0.01205,-0.073299,9.30000000000002e-05,0.0001810000000000006,0.0001229999999999981
19837,-0.00354,0.00777,-0.068748,2.2000000000000318e-05,0.0002840000000000004,2.3000000000009124e-05
19550,-0.013836000000000001,0.012776,-0.067289,-2.2999999999998716e-05,-2.199999999999945e-05,3.499999999999337e-05
19427,0.006683,-0.004444,-0.07294199999999999,-7.699999999999981e-05,0.00011800000000000005,-1.1999999999998123e-05
14760,-0.008718,-0.001574,-0.06775700000000001,7.900000000000094e-05,0.00011800000000000005,9.600000000001274e-05
20211,0.000528,-0.005382,-0.060976,0.00018499999999999994,6.999999999999975e-05,4.000000000000531e-05
19781,0.004490999999999999,-0.011710000000000002,-0.063882,-2.9999999999998778e-05,2.9000000000002982e-05,-0.00011300000000000199
19552,-0.013149,0.011552,-0.066466,4.2999999999999636e-05,-4.200000000000037e-05,5.8000000000002494e-05
19504,-0.008073,0.000537,-0.0716,7.799999999999994e-05,-1.6000000000000064e-05,3.200000000000425e-05
15125,0.009981,0.006715,-0.063759,2.8000000000000247e-05,0.00022200000000000084,-4.900000000000737e-05
9956,0.000326,0.003322,-0.071015,7.700000000000003e-05,8.100000000000034e-05,-0.0001270000000000021
20169,0.016409,-0.009613,-0.07485599999999999,-7.499999999999868e-05,-3.099999999999978e-05,-5.000000000000837e-05
9206,0.010343,0.010739,-0.07308400000000001,-0.00012799999999999964,-1.899999999999992e-05,-0.00014699999999998048
20196,0.000444,0.009694000000000001,-0.06963599999999999,-2.400000000000004e-05,0.00010199999999999793,-7.400000000000462e-05
19768,-0.0071070000000000005,-0.005138,-0.064066,0.0002310000000000003,4.49999999999999e-05,-4.099999999999937e-05
14453,-0.006296,-0.005268,-0.066416,3.699999999999971e-05,0.00017,-2.0999999999993246e-05
19157,-0.0022879999999999997,0.005784,-0.062217,8.999999999999894e-06,0.00022199999999999998,5.7000000000001494e-05
17821,0.0027240000000000003,0.011587,-0.064785,-3.600000000000001e-05,0.0002889999999999993,-4.900000000000737e-05
18868,-0.006299000000000001,0.0031739999999999997,-0.069328,0.00012900000000000064,9.600000000000017e-05,-3.999999999999837e-05
19754,0.0032530000000000002,0.007809,-0.07511799999999999,-3.2000000000000344e-05,8.900000000000054e-05,-7.00000000000145e-05
19875,-0.003826,0.006601,-0.060374000000000004,3.299999999999961e-05,0.00018400000000000014,6.400000000000156e-05
19159,0.010771000000000001,0.002543,-0.076607,-9.300000000000107e-05,0.0001399999999999995,-5.500000000001337e-05
19803,-0.0030299999999999997,-0.000986,-0.066089,9.39999999999999e-05,0.00039899999999999994,3.499999999999337e-05
20183,0.010287000000000001,-0.011398,-0.064688,0.00027799999999999873,0.00015000000000000083,0.00012999999999999123
20173,-0.009068,-0.001026,-0.06308,0.0001310000000000009,0.00014099999999999996,0.00018899999999999473
19153,-0.010277,0.011569000000000001,-0.063053,6.499999999999909e-05,0.00023199999999999957,-5.099999999999549e-05
20097,0.006657,0.004605000000000001,-0.076884,-7.099999999999902e-05,5.3000000000000096e-05,-0.00014300000000000423
19228,-0.0014570000000000002,-0.010204000000000001,-0.07484199999999999,-5.999999999999929e-06,3.500000000000031e-05,2.4999999999997247e-05
20118,-0.013346,0.001581,-0.076646,9.999999999999593e-06,0.0,-5.4999999999985616e-05
19585,0.016027,0.007213,-0.068838,4.100000000000284e-05,0.0001460000000000003,-0.0002329999999999971
20254,-0.007196,-0.001113,-0.077461,1.1000000000000593e-05,2.3000000000000017e-05,-0.0002299999999999941
20107,0.009353,-0.004714,-0.062021,5.400000000000023e-05,0.00018800000000000067,-0.0002639999999999934
20003,0.0057350000000000005,0.003496,-0.061975999999999996,1.599999999999952e-05,0.00033599999999999993,4.899999999999349e-05
19352,0.014962,-0.007768,-0.063448,0.00031000000000000125,0.00020000000000000052,5.2999999999997494e-05
18806,-0.0019270000000000001,-0.004955,-0.072117,8.600000000000014e-05,0.00011400000000000039,5.000000000000837e-05
17613,0.0066,-0.011425000000000001,-0.065806,0.0002920000000000006,0.0002260000000000005,0.00023900000000001698
18754,0.009235,0.001675,-0.073928,6.999999999999888e-05,0.00014499999999999995,-0.0002460000000000101
20247,0.01333,-0.011049,-0.063527,0.00013000000000000164,0.0003699999999999988,-8.299999999999974e-05
20365,0.010908,-0.006804999999999999,-0.066595,-5.10000000000007e-05,6.599999999999922e-05,5.4999999999999494e-05
18497,0.0016699999999999998,-0.005112,-0.07282899999999999,-5.999999999999929e-06,0.00021700000000000105,0.00011999999999998123
17924,0.004091999999999999,-0.01098,-0.07183400000000001,0.00016500000000000022,7.900000000000094e-05,0.0001900000000000096
20101,0.013175000000000001,-0.003801,-0.075261,-9.000000000000327e-06,2.2000000000000318e-05,-0.00015700000000001824
19709,0.006326,-0.010759000000000001,-0.068228,0.00031099999999999964,-2.099999999999845e-05,-3.400000000000625e-05
20117,0.013833,0.0038929999999999998,-0.075249,2.599999999999998e-05,0.00018000000000000047,-0.0004620000000000041
18468,0.000768,-0.007448000000000001,-0.064859,-2.3000000000000017e-05,0.00016800000000000061,-0.0001830000000000026
17065,0.014159000000000001,0.005026,-0.064304,7.799999999999821e-05,0.00016899999999999988,-0.00013499999999999623
15447,-0.006844,0.002726,-0.06915900000000001,0.0001299999999999999,0.0002149999999999999,-0.0002189999999999831
16866,0.0012230000000000001,-0.000906,-0.070343,4.0999999999999804e-05,0.000268,-4.500000000000337e-05
20210,-0.012327999999999999,0.001889,-0.071363,1.1999999999998123e-05,3.99999999999988e-06,-0.0001300000000000051
20223,-0.008765,0.000406,-0.076799,6.100000000000029e-05,2.099999999999997e-05,6.30000000000075e-05
20228,-0.004438,-0.007495,-0.06387,0.00019800000000000026,0.00024499999999999956,-0.0002400000000000041
16364,-0.005736,0.009805999999999999,-0.067091,-4.49999999999999e-05,0.00017300000000000128,-0.00013900000000000023
18478,-0.007477999999999999,0.008232,-0.067633,6.299999999999969e-05,0.00020300000000000006,-0.0001270000000000021
20252,-0.000326,0.005357,-0.075384,-0.00017500000000000003,6.300000000000056e-05,-0.0002849999999999936
19800,0.004378999999999999,0.010388999999999999,-0.060351,-9.799999999999913e-05,0.00018400000000000187,1.2999999999999123e-05
20041,0.004556,-0.010546,-0.072577,0.00010299999999999979,0.0001410000000000005,9.699999999999986e-05
20327,-0.012204000000000001,0.005422,-0.064128,1.2000000000001593e-05,7.699999999999981e-05,-8.700000000000374e-05
20346,0.007208999999999999,-0.007006,-0.07213800000000001,6.700000000000022e-05,9.900000000000013e-05,-0.00026999999999999247
20383,-0.0061849999999999995,0.004216,-0.075391,-1.899999999999992e-05,-2.5000000000000716e-05,2.8000000000000247e-05
19502,0.000695,0.009683,-0.060156,-2.999999999999997e-05,0.00022199999999999824,-0.0001250000000000001
18261,-0.008765,0.005779,-0.064623,2.199999999999945e-05,0.00020199999999999992,-5.7000000000001494e-05
19690,0.007457,-0.006422,-0.074547,-6.499999999999995e-05,4.099999999999937e-05,-0.00021099999999998897
9901,0.010115,0.007410999999999999,-0.073382,-0.00010600000000000019,3.500000000000031e-05,-0.0002849999999999936
9673,0.0019270000000000001,0.007395,-0.069506,-4.3000000000000286e-05,0.00020799999999999985,-1.4000000000000123e-05
20192,-0.012512,0.009182000000000001,-0.076029,-0.00015000000000000083,0.00014099999999999877,-9.499999999999786e-05
16216,-0.008881,0.004804,-0.06532299999999999,8.000000000001062e-06,0.00019399999999999973,9.699999999999986e-05
10783,0.007579,0.00383,-0.065493,0.00015600000000000076,0.0001979999999999994,6.499999999999562e-05
19416,0.002462,0.0036720000000000004,-0.065603,0.00010699999999999989,0.0003089999999999998,-6.20000000000065e-05
19828,-0.004779,-0.006235,-0.071077,0.00011699999999999992,0.0003370000000000005,-6.299999999999362e-05
10740,0.011719,0.0011020000000000001,-0.071287,4.39999999999989e-05,0.00015799999999999994,-0.00014300000000000423
19090,-0.006154,0.011112,-0.063521,-6.399999999999982e-05,0.00020400000000000106,-5.200000000001037e-05
20682,0.013474999999999999,-0.0055650000000000005,-0.07250100000000001,2.8000000000000247e-05,0.0001010000000000004,2.2000000000008124e-05
20257,0.0023439999999999997,0.008046,-0.07686499999999999,-2.9999999999999645e-05,4.000000000000531e-06,-0.00010900000000001187
19084,0.0028239999999999997,0.010608000000000001,-0.073894,-0.0001439999999999996,4.29999999999979e-05,-8.900000000000574e-05
19804,0.014641999999999999,0.002548,-0.063579,8.300000000000148e-05,0.0002570000000000003,-3.900000000001125e-05
15925,0.012079000000000001,0.001203,-0.064058,0.00023399999999999983,0.0002819999999999999,-0.00010400000000000686
20448,-0.006035,-0.009301,-0.075947,-5.099999999999983e-05,5.000000000000143e-05,3.0000000000002247e-05
19817,0.004516,0.004551,-0.07209399999999999,1.299999999999999e-05,7.599999999999968e-05,-0.00017100000000000448
18459,-0.002417,0.005514,-0.069633,-7.200000000000002e-05,0.00020500000000000032,-0.00015500000000000236
18669,0.009132,0.003534,-0.065372,0.00011400000000000125,9.699999999999986e-05,3.0000000000002247e-05
20110,-0.014757999999999999,-0.004564,-0.07691100000000001,3.199999999999731e-05,0.00020800000000000072,-0.00018599999999999173
20156,-0.009194,-0.012395,-0.063514,5.900000000000176e-05,1.9999999999985307e-06,-0.00016499999999999848
18852,-0.008808,-0.011455,-0.067465,0.00010899999999999972,0.00021700000000000018,-0.00013599999999999723
19865,-0.0013080000000000001,0.008615,-0.060147,-4.49999999999999e-05,0.0001810000000000006,-0.0001320000000000071
20408,0.009906,-0.011389,-0.066818,0.00018199999999999987,3.099999999999978e-05,6.60000000000105e-05
18510,-0.003454,0.003439,-0.071717,4.399999999999977e-05,0.00014199999999999977,-3.699999999999537e-05
19876,0.001342,0.010994,-0.062064,-6.400000000000004e-05,0.0002189999999999987,-8.299999999999974e-05
19428,0.015298,0.009869999999999999,-0.068898,2.199999999999945e-05,-0.00013599999999999897,-0.00011999999999999511
18463,-0.013465999999999999,-0.000505,-0.070963,8.3999999999999e-05,5.200000000000002e-05,-5.099999999999549e-05
20225,0.013201000000000001,0.012958,-0.064349,3.199999999999904e-05,0.00020399999999999932,-0.0001709999999999906
20438,-0.009778,-0.009635999999999999,-0.066087,0.00020700000000000059,0.00014299999999999903,-0.00013399999999999523
19675,-0.013667,0.011701000000000001,-0.068408,-3.999999999998796e-06,4.9999999999980616e-06,8.899999999999186e-05
19145,0.017454,0.008983000000000001,-0.069831,5.999999999999062e-06,3.199999999999904e-05,-0.00017999999999998573
20603,-0.003819,0.005225,-0.06554900000000001,0.00011499999999999965,0.0004080000000000004,3.100000000000325e-05
19188,-0.010601000000000001,-0.009203,-0.063285,0.0002260000000000005,5.10000000000007e-05,-0.00019399999999999973
20673,0.013009999999999999,-0.006112,-0.074084,-3.8999999999999105e-05,5.6000000000000494e-05,4.499999999998949e-05
19780,-0.003783,0.011723,-0.063526,-0.00013399999999999957,0.00024599999999999796,-7.799999999999474e-05
18565,0.010074,0.011708999999999999,-0.07025400000000001,-0.00011399999999999952,-5.400000000000023e-05,-0.00011199999999998711
19801,0.005465,0.011092000000000001,-0.073753,-0.00027500000000000007,2.9999999999998778e-05,-0.0002560000000000062
20395,-0.008997,0.00267,-0.060902,3.099999999999978e-05,0.0002509999999999999,9.999999999940612e-07
19383,0.012808,-0.006226,-0.060802999999999996,0.0002859999999999998,0.00029600000000000026,-0.0001490000000000033
18530,0.017632000000000002,-0.006696,-0.070978,-2.2999999999998716e-05,0.00021000000000000012,-1.1999999999998123e-05
19315,-0.0072770000000000005,0.007216,-0.068288,4.4000000000000636e-05,0.00015399999999999962,-0.00013499999999999623
18118,-0.006929,0.010679000000000001,-0.077736,-7.200000000000002e-05,9.39999999999986e-05,-0.00012899999999999023
20253,0.0033410000000000002,-0.0039689999999999994,-0.064396,5.699999999999976e-05,0.0002689999999999993,-0.00016400000000001136
20004,0.01452,-0.005076,-0.076094,-7.700000000000068e-05,0.00016400000000000008,-8.500000000000174e-05
20431,0.006275,0.002496,-0.074798,-1.0000000000001327e-06,-4.7999999999999866e-05,-0.00027900000000000147
19520,-0.0020369999999999997,-0.0027890000000000002,-0.063899,0.0002459999999999999,0.00021900000000000044,-2.2000000000008124e-05
18782,0.017415,0.007402,-0.071465,-1.2999999999999123e-05,2.0000000000002655e-06,-0.00027199999999999447
20440,0.013420999999999999,-0.0067220000000000005,-0.070562,-7.099999999999988e-05,0.00010200000000000053,7.699999999999374e-05
20459,-0.003235,-0.003227,-0.071218,7.900000000000008e-05,9.699999999999986e-05,0.0001290000000000041
18278,0.012234,-0.010594,-0.074734,-0.00021299999999999965,0.00020599999999999959,6.0000000000060005e-06
13848,-0.002064,-0.010185000000000001,-0.068145,0.00010099999999999996,0.0002420000000000009,-0.00011500000000000399
19966,-0.006471,0.007817000000000001,-0.067917,1.0000000000001327e-06,0.00011799999999999831,-6.999999999998674e-05
20602,0.005183,-0.007886,-0.052107999999999995,1.5000000000000256e-05,0.00016200000000000069,6.199999999999262e-05
20625,0.012351,-0.009223,-0.068833,3.4999999999998574e-05,0.00016100000000000142,4.400000000000237e-05
20632,0.005602,-0.002356,-0.073,-5.099999999999983e-05,0.00012100000000000001,-0.00010899999999999799
19933,-0.002736,0.005864,-0.07555100000000001,-9.999999999999983e-05,6.599999999999922e-05,-0.00014199999999998936
16143,0.002084,0.009864000000000001,-0.071257,-0.00011699999999999992,3.5999999999999574e-05,-0.00011600000000000499
19143,0.008269,0.007726,-0.063794,0.00011699999999999905,0.00022199999999999998,-6.999999999993123e-06
11803,-0.001988,0.010643000000000001,-0.06814400000000001,-9.900000000000013e-05,0.0001899999999999992,-7.099999999998774e-05
18773,-0.008044,-0.008374000000000001,-0.075141,0.00012799999999999964,0.0002380000000000021,-0.00014399999999999136
19948,0.010827,0.008695,-0.062384,4.200000000000037e-05,0.000255,-9.899999999999493e-05
19755,-0.0045579999999999996,0.011766,-0.07246599999999999,-0.00017200000000000115,0.0001799999999999996,-0.0001420000000000171
17115,-0.0012909999999999998,0.011547,-0.070135,-0.00022600000000000007,0.00010199999999999966,-9.899999999998799e-05
19413,-0.011430999999999998,0.010225,-0.066203,4.0999999999997636e-05,8.3999999999999e-05,-0.0001270000000000021
20506,0.001759,-0.011759,-0.061763,7.900000000000008e-05,0.00020899999999999912,-0.00016499999999999848
19799,-0.007971,-0.000767,-0.06545999999999999,0.0001370000000000017,0.00015099999999999998,0.00012699999999998823
19513,0.010336999999999999,-0.012595,-0.069988,0.00011599999999999978,-5.4999999999999494e-05,-4.099999999999937e-05
20088,-0.013933,0.008904,-0.070902,7.699999999999894e-05,6.999999999999888e-05,3.600000000000825e-05
20393,-0.006601,-0.011031000000000001,-0.07227700000000001,-3.5999999999999574e-05,0.000197000000000001,-0.0002319999999999961
20415,0.004118999999999999,-0.007176999999999999,-0.069772,0.00028500000000000053,0.000279999999999999,-6.0999999999991616e-05
20113,-0.014112,-0.010708,-0.071005,0.0002509999999999995,0.00017,1.8000000000004124e-05
20397,-0.0038239999999999997,-0.009048,-0.07695099999999999,8.999999999999894e-06,5.7000000000001494e-05,-8.000000000008e-06
19893,-0.008728,-0.0021920000000000004,-0.062034,8.700000000000027e-05,0.0002520000000000005,7.000000000000062e-05
20449,-0.011227000000000001,-0.006872,-0.064944,0.00012200000000000058,0.0001769999999999992,4.000000000004e-06
18122,-0.0023239999999999997,-0.006292,-0.06638,0.00022399999999999937,0.00021300000000000052,-5.7000000000001494e-05
16284,-0.014893,0.007078999999999999,-0.074817,-0.00012800000000000138,-3.8999999999999105e-05,6.999999999993123e-06
18179,-0.006017000000000001,0.007715,-0.074503,-2.199999999999945e-05,0.00013200000000000017,-9.300000000000974e-05
19112,0.013736,-0.002928,-0.066076,5.299999999999923e-05,0.00015400000000000006,2.1999999999994246e-05
19431,0.001221,-0.0031720000000000003,-0.063702,0.0001569999999999998,0.0002900000000000003,-0.00014900000000001024
19758,0.0058390000000000004,-0.011510999999999999,-0.074156,3.199999999999991e-05,3.4999999999998574e-05,-6.999999999993123e-06
19081,-0.001002,0.007449,-0.063346,5.5000000000000144e-05,0.00025100000000000035,-0.00014200000000000323
19835,-0.005934,-0.006528,-0.071103,4.900000000000043e-05,0.000294,-9.299999999999586e-05
17007,0.009059,-0.007584,-0.06579399999999999,0.00024400000000000116,0.00012399999999999998,0.00014899999999999636
20489,-0.006543,-0.004636,-0.060624000000000004,7.600000000000055e-05,0.00011000000000000072,-0.00010699999999999599
20283,-0.011192,-0.011759,-0.061537999999999995,9.099999999999907e-05,0.0002470000000000007,-1.5000000000001124e-05
20494,0.008699,0.011246,-0.064178,-8.5e-05,0.0002509999999999995,-5.8999999999989616e-05
19441,-0.000231,-0.009019000000000001,-0.06078,0.000167,0.00015900000000000115,-0.00015799999999999842
20485,-0.000714,0.008916,-0.064351,3.199999999999991e-05,0.00026799999999999914,3.0000000000030003e-06
19827,0.000486,0.001517,-0.061943,0.00011700000000000002,0.00023000000000000017,-5.4999999999999494e-05
18707,0.004901,0.001547,-0.066106,0.0003180000000000006,0.0003929999999999999,-0.00015100000000001224
20100,0.00292,-0.012235,-0.066538,0.00014599999999999986,3.200000000000078e-05,6.20000000000065e-05
16936,0.013222,0.010785,-0.070825,-0.00015399999999999962,1.2000000000001593e-05,-0.00023899999999998922
19445,0.013375,-0.003305,-0.065653,8.6000000000001e-05,0.0001540000000000005,5.7000000000001494e-05
20109,-0.013569000000000001,0.0017439999999999999,-0.06655,2.000000000000092e-05,0.0002620000000000001,0.00010699999999999599
20419,-0.002661,-0.006098,-0.062481999999999996,0.0001020000000000001,0.0003240000000000005,4.599999999999743e-05
19782,-0.0040869999999999995,-0.004487,-0.063119,9.19999999999992e-05,0.00027500000000000007,-7.900000000000962e-05
20486,0.014966,-0.006659,-0.065824,0.0001559999999999999,0.0002409999999999999,-0.0001860000000000056
19478,0.013314999999999999,0.007162,-0.064339,-3.699999999999884e-05,0.00019399999999999973,-4.000000000004e-06
15224,-0.001381,0.008189,-0.073024,-1.1999999999999858e-05,0.00016299999999999995,-0.00013499999999999623
20544,0.015577,-0.009693,-0.066204,0.00021699999999999844,0.00010600000000000019,-2.8000000000000247e-05
10415,0.0055839999999999996,0.011381,-0.070588,-0.00014099999999999963,0.00011999999999999858,-0.00014000000000000123
15102,0.006753,-0.005809,-0.06547199999999999,0.0002149999999999999,0.00016100000000000055,-0.00020700000000001273
20549,0.015745,-0.003404,-0.061975999999999996,0.0001570000000000009,0.00022900000000000004,-6.199999999999956e-05
19475,0.000243,-0.011794,-0.07068899999999999,0.00025899999999999995,0.00012700000000000038,-0.00033700000000000396
20385,-0.00041,-0.0017909999999999998,-0.06621099999999999,0.000215,0.0003399999999999998,2.999999999998837e-05
20085,-0.008751,-0.009238,-0.066908,0.00024799999999999996,0.00027099999999999867,-4.899999999999349e-05
20464,-0.008021,0.007261999999999999,-0.073752,-6.699999999999935e-05,6.700000000000022e-05,-5.9000000000003494e-05
9670,0.004863,0.009772,-0.071722,-0.00012600000000000024,8.6000000000001e-05,-0.00010500000000000786
13591,0.014579,0.002332,-0.069537,8.89999999999988e-05,0.0002040000000000002,-0.00014399999999999136
12283,0.011342000000000001,0.010887,-0.070012,-0.00017400000000000228,1.899999999999992e-05,-0.0001820000000000016
20437,-0.000301,0.005794,-0.06295,3.600000000000001e-05,0.0002020000000000008,-0.00014899999999999636
20136,-0.003311,0.00034100000000000005,-0.06736700000000001,8.299999999999974e-05,0.0002499999999999999,7.30000000000175e-05
18452,-0.013435,0.002028,-0.067341,3.300000000000178e-05,0.00033100000000000013,3.599999999999437e-05
20561,-0.007769,-0.0129,-0.065083,0.00018500000000000027,0.00022099999999999898,1.5000000000001124e-05
19582,0.000273,0.002164,-0.05958,0.00018199999999999998,0.0003839999999999998,-0.0001429999999999973
17168,-0.008221000000000001,0.008492000000000001,-0.07281900000000001,-0.00010699999999999772,8.499999999999827e-05,-0.0002939999999999887
19812,0.007679999999999999,0.007174000000000001,-0.065887,2.900000000000038e-05,0.0001719999999999994,-0.0001239999999999991
20270,0.014358000000000001,-0.009404,-0.064095,0.00033000000000000043,8.299999999999974e-05,-0.00014799999999999536
20587,-0.006709,0.011425000000000001,-0.076351,-0.00012700000000000038,0.00012599999999999938,-0.00013499999999999623
20610,0.019151,0.0069900000000000006,-0.07345,1.2999999999999123e-05,-2.7000000000000114e-05,-0.00026599999999998847
20134,-0.003664,-0.001099,-0.059552,7.699999999999981e-05,0.0002949999999999999,-0.0001749999999999946
18190,-0.007173,0.0024249999999999996,-0.062055,1.0999999999999725e-05,0.0001980000000000007,5.999999999999062e-06
19139,0.016033000000000002,-0.007901,-0.07212099999999999,4.999999999999796e-05,0.00013399999999999957,-4.000000000001225e-05
10005,0.015204,0.003722,-0.066871,5.3999999999998494e-05,9.099999999999994e-05,-2.9999999999891225e-06
18088,-0.003921,0.002529,-0.069065,0.00010900000000000016,0.00013100000000000004,3.9999999999901226e-06
18616,0.014652,-0.010426,-0.06684999999999999,0.00020799999999999985,6.399999999999982e-05,-3.600000000000825e-05
16480,-0.004668,7.7e-05,-0.067699,4.4000000000000636e-05,0.000299,0.00013299999999999423
17483,0.002428,0.009946,-0.070148,-9.099999999999994e-05,7.000000000000062e-06,1.5000000000001124e-05
20091,0.008497,-0.003518,-0.069255,0.00022800000000000077,0.0002049999999999999,-5.200000000001037e-05
20466,-0.008315,0.011456,-0.074443,2.5000000000000716e-05,0.00012900000000000238,1.9999999999881224e-06
20255,0.003267,0.00577,-0.060045,7.000000000000018e-05,0.0001940000000000006,3.099999999999631e-05
17417,-0.010409,-0.002029,-0.064815,-0.00012299999999999985,0.000281,0.00020099999999999285
19802,0.006671,0.007527,-0.060962,3.300000000000004e-05,0.0003340000000000001,5.9000000000003494e-05
20137,-0.008331,-0.0024820000000000003,-0.069536,0.00010099999999999866,0.00021000000000000055,0.00020100000000000673
17750,0.0013640000000000002,-0.009758,-0.076461,9.699999999999986e-05,-3.7000000000000574e-05,-4.300000000000137e-05
9683,0.008949,-0.003648,-0.071379,-4.200000000000037e-05,5.199999999999996e-05,-9.100000000000774e-05
19078,0.0006979999999999999,0.002317,-0.063903,0.00026000000000000003,0.00036999999999999967,-0.0001840000000000036
10017,-0.0021920000000000004,0.004386,-0.073548,2.300000000000045e-05,0.00015899999999999942,-0.00016700000000000048
16214,0.000612,0.0035169999999999997,-0.06650199999999999,0.00015800000000000005,0.0003780000000000003,-0.00010900000000001187
20082,-0.000627,0.010846999999999999,-0.062599,-3.300000000000004e-05,0.00024000000000000063,8.199999999999874e-05
19192,-0.013375999999999999,0.009175,-0.073099,-9.800000000000086e-05,7.099999999999988e-05,-9.000000000009e-06
20572,-0.014019,-0.012101,-0.076836,-1.600000000000039e-05,0.00015900000000000115,-2.3999999999996247e-05
20495,0.01442,0.000911,-0.059708,0.00014099999999999877,0.00018199999999999998,7.000000000000062e-05
18853,0.0013440000000000001,0.00966,-0.06336800000000001,3.1999999999999694e-05,0.00027199999999999967,-6.699999999999762e-05
18154,-0.0062380000000000005,-0.0045910000000000005,-0.064478,8.400000000000074e-05,0.00012200000000000058,0.00015500000000000236
18113,0.0037530000000000003,0.011876,-0.073176,-0.00019200000000000033,-2.300000000000045e-05,-0.00015199999999999936
20447,0.015807,-0.00701,-0.071299,2.2999999999998716e-05,9.19999999999992e-05,-3.899999999999737e-05
20451,0.012503,0.00409,-0.063373,4.5999999999999167e-05,0.00029799999999999965,-2.0999999999993246e-05
20667,-0.006860000000000001,-0.012096,-0.0734,4.30000000000005e-05,5.9000000000000025e-05,7.40000000000185e-05
17757,0.002627,0.00605,-0.065995,4.100000000000024e-05,0.0003130000000000008,5.0000000000050004e-06
19996,0.009606,-0.008951,-0.063272,0.00014400000000000003,0.0003120000000000015,2.5999999999998247e-05
20472,0.004246000000000001,0.003148,-0.066091,0.00015099999999999923,0.00019599999999999956,-9.299999999999586e-05
19422,-0.012916,0.011374,-0.065109,5.7999999999999025e-05,7.700000000000068e-05,-6.80000000000125e-05
20084,-0.007492,0.012037,-0.064726,8.5e-05,0.00032299999999999864,-0.00012999999999999123
20400,0.003697,-0.011868,-0.066759,0.00023999999999999933,8.599999999999927e-05,-0.00014000000000000123
12743,-0.001324,0.002133,-0.073882,7.600000000000011e-05,9.100000000000037e-05,-9.899999999998799e-05
19947,0.0035600000000000002,-0.006978,-0.064443,0.00014699999999999956,0.0002649999999999996,-0.00032600000000000684
20103,0.016434999999999998,0.007272,-0.065141,-0.00010500000000000093,0.00016899999999999988,3.700000000000925e-05
15458,-0.00098,-0.008894,-0.06638,0.00013299999999999998,0.00016700000000000048,-0.0001840000000000036
18087,-0.007524,-0.001694,-0.065672,5.3000000000000096e-05,0.00010999999999999985,0.0001679999999999876
16625,0.015118,-0.005817,-0.07294400000000001,-9.299999999999933e-05,0.00010999999999999985,-0.00014999999999998348
20406,-0.010320000000000001,0.0055650000000000005,-0.065307,2.300000000000045e-05,0.0001369999999999991,-4.299999999998749e-05
20539,0.007465,-0.005634,-0.062844,9.699999999999986e-05,0.00028200000000000013,-0.00015700000000000436
20496,0.014217,-0.00315,-0.07340300000000001,-4.200000000000037e-05,8.299999999999974e-05,-0.00011499999999999011
20658,0.011231999999999999,-0.0074459999999999995,-0.060843,0.0002770000000000012,0.0002429999999999993,-5.200000000000343e-05
16847,0.012505,0.011079,-0.069701,-0.00010000000000000113,5.9000000000000025e-05,-0.00021300000000000485
16798,-0.0035870000000000003,0.002357,-0.073193,8.80000000000004e-05,0.00019799999999999983,-2.0000000000006124e-05
16485,0.012103,-0.003787,-0.070945,1.3000000000000858e-05,2.8999999999999946e-05,-6.599999999999662e-05
19144,-0.005988,-0.005036,-0.06749,3.600000000000044e-05,0.00016599999999999948,4.899999999999349e-05
20424,-0.004116,-0.0045460000000000006,-0.065417,0.0001010000000000004,0.000255,0.00014400000000000523
20412,0.012361,-0.000795,-0.071822,-4.000000000000531e-06,0.000116,-0.00015400000000000136
16269,-0.003373,0.010404,-0.075726,-0.00015999999999999999,0.00017299999999999954,-0.0001749999999999946
19543,0.000326,-0.010853,-0.075244,8.599999999999998e-05,0.0001749999999999998,0.0001410000000000161
9680,0.008492000000000001,0.004916,-0.070154,-1.000000000001e-06,0.00017099999999999928,-0.000124000000000013
19083,-0.008241,0.002198,-0.07216,6.000000000000796e-06,-1.899999999999992e-05,3.999999999999837e-05
12745,0.008007,0.00535,-0.069524,9.999999999999593e-06,0.00011900000000000018,-0.00012099999999999611
19105,-0.014364,-0.005174000000000001,-0.06850400000000001,2.499999999999898e-05,0.0002500000000000002,4.000000000001225e-05
18908,-0.001951,-0.001024,-0.06539700000000001,0.00012600000000000003,0.00029599999999999993,-8.499999999998786e-05
16558,5.8e-05,0.001276,-0.071389,6.7e-05,0.00025,-0.00010400000000000686
20179,-0.002871,-0.0031829999999999996,-0.071854,7.399999999999985e-05,0.0001719999999999994,6.0000000000004494e-05
19528,0.006983,0.009362,-0.07583,-0.0002009999999999998,8.599999999999927e-05,5.999999999992123e-06
18764,0.009914,-0.003016,-0.065398,5.300000000000096e-05,5.1000000000000264e-05,-7.799999999999474e-05
19769,0.014031,0.011567000000000001,-0.073836,-0.0001810000000000006,5.899999999999829e-05,-0.00015400000000000136
20634,-0.00774,-0.0069759999999999996,-0.07744,8.400000000000074e-05,9.599999999999973e-05,3.0000000000002247e-05
9977,0.007301,-0.00047,-0.073542,2.1000000000000185e-05,3.9999999999999996e-05,-0.00021599999999999397
18777,0.006485,0.002646,-0.06363300000000001,-2.300000000000045e-05,0.00027700000000000034,-5.3999999999984616e-05
19816,0.011470000000000001,0.0044859999999999995,-0.064947,4.9999999999980616e-06,0.00026200000000000095,-5.7999999999988616e-05
9835,-0.008343,0.009394999999999999,-0.065782,-6.000000000000796e-06,0.0002210000000000007,-0.0001350000000000101
20401,-0.0069039999999999995,-0.0015300000000000001,-0.074467,9.900000000000013e-05,0.00014800000000000013,4.500000000000337e-05
19785,0.007222,-0.007046,-0.074342,-4.500000000000077e-05,7.900000000000094e-05,-1.9999999999992246e-05
20436,0.00366,-0.010589000000000001,-0.07013599999999999,0.00011899999999999975,2.400000000000145e-05,0.00011799999999999311
18825,-0.005822,0.0017430000000000002,-0.06888899999999999,0.00010899999999999972,7.899999999999986e-05,-3.300000000000525e-05
17744,-0.004804999999999999,0.0029519999999999998,-0.068256,0.00014299999999999903,0.00014300000000000033,3.599999999999437e-05
17746,-0.005841,0.002901,-0.073191,-1.400000000000099e-05,0.00011599999999999978,-5.999999999992123e-06
17760,0.017155999999999998,0.008881,-0.07331900000000001,-5.4999999999999494e-05,-8.5e-05,-0.0001619999999999816
20426,-0.0050030000000000005,0.003108,-0.06520000000000001,0.00018200000000000074,0.00020199999999999992,-3.199999999999037e-05
14208,0.002856,0.009487,-0.06483,6.300000000000012e-05,0.00033399999999999923,-7.800000000000862e-05
19444,0.007353,-0.004769,-0.071222,-3.899999999999997e-05,7.499999999999955e-05,-3.0000000000030003e-06
20404,-0.001504,-0.00636,-0.072603,-3.000000000000008e-05,0.00010000000000000026,-3.500000000000725e-05
19963,-0.0027040000000000002,0.012251,-0.07209099999999999,-0.00016199999999999982,2.1000000000000185e-05,2.799999999998637e-05
12475,0.014542999999999999,-0.004889,-0.07188,8.200000000000221e-05,0.00012600000000000024,-4.300000000000137e-05
20470,-0.004012,0.004632,-0.06925,-2.199999999999945e-05,0.00023999999999999976,-0.00011499999999999011
13485,-0.0032240000000000003,0.007083,-0.070125,-9.999999999999593e-06,0.0002450000000000004,-0.0001260000000000011
16503,-0.0061849999999999995,0.003967,-0.062166,2.9999999999999645e-05,0.0003179999999999997,-0.0001270000000000021
19873,0.0078060000000000004,-0.009417,-0.063373,5.6000000000000494e-05,4.49999999999999e-05,0.00022900000000000698
19845,0.015494999999999998,-0.011630000000000001,-0.068732,9.70000000000016e-05,0.00012200000000000231,2.2999999999995246e-05
17887,-0.002437,0.011953,-0.06754399999999999,-0.0002049999999999999,0.00019199999999999946,-5.2999999999997494e-05
11102,-0.0019039999999999999,0.008306,-0.073438,-0.00012199999999999971,6.600000000000009e-05,-9.900000000000186e-05
20115,-0.003258,-0.008989,-0.063936,0.00012100000000000001,0.0001749999999999998,-0.00013699999999998436
15599,-0.01328,-0.0017259999999999999,-0.072071,-2.0000000000002655e-06,0.000286,-7.200000000000262e-05
18013,-0.014221,0.0035139999999999998,-0.070522,4.099999999999937e-05,5.000000000000013e-05,-0.00011399999999998911
20446,0.009253,-0.000193,-0.0621,0.0002289999999999983,0.00031,-0.0002639999999999934
20129,-0.005109,-0.004312,-0.074562,5.5999999999999626e-05,9.799999999999913e-05,2.0000000000006124e-05
16471,0.003121,0.012007,-0.069179,-3.700000000000014e-05,0.00015500000000000062,-9.699999999998599e-05
20410,-0.004721,-0.000199,-0.07299800000000001,0.00010299999999999979,0.00020400000000000003,-9.999999999871223e-07
20402,-0.003891,-0.00951,-0.07449299999999999,8.99999999999998e-05,0.0001510000000000001,-9.900000000001574e-05
20286,-0.015886,0.005021,-0.071312,-5.999999999999062e-06,8.69999999999994e-05,-1.9000000000005124e-05
18542,0.000799,-0.004472,-0.062371,0.000178,0.00023300000000000057,-2.2999999999995246e-05
19991,-0.016064,0.0008629999999999999,-0.072812,0.000168999999999999,0.00019700000000000002,-7.999999999999674e-05
18576,-0.010831,0.002434,-0.074745,4.2999999999999636e-05,3.600000000000044e-05,-9.800000000000086e-05
20553,0.007509,-0.012531,-0.06286800000000001,0.0001810000000000006,0.0002710000000000004,0.0001270000000000021
15096,-0.008253,-0.004716000000000001,-0.065275,5.899999999999829e-05,0.0002790000000000006,3.500000000000725e-05
15462,0.0005639999999999999,-2.9e-05,-0.07021899999999999,7.900000000000008e-05,0.000316,-7.600000000000662e-05
19411,-0.008404,-0.005782,-0.07358100000000001,-1.5000000000001124e-05,0.00015899999999999942,9.000000000000674e-05
19421,-0.011994999999999999,0.005972000000000001,-0.07245900000000001,-5.7000000000001494e-05,6.199999999999869e-05,2.4000000000010124e-05
18089,-0.003323,-0.006065,-0.072625,0.00014199999999999977,0.00015300000000000036,1.6000000000002124e-05
20399,-0.006355,0.010865999999999999,-0.074465,-4.19999999999995e-05,0.00016200000000000069,-0.00014499999999999236
20648,0.015891,-0.011633,-0.071473,1.000000000001e-06,0.00016099999999999969,8.999999999995123e-06
20462,0.004102000000000001,-0.009295,-0.07111400000000001,0.0001399999999999995,2.9999999999998778e-05,-4.599999999999049e-05
18763,-0.003021,-0.011567000000000001,-0.06916,6.999999999999975e-05,0.00023600000000000183,-0.00020400000000000973
19492,0.007586000000000001,0.003157,-0.061994999999999995,2.7000000000000114e-05,0.00033,0.00010399999999999299
20334,0.015977,0.00067,-0.065633,0.00010699999999999946,0.00021,-5.999999999992123e-06
18955,0.01759,0.002,-0.06976900000000001,9.999999999999593e-06,0.00016299999999999995,-0.00014000000000000123
20068,-0.00151,0.0021190000000000002,-0.072432,0.00013100000000000004,0.00018599999999999997,-8.100000000001162e-05
15333,0.016102,-0.006711,-0.073825,-0.0001260000000000011,2.0000000000002655e-06,-7.000000000000062e-05
19246,0.012734,-0.004456000000000001,-0.064277,3.399999999999931e-05,0.00026700000000000074,9.499999999999786e-05
10367,0.013168,-0.003192,-0.070119,5.699999999999976e-05,0.0001380000000000001,-9.399999999999686e-05
19435,0.001739,0.004753,-0.063566,9.099999999999994e-05,0.0002829999999999994,-0.00013900000000000023
17771,0.007958,0.00191,-0.061757,0.00016700000000000048,0.000214,-8.79999999999978e-05
17125,-0.0043760000000000005,0.004426,-0.072354,6.200000000000042e-05,0.00016199999999999982,-0.00011300000000000199
13192,-0.00533,0.005418999999999999,-0.071092,6.599999999999922e-05,0.00010700000000000032,-9.400000000001074e-05
10752,0.008341,0.000388,-0.068106,0.00027300000000000067,0.00026000000000000003,-0.00015799999999999148
18747,0.0026880000000000003,0.0044800000000000005,-0.067208,0.00015399999999999962,0.0002950000000000001,-8.599999999998886e-05
10756,-0.011979,0.004216,-0.06957899999999999,9.49999999999996e-05,-4.0000000000000105e-05,-9.000000000009e-06
16151,-0.005984,0.009034,-0.073848,-6.900000000000048e-05,0.0001339999999999987,-0.00010299999999999199
18767,-0.010429,0.001967,-0.06981100000000001,7.500000000000215e-05,4.699999999999973e-05,5.200000000001037e-05
19156,0.00694,-0.01022,-0.06409999999999999,1.1999999999999858e-05,6.600000000000009e-05,6.799999999999862e-05
15920,0.006934999999999999,0.012202,-0.07187600000000001,-7.499999999999868e-05,3.5999999999999574e-05,-0.0002319999999999961
14192,0.011670999999999999,0.009274,-0.07402299999999999,-0.00012099999999999785,4.4000000000000636e-05,-0.00022700000000000498
17763,0.00715,0.004452,-0.063355,-4.2999999999999636e-05,0.00011899999999999931,3.299999999999137e-05
20479,0.0029249999999999996,0.004734,-0.064357,0.00011300000000000025,0.00039599999999999965,-0.0001850000000000046
19756,0.01,-0.006490999999999999,-0.072539,-3.200000000000078e-05,7.599999999999968e-05,-8.199999999998486e-05
10018,0.01168,-0.004332,-0.067298,9.200000000000007e-05,8.69999999999994e-05,-6.50000000000095e-05
20414,-0.004767,0.0061470000000000006,-0.066247,6.000000000000016e-05,0.00015999999999999955,-5.3999999999998494e-05
20403,0.008223000000000001,-0.010837,-0.073707,-3.0000000000012655e-06,5.4999999999999494e-05,-6.50000000000095e-05
16337,0.01595,-0.012159000000000001,-0.067801,0.00013200000000000017,7.800000000000168e-05,-4.800000000000637e-05
18280,-0.006307,0.008218,-0.067881,2.1000000000000185e-05,0.00012299999999999985,-2.6999999999999247e-05
19783,0.007512,0.012054,-0.06578700000000001,-2.8999999999999512e-05,9.39999999999986e-05,-3.9999999999901226e-06
20430,-0.005490999999999999,-0.007918,-0.065526,0.0001239999999999991,0.00018199999999999987,-0.00013900000000000023
18750,0.0026739999999999997,0.006526,-0.06541,6.499999999999995e-05,0.00036500000000000074,-0.00010300000000000586
19757,0.011369,0.00933,-0.065683,9.999999999999593e-06,0.00018699999999999967,-6.199999999999262e-05
19566,0.006248999999999999,-0.005708,-0.062513,2.3000000000001318e-05,0.00030100000000000005,-0.00027800000000000047
20461,-0.001754,-0.00139,-0.065712,0.00014399999999999981,0.00029199999999999994,-5.4999999999985616e-05
20087,-0.002581,-0.0068319999999999995,-0.069675,3.899999999999997e-05,0.00028800000000000006,0.00011200000000000099
17576,0.005645,-0.003379,-0.06274199999999999,0.00011200000000000012,0.0002360000000000001,-0.0002620000000000122
15839,0.015624,-0.010125,-0.06894,-9.000000000000327e-06,0.00013000000000000164,-6.899999999999962e-05
11107,0.015603,-0.0025960000000000002,-0.070654,7.299999999999841e-05,0.00013699999999999997,-1.5000000000001124e-05
19258,0.013029,-0.006118,-0.065967,9.599999999999886e-05,9.800000000000086e-05,6.0999999999991616e-05
8985,0.006472,0.010126,-0.072506,-8.000000000000021e-05,6.0000000000001025e-05,-0.0001820000000000016
19747,0.009848,0.008894,-0.073159,-0.00016000000000000042,-7.000000000000062e-06,-0.0002979999999999927
18557,-0.013604,0.005322,-0.066161,5.699999999999976e-05,0.00010599999999999932,-1.6000000000016e-05
19424,0.0014370000000000001,-0.002496,-0.069882,4.49999999999999e-05,0.00032799999999999973,-0.0001300000000000051
17810,0.00031800000000000003,0.008539,-0.072389,-0.00013400000000000003,0.00010899999999999972,-0.00017200000000000548
11420,-0.009439999999999999,0.0052770000000000004,-0.066986,1.899999999999992e-05,0.0001879999999999998,-4.099999999999937e-05
15610,0.017047,0.009626,-0.06983199999999999,-2.2000000000001185e-05,0.00011400000000000125,-0.00015100000000001224
19459,0.004357000000000001,-0.00566,-0.068255,0.0003199999999999991,0.00029900000000000065,-0.00014300000000000423
16862,-0.007858,-0.001814,-0.064594,9.500000000000047e-05,0.00011699999999999992,0.0001830000000000026
17752,0.001694,-0.002209,-0.06633199999999999,8.299999999999996e-05,0.0003170000000000002,-0.00021700000000002273
20540,0.015919,-0.007669,-0.068744,-6.199999999999956e-05,0.00012299999999999898,-1.9999999999992246e-05
20163,-0.0007790000000000001,-0.010058,-0.075512,0.00010000000000000005,0.00014199999999999803,-6.30000000000075e-05
16532,0.016384,0.0060750000000000005,-0.065336,-2.6999999999999247e-05,0.0002269999999999989,-1.6999999999989246e-05
20515,-0.0069039999999999995,-0.012878,-0.066293,0.00016399999999999922,0.00022400000000000024,-0.00021799999999999597
19515,-0.014156,0.0012720000000000001,-0.066929,-4.000000000000531e-06,0.00030699999999999976,0.00020599999999999785
18756,0.0054589999999999994,-0.000398,-0.068331,0.00017599999999999994,0.000246,-0.0001789999999999986
20398,-0.009385999999999999,-0.0020350000000000004,-0.065104,5.2999999999997494e-05,0.00021100000000000025,0.00016700000000000048
15187,-0.004151,0.007983,-0.072311,-0.00011200000000000012,9.699999999999986e-05,-0.00016300000000001036
20554,-0.010146,0.011989000000000001,-0.065416,9.000000000000154e-05,0.00012699999999999864,1.000000000001e-06
11523,-0.007376000000000001,-0.005227000000000001,-0.066183,2.1000000000000185e-05,0.0002980000000000005,5.099999999999549e-05
17118,-0.009957,0.008835,-0.06618500000000001,9.60000000000006e-05,0.00010899999999999972,-0.00017999999999998573
16705,0.012841,-0.008180999999999999,-0.06870399999999999,3.0000000000000512e-05,0.0001739999999999988,-5.000000000018878e-06
20080,0.006488000000000001,0.011404,-0.06639300000000001,-6.800000000000035e-05,0.00017400000000000054,-6.999999999998674e-05
12971,-0.0037400000000000003,0.010735,-0.06666899999999999,-8.399999999999944e-05,0.0002459999999999997,-2.6999999999999247e-05
20167,0.017509,0.003507,-0.067915,4.9999999999980616e-06,4.699999999999973e-05,-0.00010799999999999699
20302,0.014436,0.009977,-0.06553700000000001,-5.699999999999976e-05,7.000000000000062e-05,-8.499999999998786e-05
15439,0.0022480000000000004,0.002543,-0.071824,4.2999999999999636e-05,8.99999999999998e-05,-0.00020499999999999685
19106,0.010647,0.008086,-0.067886,1.600000000000039e-05,0.00015500000000000062,-0.00010899999999999799
19490,-0.008862,0.008076999999999999,-0.06364800000000001,-0.00011599999999999978,0.00012100000000000131,-0.00020899999999998697
20086,0.008551,-0.003403,-0.075754,7.600000000000141e-05,8.90000000000001e-05,-2.4000000000010124e-05
12062,0.00029,0.0012980000000000001,-0.07331900000000001,0.00010100000000000002,9.599999999999973e-05,-0.0001759999999999956
19790,0.013139,-0.007157,-0.066422,8.900000000000054e-05,0.00012399999999999998,-1.7000000000003124e-05
20170,-0.015012000000000001,-0.006725,-0.067714,6.399999999999982e-05,0.0001810000000000006,6.699999999999762e-05
18826,-0.0043230000000000005,0.0088,-0.071007,-6.899999999999962e-05,0.00019899999999999952,-9.699999999999986e-05
18101,-0.006439,0.009710000000000002,-0.065316,8.399999999999987e-05,0.00033199999999999896,5.2999999999997494e-05
18834,0.003385,-0.009167,-0.07501999999999999,1.1999999999999858e-05,0.00013200000000000017,8.899999999999186e-05
20677,-0.010699,0.00808,-0.06609999999999999,0.00011300000000000025,0.00010600000000000019,-0.00026500000000000135
18270,0.012304,0.010255,-0.071563,-0.0001349999999999997,1.600000000000039e-05,-0.00016900000000000248
18906,0.0101,-0.012372999999999999,-0.064541,0.00028300000000000027,0.00010799999999999872,7.200000000000262e-05
19093,-0.005296,-0.0006720000000000001,-0.06479900000000001,9.400000000000033e-05,0.0003100000000000001,0.0002670000000000172
9660,0.005647,0.00349,-0.07004,3.5999999999999574e-05,9.099999999999994e-05,-0.00012199999999999711
17947,-0.0015660000000000001,0.006458,-0.06864400000000001,7.0000000000002786e-06,0.00024200000000000003,-0.00015999999999999348
18110,-0.013157,-0.003955,-0.070214,3.300000000000004e-05,2.7000000000000114e-05,-2.1000000000007124e-05
15877,-0.011788999999999999,-0.008147,-0.069148,1.1999999999999858e-05,0.00023899999999999963,9.299999999999586e-05
18866,0.012272,-0.009946,-0.066069,0.0002249999999999995,9.099999999999907e-05,-0.0002349999999999991
20298,0.014419000000000001,-0.001544,-0.066678,-3.300000000000178e-05,0.00016800000000000018,-0.00013499999999999623
18753,0.010927,-0.00359,-0.070654,-4.49999999999999e-05,3.099999999999978e-05,-5.6000000000000494e-05
18433,0.001539,0.007136,-0.07103100000000001,-3.300000000000004e-05,0.00010899999999999972,-0.00019299999999999873
10413,0.004678,0.008788,-0.071205,-5.400000000000023e-05,9.39999999999986e-05,-4.300000000000137e-05
19468,-0.001315,0.005612,-0.066376,0.00011500000000000008,0.0002660000000000006,-0.00021100000000000285
19820,-0.006275,-0.006814,-0.06799,-3.4000000000000176e-05,0.00010500000000000006,-0.00016099999999999448
9183,0.009407,0.006396,-0.068024,-1.9999999999999185e-05,0.00014500000000000016,-0.00014000000000000123
16490,-0.010115,0.009719,-0.06535099999999999,0.00012700000000000038,0.00020799999999999985,-8.400000000001462e-05
16815,0.008402,0.005729,-0.063086,1.0000000000001327e-05,0.00016000000000000042,3.400000000000625e-05
19761,-0.003906,0.007921000000000001,-0.063467,4.40000000000002e-05,0.00027199999999999794,-9.100000000000774e-05
20112,-0.013921,-0.000842,-0.069104,0.00011399999999999952,0.0003169999999999999,8.999999999995123e-06
18515,0.015543,0.003994,-0.070399,4.900000000000043e-05,0.0001749999999999998,-0.0001749999999999946
19417,0.005458,-0.002113,-0.07155299999999999,4.999999999999796e-06,0.0002229999999999999,-5.500000000001337e-05
20520,-0.005824,-0.009908,-0.066265,0.00022699999999999977,0.0002939999999999991,-0.00021399999999999197
13081,0.008112999999999999,0.00891,-0.073044,-9.900000000000013e-05,7.600000000000141e-05,-0.00021999999999999797
19960,-0.007293999999999999,0.008663,-0.066346,-2.3000000000001318e-05,0.00019699999999999926,-4.800000000000637e-05
18897,-0.005223,0.010276,-0.065774,-7.999999999999327e-06,0.0002699999999999994,-7.800000000000862e-05
16548,0.004868,-0.009904,-0.06626699999999999,4.100000000000024e-05,0.00012599999999999938,-5.2999999999997494e-05
20188,-0.0155,-0.005483,-0.070983,5.9000000000000025e-05,9.699999999999986e-05,-0.00016399999999999748
19438,-0.002178,0.011349999999999999,-0.073355,-7.500000000000041e-05,7.000000000000062e-06,-9.899999999998799e-05
19946,-0.013777,0.0011619999999999998,-0.067051,1.0999999999998858e-05,0.00029600000000000004,4.300000000000137e-05
19436,0.013348,0.010142,-0.06609999999999999,1.9999999999985307e-06,0.00019300000000000046,-0.0001820000000000016
10129,0.014757999999999999,-0.0057469999999999995,-0.072479,-1.799999999999892e-05,0.00010299999999999979,-0.00014499999999999236
20264,-0.005857,-0.012352,-0.072268,3.500000000000031e-05,0.00032300000000000037,1.6999999999989246e-05
19851,0.003303,-0.007927,-0.071919,0.00017599999999999994,0.00011700000000000078,-9.100000000000774e-05
9995,-0.000941,0.0010760000000000001,-0.07226099999999999,9.000000000000002e-05,0.0001929999999999998,-9.400000000001074e-05
10462,0.012616,-8.599999999999999e-05,-0.07102599999999999,3.8999999999999105e-05,0.00011399999999999999,-0.00011600000000000499
17413,-0.012237,0.002457,-0.071273,0.00010399999999999993,7.000000000000018e-05,1.2999999999999123e-05
20104,0.011701000000000001,0.00272,-0.066423,0.00010499999999999746,0.00022600000000000007,-5.400000000001237e-05
19099,0.015432,-0.009630000000000001,-0.07170900000000001,-2.700000000000098e-05,0.0001770000000000018,-2.6999999999999247e-05
19746,-0.00261,-0.000708,-0.073899,7.099999999999988e-05,0.00015899999999999996,-8.299999999999974e-05
18078,-0.008739,-0.008308,-0.06868300000000001,4.999999999999796e-06,0.0001399999999999995,1.8000000000004124e-05
20484,-0.001624,0.007905,-0.064668,-1.899999999999992e-05,0.0003020000000000002,-0.0001759999999999956
19094,-0.011222,0.005690000000000001,-0.062956,-2.0000000000002655e-06,0.0002779999999999996,-3.200000000000425e-05
19172,0.010744,0.00513,-0.063577,-2.6999999999999247e-05,0.00030400000000000045,-7.400000000000462e-05
11773,0.008154,0.010894000000000001,-0.06943600000000001,-0.00014300000000000077,5.400000000000023e-05,-0.0001619999999999816
19480,-0.015632999999999998,-0.009974,-0.07157899999999999,-2.5000000000000716e-05,9.99999999999994e-05,-8.200000000001262e-05
10082,0.009278999999999999,0.011577,-0.06937600000000001,-6.499999999999909e-05,-8.700000000000027e-05,-0.00012299999999998423
17666,0.014016,-0.008176000000000001,-0.068232,-5.300000000000096e-05,8.6000000000001e-05,-7.000000000007001e-06
16587,0.014799,-0.0054020000000000006,-0.066425,8.299999999999974e-05,0.0002020000000000008,-2.8000000000000247e-05
19843,-0.00344,0.00667,-0.06729600000000001,2.9999999999999645e-05,9.30000000000002e-05,-0.00013299999999999423
14446,-0.011295,0.000745,-0.06868300000000001,9.200000000000007e-05,0.00013299999999999998,1.6000000000002124e-05
18856,-0.01456,0.005763,-0.074021,-7.000000000000062e-05,6.299999999999969e-05,-2.0999999999993246e-05
18491,-0.006416000000000001,0.009250999999999999,-0.069596,-4.69999999999993e-05,0.00018300000000000087,-0.00012699999999998823
19080,-0.010045,0.001974,-0.072417,6.600000000000009e-05,5.5999999999999626e-05,-6.0000000000004494e-05
16494,-0.006281,-0.001699,-0.064808,9.500000000000047e-05,0.00019999999999999987,0.00011800000000000699
9724,0.0056749999999999995,0.0056159999999999995,-0.06894199999999999,4.30000000000005e-05,0.00011699999999999992,-8.100000000001162e-05
13766,-0.011789999999999998,-0.005925,-0.06666200000000001,8.199999999999874e-05,0.00019899999999999952,0.00015800000000000536
16325,-0.004684,-0.008831,-0.066816,0.00012199999999999971,0.0001559999999999999,-0.0001270000000000021
16492,-0.005634999999999999,-0.000539,-0.067261,1.9999999999999185e-05,0.00019599999999999994,0.0002370000000000011
18178,0.005462,0.008567,-0.07119,-9.60000000000006e-05,6.0000000000001025e-05,-7.499999999999174e-05
20647,-0.010125,0.00793,-0.06368399999999999,-0.00012199999999999885,0.00017200000000000028,-0.00016300000000001036
15632,0.008381,0.009784000000000001,-0.07034399999999999,-0.00021099999999999938,-2.0000000000002655e-06,-0.00015300000000001424
18094,-0.003637,-0.003686,-0.070429,8.700000000000027e-05,0.00019000000000000006,0.00014300000000000423
16470,0.003431,0.005102000000000001,-0.071172,-2.8999999999999946e-05,0.00013899999999999937,-0.00017000000000000348
20411,0.010392,0.008026,-0.070411,-6.199999999999956e-05,3.500000000000031e-05,-0.0002390000000000031
18218,-0.0063739999999999995,0.00876,-0.064716,-6.700000000000022e-05,0.0002249999999999995,-0.00021300000000000485
17276,0.017155999999999998,0.01145,-0.069414,-0.00011999999999999511,-3.900000000000084e-05,-0.00020999999999998797
9675,0.008653000000000001,0.006556,-0.070463,-3.5999999999999574e-05,0.000196,-0.00010300000000000586
19748,-0.006494,0.007795,-0.062858,5.3000000000000096e-05,0.00041799999999999997,-0.00013799999999999923
20197,0.007667,-0.009748,-0.06906399999999999,0.00031899999999999984,-1.1999999999999858e-05,-0.00016200000000000936
14131,0.014695999999999999,-0.000755,-0.070052,8.99999999999998e-05,0.0001830000000000001,-0.0001250000000000001
19161,-0.012484,-0.006175,-0.07544799999999999,-7.599999999999968e-05,-8.5e-05,-1.0000000000148779e-06
10746,0.00845,0.011583999999999999,-0.071019,-1.9999999999999185e-05,1.600000000000039e-05,-0.0001370000000000121
17431,-0.010542,0.003292,-0.06983199999999999,0.00018800000000000067,5.00000000000023e-06,-5.8000000000002494e-05
18454,-0.012712,-0.001245,-0.069397,0.00010199999999999966,6.999999999999997e-05,8.500000000000174e-05
18850,-0.008044,-0.0016619999999999998,-0.067829,6.0000000000001025e-05,7.299999999999993e-05,0.00016900000000000248
9764,0.012571,-0.000546,-0.0697,0.00011599999999999805,0.00011900000000000007,-0.0001260000000000011
18819,-0.000678,0.005606,-0.070741,-1.699999999999998e-05,0.00018899999999999993,-8.199999999999874e-05
12914,0.013441000000000002,0.00035099999999999997,-0.070701,5.6999999999998024e-05,0.00016300000000000006,-0.00011999999999999511
19554,0.004899,-0.012931,-0.068003,0.00018500000000000027,6.899999999999962e-05,0.00015300000000000036
12819,-0.00723,0.005548,-0.070491,6.800000000000035e-05,3.4000000000000176e-05,-0.00010100000000000386
16960,-0.010343999999999999,-0.002421,-0.068399,0.00012099999999999785,0.00021400000000000021,6.0000000000004494e-05
9857,0.005032,0.007499,-0.071233,-0.00010799999999999959,8.80000000000004e-05,-3.399999999999237e-05
19924,0.00775,-0.007068,-0.07003400000000001,8.99999999999998e-05,6.399999999999982e-05,-8.999999999997899e-05
9845,0.015016999999999999,-0.004432,-0.071627,6.399999999999982e-05,0.00010500000000000006,-8.099999999999774e-05
20092,0.0026810000000000002,-0.006131,-0.071907,4.19999999999995e-05,0.00027700000000000034,-0.00010999999999999899
18789,0.009623,-0.0005470000000000001,-0.06459699999999999,0.00011099999999999999,0.00017200000000000006,-0.00010400000000000686
17183,-0.002593,-0.002921,-0.06871,0.00011499999999999965,0.00013500000000000014,0.00012099999999999611
19195,-0.003179,-0.005364,-0.07338800000000001,-1.0000000000001327e-06,9.8e-05,3.0000000000030003e-06
13741,0.005974,-0.001501,-0.067845,0.00017,0.00028699999999999993,-0.0001779999999999976
20098,0.009464,-0.0018720000000000002,-0.064814,7.399999999999941e-05,0.00011200000000000012,-9.400000000001074e-05
19530,-0.014411,-0.00684,-0.06989,6.399999999999982e-05,0.0001719999999999994,3.399999999999237e-05
17116,0.005403,-0.0037440000000000004,-0.066008,0.00017200000000000028,0.00019600000000000043,-0.00021900000000001085
19425,-0.008471,-0.00562,-0.06872199999999999,0.00012599999999999938,0.0002649999999999996,-1.000000000001e-06
18437,-0.012935,0.007883,-0.069121,8.299999999999974e-05,-3.099999999999978e-05,2.8000000000000247e-05
16500,0.017293,0.000912,-0.069536,9.400000000000033e-05,0.000165,-0.0001260000000000011
19334,0.007131,-0.0007700000000000001,-0.064094,0.00012599999999999938,0.00025100000000000003,-0.0002570000000000072
19852,-0.006541,-0.00299,-0.06473699999999999,8.499999999999914e-05,0.00017500000000000024,0.00010499999999998011
19079,-0.004802,-0.004355,-0.06983299999999999,0.00011099999999999999,0.00021200000000000038,7.299999999998974e-05
17753,0.013000999999999999,0.0026669999999999997,-0.071257,5.800000000000076e-05,0.00017600000000000037,-0.00016000000000000736
12758,0.006429000000000001,-0.002812,-0.067655,8.199999999999961e-05,0.00016799999999999975,-0.00013299999999999423
15103,0.0036880000000000003,-0.0015409999999999998,-0.067625,0.00014299999999999946,0.0003399999999999998,-0.0001830000000000026
20149,-0.0062439999999999996,0.002872,-0.067934,-6.000000000000796e-06,0.0002350000000000004,-3.400000000000625e-05
16248,0.007723,0.0068390000000000005,-0.073109,-0.00010099999999999953,3.4000000000000176e-05,-7.500000000000562e-05
18076,-0.010117000000000001,0.0058330000000000005,-0.06914000000000001,7.800000000000168e-05,7.499999999999955e-05,-0.00021799999999999597
18073,-0.0037440000000000004,-0.00221,-0.067747,4.100000000000067e-05,0.00017700000000000007,0.00014799999999999536
13640,0.015007999999999999,0.008738,-0.07062600000000001,-2.599999999999998e-05,6.200000000000129e-05,-0.00019299999999999873
19423,-0.006869,0.004647,-0.063541,6.299999999999969e-05,0.00024200000000000003,2.4999999999997247e-05
19509,0.006269,-0.010282,-0.064205,4.2999999999999636e-05,0.0001799999999999996,1.000000000001e-06
18177,0.010435999999999999,-0.0033,-0.070804,-8.79999999999978e-05,-7.99999999999976e-06,-9.199999999999486e-05
19432,-0.007535999999999999,-0.007817000000000001,-0.066788,0.0001250000000000001,0.00028800000000000093,4.599999999999049e-05
19825,-0.002117,-0.001508,-0.06958299999999999,2.400000000000015e-05,0.000178,3.599999999999437e-05
17846,-0.008233,-0.007498,-0.06744,7.000000000000062e-05,0.00022099999999999984,6.399999999999462e-05
19419,-0.00917,-0.004647,-0.06915099999999999,0.0001250000000000001,0.0003600000000000001,0.0001820000000000016
19259,0.002556,-0.001403,-0.067391,0.00010999999999999985,0.00026099999999999995,-0.00013299999999999423
19911,0.006477,-0.012853999999999999,-0.06697199999999999,0.00020699999999999972,0.000253999999999999,0.00012699999999998823
14468,-0.010092,-0.003518,-0.06793300000000001,0.00010899999999999972,0.00012799999999999964,0.00017400000000000748
16935,0.0031,-0.0077480000000000005,-0.066969,9.70000000000003e-05,0.00027200000000000054,-0.0002940000000000026
11113,0.0022229999999999997,-0.0027080000000000003,-0.070877,-5.0999999999999397e-05,0.00029100000000000046,2.1000000000007124e-05
15813,0.007838,0.005876999999999999,-0.06774899999999999,8.700000000000027e-05,7.500000000000041e-05,-3.800000000001025e-05
16469,0.001643,0.004841,-0.06896200000000001,0.00012100000000000001,0.0002520000000000005,-0.00017399999999997973
17466,-0.012856999999999999,0.001686,-0.06692400000000001,6.0999999999998555e-05,0.000255,6.30000000000075e-05
17124,0.010387,0.010506999999999999,-0.067165,-9.299999999999933e-05,-7.499999999999868e-05,-3.799999999999637e-05
10157,0.0024609999999999996,-0.007418,-0.073003,0.00010500000000000006,0.00020399999999999932,-6.499999999999562e-05
17489,0.0062640000000000005,-0.008662000000000001,-0.06554,0.00019099999999999933,0.0001820000000000016,-0.0001260000000000011
9772,0.013065,-0.001971,-0.069885,6.999999999999888e-05,0.0001240000000000002,-6.499999999999562e-05
17123,0.011843999999999999,0.003266,-0.06683499999999999,2.599999999999998e-05,0.00027800000000000004,-8.500000000001562e-05
15121,0.002568,-0.00232,-0.066026,0.00016500000000000022,0.00025299999999999975,-9.399999999999686e-05
20570,0.004861,-0.012976000000000001,-0.070878,0.00023600000000000097,4.70000000000019e-05,5.8999999999989616e-05
16139,-0.00375,0.001564,-0.07079,0.00011599999999999978,0.00012699999999999994,3.300000000000525e-05
17102,-0.0032069999999999998,-0.006939,-0.07256,0.00010699999999999989,0.00014500000000000016,0.00011800000000000699
15880,-0.008256,-0.009516,-0.068851,6.899999999999962e-05,0.0001860000000000004,-0.00010200000000000486
