Particle,x,y,z,Vx,Vy,Vz
10750,-0.01031,-0.008669,-0.068698,0.0,0.0,0.0
13090,-0.004456000000000001,0.000161,-0.072787,0.0,0.0,0.0
13767,0.009061999999999999,0.006157,-0.07165099999999999,0.0,0.0,0.0
15132,-0.0071600000000000006,-0.0029300000000000003,-0.073535,0.0,0.0,0.0
14823,-0.006193,0.001512,-0.072893,0.0,0.0,0.0
14110,0.006699,-0.008875,-0.063741,0.0,0.0,0.0
8928,0.0041719999999999995,0.001719,-0.074567,0.0,0.0,0.0
15279,-0.013912,-0.011932,-0.07176,0.0,0.0,0.0
15113,0.000153,0.010631,-0.063855,0.0,0.0,0.0
14459,-0.00735,-0.001444,-0.07275100000000001,0.0,0.0,0.0
14458,0.000384,0.0073739999999999995,-0.061581000000000004,0.0,0.0,0.0
13094,0.007718,-0.007243,-0.06559999999999999,0.0,0.0,0.0
12127,-0.01024,0.010018,-0.062272,0.0,0.0,0.0
12578,-0.014047,-0.0042450000000000005,-0.069907,0.0,0.0,0.0
15139,-0.012076,0.000704,-0.07301099999999999,0.0,0.0,0.0
12100,-0.010396,-0.002712,-0.073777,0.0,0.0,0.0
10391,0.008887,-0.00237,-0.069069,0.0,0.0,0.0
11446,-0.011429,-0.002105,-0.073027,0.0,0.0,0.0
14469,0.000805,0.007199,-0.07682800000000001,0.0,0.0,0.0
9751,0.005059,0.000656,-0.073066,0.0,0.0,0.0
12895,0.007685,-0.011267,-0.069975,0.0,0.0,0.0
15034,-0.014788,-0.008511,-0.06922700000000001,0.0,0.0,0.0
14813,-0.012022999999999999,0.005923,-0.068179,0.0,0.0,0.0
13468,-0.00013900000000000002,0.012772,-0.06984699999999999,0.0,0.0,0.0
15037,0.006559000000000001,-0.007301,-0.06760200000000001,0.0,0.0,0.0
15172,-0.00019800000000000002,0.0045709999999999995,-0.073176,0.0,0.0,0.0
13899,-0.011203,-0.004248999999999999,-0.062656,0.0,0.0,0.0
15176,0.017837,0.0036,-0.07275,0.0,0.0,0.0
11086,-0.005095,0.005501000000000001,-0.060786,0.0,0.0,0.0
9855,0.000176,0.000728,-0.076461,0.0,0.0,0.0
13812,-0.006368,0.009635,-0.069111,0.0,0.0,0.0
13840,-0.013512,0.008008,-0.069179,0.0,0.0,0.0
14547,-0.0039700000000000004,0.011503,-0.062706,0.0,0.0,0.0
10370,0.001361,-0.007944,-0.073774,0.0,0.0,0.0
13828,-0.008291,-0.006111,-0.063888,0.0,0.0,0.0
14535,-0.010871,0.012306,-0.062058,0.0,0.0,0.0
11445,0.010716,0.005495,-0.063499,0.0,0.0,0.0
14822,-0.002405,0.002472,-0.061020000000000005,0.0,0.0,0.0
15215,-0.0073230000000000005,-0.00754,-0.064306,0.0,0.0,0.0
15396,-0.004907,-0.002877,-0.07552500000000001,0.0,0.0,0.0
14609,-0.0104,0.002449,-0.061898,0.0,0.0,0.0
14748,0.008571,0.013284,-0.06547599999999999,0.0,0.0,0.0
13700,-0.009718,-0.005115000000000001,-0.070995,0.0,0.0,0.0
9735,-0.00541,0.008051,-0.072536,0.0,0.0,0.0
14837,0.0038959999999999997,0.010467,-0.06296500000000001,0.0,0.0,0.0
15281,-0.004768,0.005619,-0.059384,0.0,0.0,0.0
15296,-0.002219,0.002492,-0.067782,0.0,0.0,0.0
13914,0.011999000000000001,0.009852999999999999,-0.06092,0.0,0.0,0.0
15384,0.015902,0.00445,-0.062662,0.0,0.0,0.0
14776,0.011944000000000001,-0.004415,-0.07011400000000001,0.0,0.0,0.0
12764,-0.005058,0.0065439999999999995,-0.065951,0.0,0.0,0.0
13524,0.001987,-0.008853999999999999,-0.06079,0.0,0.0,0.0
11320,-0.014978,-0.006271,-0.07447,0.0,0.0,0.0
10101,-0.000753,0.005852,-0.07500799999999999,0.0,0.0,0.0
15160,-0.005064,0.002403,-0.07226,0.0,0.0,0.0
15169,0.015231,-0.002323,-0.063866,0.0,0.0,0.0
15188,-0.002271,-0.003019,-0.060718,0.0,0.0,0.0
9718,-0.006987,0.009345000000000001,-0.065595,0.0,0.0,0.0
15276,0.001032,0.0071589999999999996,-0.068833,0.0,0.0,0.0
15310,0.007203,-0.007549,-0.06307399999999999,0.0,0.0,0.0
15329,-0.002565,0.013495,-0.066087,0.0,0.0,0.0
14627,-0.00833,-0.010782,-0.064623,0.0,0.0,0.0
7759,-0.015697,0.007156,-0.069294,0.0,0.0,0.0
14836,0.008169000000000001,-0.006690000000000001,-0.063244,0.0,0.0,0.0
13142,0.007652999999999999,-0.008322,-0.074385,0.0,0.0,0.0
14768,-0.002697,-0.006453,-0.07351300000000001,-5.899999999999959e-05,2.300000000000045e-05,5.500000000001337e-05
14762,0.0017620000000000001,0.0017569999999999999,-0.06456300000000001,8.899999999999989e-05,0.00034100000000000016,-0.00014899999999999636
9776,0.0037280000000000004,0.002963,-0.069007,-1.5000000000000256e-05,0.0001730000000000004,-0.00022099999999999898
13419,-0.011071,0.006343,-0.063682,3.299999999999831e-05,0.0002570000000000003,-0.00026600000000000235
14461,-0.003641,-0.004763,-0.070444,5.3000000000000096e-05,0.00012399999999999998,9.600000000001274e-05
10035,0.008534,0.011244,-0.071012,-0.00020600000000000132,-5.7000000000001494e-05,-9.199999999999486e-05
12052,-0.006327,-0.001973,-0.070664,9.30000000000002e-05,5.499999999999993e-05,0.0001250000000000001
14801,-0.007428,-0.0043490000000000004,-0.067718,3.199999999999991e-05,0.0001810000000000006,0.0003449999999999981
14769,-0.0022010000000000003,-0.002022,-0.062025,0.00022600000000000007,0.000415,-0.00028600000000000153
14533,-0.011250999999999999,0.010894000000000001,-0.064452,7.099999999999988e-05,2.199999999999945e-05,-3.300000000000525e-05
13775,-0.01129,-0.0031810000000000002,-0.064671,0.0001799999999999996,0.00019600000000000043,5.500000000001337e-05
10919,-0.002143,0.004848,-0.059621,-6.500000000000039e-05,0.000255,-0.00027499999999999747
12768,0.010641999999999999,-0.003663,-0.06980700000000001,-3.699999999999884e-05,1.0999999999999725e-05,-5.1999999999982616e-05
15650,0.009762,0.008178000000000001,-0.068194,-9.299999999999933e-05,9.39999999999986e-05,-0.0002879999999999966
15466,-0.008348000000000001,0.011589,-0.075813,-3.099999999999804e-05,5.800000000000076e-05,-0.00015199999999999936
15489,0.000979,-0.000987,-0.06472199999999999,0.00016299999999999995,0.000432,-1.3000000000013001e-05
15584,-0.011203,0.00017199999999999998,-0.0761,-8.100000000000121e-05,4.700000000000003e-05,8.199999999999874e-05
14893,0.011391,0.008304,-0.062490000000000004,8.099999999999948e-05,0.00025199999999999875,-0.00011499999999999011
15440,-0.007522999999999999,-0.0009180000000000001,-0.07589,4.89999999999987e-05,3.000000000000073e-06,-6.0999999999991616e-05
15485,-0.006376000000000001,-0.011766,-0.068438,0.00010700000000000032,0.0002870000000000008,-0.00019900000000000473
10767,-0.010334,0.002197,-0.07124,1.9999999999999185e-05,-5.8000000000000326e-05,-0.00010099999999998999
14764,0.003076,-0.010531,-0.066913,0.0002409999999999999,7.000000000000062e-05,-0.00014400000000000523
15514,-0.0018520000000000001,0.004059,-0.061933,8.700000000000027e-05,0.00028699999999999993,-6.999999999993123e-06
9710,0.003348,0.009019000000000001,-0.06779099999999999,1.5000000000000256e-05,0.0002360000000000001,-0.00021200000000000385
15597,0.001924,-0.012118,-0.06607299999999999,0.00021000000000000012,0.00021100000000000112,-0.00014899999999999636
15217,0.012527,0.0040490000000000005,-0.06508499999999999,-1.6999999999999654e-05,0.0001479999999999997,-8.200000000001262e-05
15099,0.005455,0.004417,-0.062539,0.00022700000000000064,0.00027099999999999954,4.799999999999943e-05
11559,0.01322,-0.008346,-0.06580899999999999,9.60000000000006e-05,0.0002599999999999998,-0.0001300000000000051
9866,0.0038540000000000002,0.009823,-0.067333,7.000000000000062e-06,0.00025199999999999875,-0.00015600000000000336
15142,-0.01461,0.005181,-0.068463,-6.0000000000001025e-05,1.0000000000001327e-06,-4.200000000000037e-05
14572,-0.005032,-0.006438,-0.059088999999999996,0.0002700000000000003,0.00010999999999999985,-4.800000000000637e-05
15004,0.003169,-0.011078,-0.06258899999999999,2.8000000000000247e-05,0.00024799999999999996,-0.00033800000000000496
12591,0.0077069999999999994,-0.007831000000000001,-0.07175100000000001,-5.999999999999929e-05,6.100000000000116e-05,6.30000000000075e-05
15365,0.016142,0.003362,-0.06475700000000001,7.100000000000162e-05,0.00016399999999999965,0.00011400000000000299
15277,0.004821,-0.0047,-0.0594,0.00021299999999999965,0.0002450000000000004,-0.00020900000000000085
15575,0.016667,0.0064470000000000005,-0.064829,4.39999999999989e-05,5.4999999999999494e-05,-0.0002299999999999941
15118,0.00023300000000000003,-7.6e-05,-0.06557500000000001,0.00017899999999999996,0.000281,-0.00021200000000000385
10048,0.009663999999999999,0.002245,-0.07204300000000001,-1.2999999999999123e-05,0.00011200000000000012,2.5000000000011124e-05
15594,-0.014447,-0.012028,-0.07225799999999999,-0.00014500000000000103,0.0003640000000000015,-9.200000000000874e-05
15639,0.006719,0.009688,-0.077049,-0.00010500000000000006,7.399999999999941e-05,-0.00020899999999998697
11543,0.013075,-0.005691,-0.06586199999999999,-8.999999999998592e-06,0.00019399999999999973,1.8999999999991246e-05
15378,-0.016117999999999997,0.005208999999999999,-0.075959,-3.400000000000278e-05,-0.00011499999999999878,6.40000000000085e-05
15124,0.002643,0.01137,-0.060008000000000006,-3.5999999999999574e-05,0.00018300000000000087,-0.00011999999999999511
14545,-0.008694,-0.001508,-0.063485,0.00016299999999999995,0.00020700000000000015,0.00010300000000000586
15640,0.0073230000000000005,0.004923,-0.060905,0.00011999999999999945,0.00022699999999999977,-4.900000000000043e-05
15459,-0.014369999999999999,-0.0019199999999999998,-0.068235,9.199999999999833e-05,0.00018299999999999979,-5.5999999999986616e-05
13958,-0.004495,-0.001563,-0.068048,0.00011600000000000065,0.00020899999999999977,0.00011400000000000299
14638,0.015588,-0.0067350000000000005,-0.074363,-5.9000000000000025e-05,0.00012700000000000124,-0.00015600000000000336
11571,-0.000588,-0.009828,-0.06784399999999999,0.00013699999999999997,0.0002900000000000003,-0.0001990000000000186
15611,-0.01317,-0.000232,-0.063252,6.399999999999982e-05,0.000138,7.800000000000862e-05
15723,0.000129,0.0075910000000000005,-0.064764,-2.0999999999999995e-05,0.0001579999999999993,-6.499999999999562e-05
13667,0.015548,0.013246,-0.065067,-1.9999999999999185e-05,1.6999999999999654e-05,-8.400000000000074e-05
15476,-0.002333,-0.009609,-0.076736,0.00012100000000000001,1.5999999999998654e-05,8.999999999999286e-05
15168,-0.000404,-0.010142,-0.076407,0.000138,0.00015199999999999936,3.600000000000825e-05
12252,0.003985,-0.001928,-0.070727,0.00010000000000000026,0.00018800000000000002,-0.00020200000000000773
15457,-0.007756,-0.0061459999999999996,-0.065278,0.00014599999999999943,0.00015700000000000002,0.0004699999999999982
12143,-0.005732,-0.003206,-0.06934,4.2999999999999636e-05,0.00015800000000000015,3.499999999999337e-05
14293,-0.011465,-0.011061,-0.072698,-9.000000000000327e-06,0.0002249999999999995,-0.0001260000000000011
15479,0.007742,-0.005196,-0.070675,1.7999999999999787e-05,-2.0000000000000052e-05,-0.00010600000000000886
15482,-0.008301,0.0058579999999999995,-0.066122,9.200000000000007e-05,0.00017599999999999994,-3.799999999999637e-05
13131,-0.012701,0.012183,-0.069007,-9.199999999999833e-05,-7.399999999999941e-05,-5.000000000000837e-05
15180,-0.014383,0.011074,-0.070662,-7.300000000000015e-05,-2.3999999999999716e-05,-3.399999999999237e-05
15505,-0.005242,-0.005695,-0.07704000000000001,0.00010600000000000019,2.900000000000038e-05,0.0001310000000000061
15192,0.000194,0.013297,-0.06456,-2.3999999999999987e-05,0.00020000000000000052,6.30000000000075e-05
15024,0.0044080000000000005,0.002985,-0.07016,-9.000000000000327e-06,0.00016100000000000012,-0.00016200000000000936
15552,0.0037029999999999997,0.012548,-0.061928,-7.200000000000002e-05,0.00013400000000000044,-0.00029900000000000065
15352,-0.01119,-0.007422,-0.066543,0.00020800000000000159,1.899999999999992e-05,3.200000000000425e-05
15712,-0.007223,-0.011662,-0.062831,0.00012600000000000024,0.00017299999999999954,-5.3999999999998494e-05
15715,0.01269,0.006345,-0.062454,-7.999999999999327e-06,0.000281,-0.0001989999999999978
14758,-0.005067,-0.008074999999999999,-0.07303799999999999,0.00010000000000000026,1.6999999999999654e-05,0.0
14108,0.007752,0.007473,-0.069783,-0.00022199999999999998,0.00010900000000000059,-0.00019799999999998985
13940,-0.008967000000000001,-0.003598,-0.067051,5.7000000000001494e-05,0.00014400000000000003,0.0001260000000000011
14463,0.012657999999999999,-0.001379,-0.070777,9.999999999999593e-06,2.8999999999999946e-05,-8.499999999998786e-05
15112,-0.004248,0.007490999999999999,-0.060811,-9.999999999999593e-06,0.00020300000000000092,-6.500000000000256e-05
15607,-0.007373,0.007121000000000001,-0.069838,-4.099999999999937e-05,7.099999999999988e-05,-0.00022199999999999998
15110,-0.005296,-0.00893,-0.064259,8.300000000000061e-05,0.0001860000000000004,-0.00028000000000000247
15116,-0.0074,-0.000192,-0.062168,5.400000000000023e-05,0.00021,-5.2999999999997494e-05
15892,-0.005852,0.010807,-0.07078799999999999,-4.399999999999977e-05,0.0002959999999999994,-0.00022200000000001385
15812,-0.007196,0.005139,-0.076502,2.7000000000000114e-05,5.999999999999062e-06,0.00022199999999999998
13450,-0.000242,-0.004496000000000001,-0.065831,0.000251,0.00022000000000000144,7.100000000000162e-05
11763,-0.006223,0.005958,-0.07358100000000001,4.60000000000009e-05,9.30000000000002e-05,-5.5999999999986616e-05
14961,0.008835,-0.00020999999999999998,-0.07629999999999999,3.200000000000078e-05,-1.4000000000000015e-05,-0.0002950000000000036
11481,-0.003684,-0.005423,-0.07220499999999999,6.000000000000016e-05,0.0001719999999999994,-3.0000000000002247e-05
13527,0.00954,0.008189,-0.063787,-3.4999999999998574e-05,0.00022400000000000024,-9.199999999999486e-05
14832,0.000426,0.005071,-0.062988,0.00010200000000000004,0.0004000000000000002,0.00016199999999999548
15822,-0.009852,-0.004891,-0.063836,0.00012199999999999885,0.0001429999999999999,0.00026700000000000335
10136,0.0005290000000000001,-0.0045179999999999994,-0.070282,4.199999999999994e-05,0.00023199999999999957,4.800000000000637e-05
15564,0.008407999999999999,-0.003797,-0.063992,8.200000000000221e-05,0.00015700000000000002,-5.0000000000050004e-06
14957,-0.014671,-0.010773,-0.072262,-7.300000000000015e-05,0.00023300000000000057,8.800000000000474e-05
15328,0.005921,-0.000354,-0.062431,-2.0999999999999318e-05,0.00022899999999999998,-7.000000000000062e-06
14936,0.010957000000000001,-0.000883,-0.065501,7.099999999999815e-05,0.00030600000000000007,-8.900000000000574e-05
13551,-0.009670999999999999,-0.006801,-0.06396500000000001,6.399999999999982e-05,0.00025299999999999975,0.0002510000000000151
14444,-0.006794,-0.006834,-0.068485,7.400000000000028e-05,0.00010500000000000006,0.00028000000000000247
15707,-0.007455,-0.001032,-0.065781,0.00017,0.0002539999999999999,6.0000000000004494e-05
15598,0.012134,0.003964,-0.064462,2.9999999999998778e-05,0.00014500000000000016,-0.00012899999999999023
12473,0.014737,0.009502,-0.073725,-4.700000000000017e-05,0.00012599999999999938,-0.0002460000000000101
15869,0.004874,-0.011942999999999999,-0.073735,6.000000000000016e-05,2.9999999999998778e-05,1.9999999999992246e-05
15843,-0.003542,0.011468,-0.075031,3.899999999999997e-05,0.00011700000000000078,-0.00019900000000000473
12879,0.016068000000000002,0.011343,-0.06685200000000001,-9.20000000000018e-05,-5.500000000000123e-05,-0.00011399999999998911
15617,0.004799,0.010019,-0.071893,-0.00014600000000000116,2.6999999999999247e-05,-9.900000000000186e-05
12871,0.016219,0.004025,-0.070945,-8.700000000000027e-05,0.00014199999999999977,-0.00010000000000000286
14493,0.010686999999999999,0.004115000000000001,-0.069978,-0.00011199999999999925,0.00015199999999999936,-0.00019800000000000373
15941,-0.011852,-0.010853999999999999,-0.066649,0.0001360000000000007,6.999999999999888e-05,-8.199999999999874e-05
16023,0.011685000000000001,-0.008971,-0.06572599999999999,0.00011199999999999925,0.00013400000000000044,-2.9000000000001247e-05
16130,0.010045,-0.00534,-0.06741899999999999,9.60000000000006e-05,5.10000000000007e-05,-0.00014400000000000523
15940,-0.002882,-0.008881,-0.060965000000000005,0.00011699999999999992,0.00022400000000000024,1.4000000000007062e-05
12766,0.011222,-0.004200000000000001,-0.069934,-2.6999999999999247e-05,7.400000000000028e-05,-2.5000000000011124e-05
11431,-0.013343,0.005365,-0.07102599999999999,-8.099999999999948e-05,8.599999999999927e-05,1.8999999999991246e-05
15531,-0.012356,0.008003,-0.076043,-0.0001289999999999989,-7.300000000000015e-05,-4.700000000000537e-05
15582,-0.005051999999999999,-0.011796,-0.062310000000000004,0.0001749999999999998,0.00020999999999999838,-0.0002939999999999887
12631,-1e-06,0.011210000000000001,-0.06849,-0.00014199999999999998,0.00014799999999999883,7.100000000000162e-05
16057,-0.0037280000000000004,0.007851,-0.061716,-4.2999999999999636e-05,0.00020699999999999885,-7.399999999999768e-05
14462,-0.006354,0.007742,-0.063701,8.000000000000021e-05,0.00028300000000000113,4.499999999998949e-05
15830,0.007475,0.002906,-0.062855,9.599999999999973e-05,0.00016899999999999988,-5.7000000000001494e-05
13153,0.004373,0.001756,-0.06919499999999999,1.1000000000000593e-05,9.500000000000003e-05,-0.00014600000000000724
9793,0.002475,0.009224999999999999,-0.075057,-8.80000000000004e-05,-0.00011999999999999858,-0.00014399999999999136
15884,0.008379,-0.007909,-0.07374599999999999,-6.100000000000029e-05,0.00012099999999999871,-3.700000000000925e-05
13127,-0.01498,-0.010411,-0.070425,2.999999999999531e-06,0.000282000000000001,0.0002590000000000092
15932,-0.001093,-0.006417,-0.057055,0.00013700000000000008,7.400000000000028e-05,-1.1000000000004062e-05
14294,0.012650999999999999,0.004758,-0.07238599999999999,-0.00010299999999999893,4.399999999999977e-05,-0.00022300000000000098
16014,-0.00543,0.000486,-0.072129,6.600000000000009e-05,0.00014199999999999998,-2.1000000000007124e-05
16089,0.008255,-0.008429,-0.073557,-6.899999999999962e-05,9.300000000000107e-05,-7.800000000000862e-05
15757,-0.015942,-0.005502,-0.077548,9.000000000002062e-06,9.699999999999986e-05,-0.0001749999999999946
15444,-0.010494999999999999,-0.004834,-0.068399,9.999999999992654e-07,0.00021899999999999958,0.0003640000000000032
14585,0.014742000000000002,0.009536,-0.070161,-0.00010900000000000319,0.0,-0.00016900000000000248
14790,-0.010547,0.003359,-0.064056,8.000000000001062e-06,0.00021200000000000038,-0.00011500000000000399
14205,-0.0060030000000000005,0.008831,-0.07515000000000001,-1.7999999999999787e-05,0.00015099999999999836,-0.0001709999999999906
14124,0.013387,-0.012417999999999998,-0.068479,5.10000000000007e-05,0.00014099999999999877,0.00018699999999999273
15858,-0.0022930000000000003,0.012067,-0.07303,6.400000000000025e-05,-8.900000000000054e-05,3.700000000000925e-05
13832,-0.009980000000000001,-0.009129,-0.069163,2.400000000000145e-05,0.00025900000000000055,-0.00010200000000000486
15856,0.012089,0.001055,-0.07419100000000001,-7.200000000000088e-05,0.00012100000000000001,-0.00014999999999998348
14471,-0.010834,0.012882,-0.067665,3.699999999999884e-05,2.100000000000192e-05,5.1999999999996493e-05
12467,-0.009805999999999999,0.0032839999999999996,-0.06477200000000001,8.199999999999874e-05,0.00010400000000000036,-0.00010899999999998411
15776,-0.005772,0.0017150000000000002,-0.06876099999999999,4.6000000000000034e-05,7.299999999999993e-05,6.799999999998474e-05
15446,-0.0036469999999999996,-0.009814999999999999,-0.060738,4.99999999999997e-05,0.0002559999999999993,-0.00011800000000000005
14786,-0.007954,-0.0033599999999999997,-0.068356,1.9999999999999185e-05,0.00011999999999999945,0.00013799999999999923
13188,0.006995,-0.000437,-0.062777,5.4999999999999494e-05,0.000138,2.8000000000000247e-05
14583,0.004543999999999999,-0.012266,-0.063446,3.500000000000031e-05,6.300000000000229e-05,1.2999999999999123e-05
14770,0.007617,-0.005907,-0.072627,-4.799999999999943e-05,9.099999999999994e-05,-7.000000000007001e-06
13872,0.014706,-0.004072,-0.072378,-1.4000000000000123e-05,6.899999999999962e-05,-5.2999999999997494e-05
9765,0.012364,0.000299,-0.069282,4.700000000000017e-05,0.00017499999999999997,-9.800000000000086e-05
15908,-0.014645,-0.002509,-0.06802899999999999,0.00014400000000000003,0.0002570000000000003,7.999999999999674e-05
15827,0.0037029999999999997,-0.009271000000000001,-0.064591,0.0002409999999999999,0.0001250000000000001,-0.00027499999999999747
12752,-0.009934,0.011451000000000001,-0.074832,-9.400000000000033e-05,-4.200000000000037e-05,-9.699999999999986e-05
9661,0.0017809999999999998,0.005556,-0.069544,0.0,0.00011399999999999952,-0.00011200000000001487
15195,-0.001416,0.004498,-0.063981,8.299999999999996e-05,0.00028399999999999953,-2.0999999999993246e-05
15519,-0.003317,0.00337,-0.066829,-3.600000000000001e-05,0.0003749999999999999,-0.0001330000000000081
14508,-0.005165,-0.010662000000000001,-0.069146,-4.100000000000024e-05,0.00024000000000000063,-7.800000000000862e-05
12748,-0.004738,-0.005283,-0.066664,0.00011699999999999992,0.00023600000000000097,0.00010399999999999299
15781,0.003206,0.011349999999999999,-0.068214,-0.00013200000000000017,0.00011599999999999978,-9.800000000000086e-05
15449,0.011174,0.011868,-0.066833,-2.5000000000000716e-05,-0.00011800000000000005,-5.099999999999549e-05
15186,-0.008362999999999999,0.010192,-0.074125,2.2999999999998716e-05,6.300000000000056e-05,-1.9000000000005124e-05
9691,0.0013360000000000002,0.010244,-0.068762,-0.00013800000000000032,8.200000000000048e-05,-7.399999999999074e-05
14763,0.000915,-0.001024,-0.063299,0.000201,0.00042699999999999997,-5.4999999999999494e-05
14861,0.0071319999999999995,0.012833,-0.063171,-0.00012199999999999971,0.00014699999999999956,-0.0002500000000000002
11874,0.015678,-0.010008,-0.07168300000000001,7.000000000000062e-06,0.000255,-2.799999999998637e-05
15800,-0.006149,0.00314,-0.076163,-4.999999999999796e-06,4.40000000000002e-05,-1.1000000000011001e-05
9922,0.009616,-0.007979,-0.071395,-2.2999999999998716e-05,8.099999999999948e-05,-7.699999999999374e-05
15789,0.003088,-0.006619,-0.062967,0.00014999999999999996,0.00022400000000000024,-0.00021000000000000185
15158,0.01577,0.002447,-0.063997,7.899999999999921e-05,0.00019899999999999996,0.00011300000000000199
15935,0.00028599999999999996,0.009943,-0.066616,-0.00021299999999999997,0.00016299999999999995,-5.9000000000003494e-05
15894,0.000851,-0.011838,-0.07274,0.000304,3.099999999999978e-05,0.00018799999999999373
14100,0.015636,-0.004308,-0.075174,7.100000000000162e-05,0.0001559999999999999,-0.00014299999999999036
15619,0.006811,0.007338,-0.05843,1.0999999999999725e-05,0.00021600000000000005,2.0000000000006124e-05
15161,0.015302,-0.012664,-0.074505,-0.0001250000000000001,0.00012100000000000131,-4.600000000000437e-05
14498,0.0018089999999999998,0.005398,-0.071366,-8.099999999999991e-05,9.200000000000007e-05,-0.00014400000000000523
15963,3.8e-05,-0.003849,-0.062614,0.000286,0.0002819999999999997,-3.899999999999737e-05
15234,0.008013999999999999,0.011205999999999999,-0.06575,-4.39999999999989e-05,9.900000000000013e-05,-7.200000000000262e-05
13430,0.006416000000000001,0.0022530000000000002,-0.063897,0.00018899999999999993,0.00020799999999999942,3.599999999999437e-05
16039,0.016572,0.003716,-0.074318,-6.199999999999956e-05,0.00011300000000000025,-0.00027800000000001435
15960,0.011695,-2.6e-05,-0.063058,4.099999999999937e-05,0.00027499999999999996,-0.00011500000000000399
15790,0.00774,-0.004228,-0.07493999999999999,6.600000000000009e-05,7.799999999999994e-05,-2.5000000000011124e-05
15481,-0.004683,0.010336999999999999,-0.074601,-0.00011699999999999992,0.00011900000000000105,-0.00023699999999998722
15126,-0.007405999999999999,0.005254,-0.061626,-7.000000000000062e-05,0.00023699999999999936,-8.600000000000274e-05
13082,0.001711,0.010251,-0.064653,-5.600000000000006e-05,0.0002149999999999999,-0.00010400000000000686
14596,0.010469,0.000364,-0.062459,4.60000000000009e-05,0.00032999999999999994,-5.9000000000003494e-05
15463,0.000188,0.010275000000000001,-0.06103,-9.699999999999999e-05,0.00021700000000000018,-8.099999999999774e-05
13992,-0.005208999999999999,0.003191,-0.064693,5.299999999999923e-05,0.0002660000000000002,-4.999999999991123e-06
15165,0.016484000000000002,-0.004815000000000001,-0.072092,1.9999999999985307e-06,0.00016400000000000095,-0.0001719999999999916
15164,-0.013420999999999999,0.012262,-0.066756,-9.000000000000327e-06,-8.3999999999999e-05,2.0999999999993246e-05
16066,-0.00014399999999999998,-0.009356,-0.062468,0.00011199999999999998,0.00017799999999999934,-0.00019000000000000267
14004,-0.006219000000000001,-0.0095,-0.065805,5.400000000000023e-05,0.00016799999999999975,-0.00021499999999999297
15474,-0.016298,-0.009191000000000001,-0.075492,-4.000000000000184e-05,2.9000000000001247e-05,-0.00020499999999999685
12913,0.012211,-0.011507,-0.065781,0.00016300000000000169,0.00016000000000000042,-0.00010899999999999799
14542,-0.008936,0.002095,-0.06357399999999999,6.300000000000056e-05,0.0001380000000000001,4.599999999999049e-05
15363,0.003661,0.011786,-0.07694,-3.2000000000000344e-05,2.199999999999945e-05,-0.00010000000000001674
16010,0.016440999999999997,-0.001974,-0.065789,2.0000000000002655e-05,0.00023999999999999998,-2.6999999999999247e-05
15953,0.013111000000000001,-0.007557,-0.060052,0.00018799999999999893,0.00025400000000000075,-4.699999999999843e-05
16053,0.011571999999999999,0.008942,-0.059622,7.600000000000141e-05,0.00018800000000000067,-6.400000000000156e-05
13949,-0.004469,-0.009080999999999999,-0.064175,7.999999999999934e-05,0.0001739999999999988,-0.00014100000000000223
16111,0.005545,0.011323,-0.065343,-0.00012199999999999971,0.00015000000000000083,-9.499999999999786e-05
15660,0.005013,-0.010976000000000001,-0.072257,3.500000000000031e-05,-3.999999999998796e-06,-5.8000000000002494e-05
16002,-0.007746,-0.005046,-0.059628999999999995,-4.399999999999977e-05,0.00028200000000000013,-8.800000000000474e-05
8823,0.002092,0.00677,-0.070485,-0.00013000000000000034,0.00011800000000000005,-0.00012099999999998223
10755,-0.004566,-0.004236,-0.06939400000000001,1.9999999999999185e-05,0.00012700000000000038,0.00010300000000001974
13746,0.004549,-0.005641,-0.073066,-3.1000000000000645e-05,9.700000000000073e-05,-0.00014000000000000123
9719,0.004099,0.010490000000000001,-0.06983,-0.00012200000000000058,-7.400000000000115e-05,7.000000000007001e-06
15133,-0.010824,0.001658,-0.069867,3.0000000000012655e-06,-9.999999999999159e-07,-2.8000000000000247e-05
13825,-0.00643,0.011009999999999999,-0.061988999999999995,1.1000000000000593e-05,0.00033400000000000096,-3.0000000000030003e-06
13748,-0.010414999999999999,0.003318,-0.06722199999999999,1.1999999999998123e-05,0.00022099999999999984,-5.200000000001037e-05
14833,-0.011147,-0.004951,-0.06602,0.00010800000000000046,3.099999999999978e-05,0.00023599999999998622
15796,0.003578,-0.010943,-0.065499,0.00021699999999999975,0.00012699999999999864,2.8000000000000247e-05
15809,-0.00035099999999999997,0.010356,-0.061404,-6.500000000000001e-05,0.0002299999999999993,-5.200000000000343e-05
15589,-0.007378999999999999,0.008699,-0.062586,9.999999999992654e-07,0.00032799999999999843,-1.8999999999991246e-05
14856,-0.014714,-0.010762,-0.07692700000000001,5.199999999999823e-05,7.300000000000015e-05,0.00012199999999999711
10349,-0.002129,0.008624,-0.063208,-0.0001460000000000003,0.0002470000000000007,-2.0000000000006124e-05
15507,-0.01154,-0.0041459999999999995,-0.07573,-2.599999999999998e-05,-0.0001559999999999999,4.100000000001325e-05
15795,0.002801,-0.010079000000000001,-0.075752,5.700000000000019e-05,6.0000000000001025e-05,3.799999999999637e-05
15819,0.015164,0.004924,-0.07110599999999999,-0.00014899999999999983,0.00010899999999999972,-0.00016300000000001036
10707,-0.014462999999999998,-0.0019399999999999999,-0.069323,3.3999999999997574e-05,1.2999999999999774e-05,2.4999999999997247e-05
13457,6.900000000000001e-05,-0.01046,-0.072438,0.000232,0.0001770000000000018,0.00016900000000000248
15550,0.017053000000000002,-0.009275,-0.070578,5.4999999999999494e-05,0.00023699999999999936,2.2000000000008124e-05
14789,0.014856999999999999,-0.009612,-0.06834,-5.6999999999998024e-05,0.00011500000000000052,5.999999999992123e-06
14779,-0.006853,0.012247,-0.06491899999999999,7.099999999999988e-05,0.00023500000000000083,-0.00014800000000000924
14838,-0.005254,0.011672,-0.06536,6.100000000000029e-05,0.00040399999999999985,-6.299999999999362e-05
15942,-0.010785,-0.012227,-0.062348,0.00019399999999999973,9.99999999999994e-05,0.00011599999999999805
9458,0.016956,-0.000272,-0.06812,5.300000000000096e-05,0.000175,-9.399999999999686e-05
15136,-0.00079,0.008846999999999999,-0.060319000000000005,-4.9e-05,0.00022800000000000077,-1.6999999999996185e-05
14306,-0.011787,-0.008502000000000001,-0.06629,9.000000000000154e-05,2.8000000000000247e-05,0.0001729999999999926
16009,0.011378000000000001,-0.011323,-0.062337000000000004,0.00032899999999999943,0.00029799999999999965,1.3000000000006062e-05
15530,-0.01368,-0.008593,-0.066405,-0.00013000000000000164,-0.00011200000000000099,-8.999999999999286e-05
15138,-0.012124000000000001,0.003378,-0.069047,5.7000000000001494e-05,-4.300000000000007e-05,-4.400000000000237e-05
15848,-0.004031,-0.006811,-0.065297,0.00018999999999999963,0.0002570000000000003,0.00019899999999999085
9061,0.006476,0.012007,-0.071065,-0.00018400000000000014,-3.0000000000012655e-06,-0.00011699999999999211
15170,-0.004857,0.009640000000000001,-0.074537,-0.000183,0.00014599999999999856,-7.799999999999474e-05
11147,-0.005016,0.00633,-0.073769,1.4999999999999389e-05,6.000000000000016e-05,-4.599999999999049e-05
15841,0.007907,0.001552,-0.065114,6.599999999999835e-05,0.00012300000000000006,-1.5999999999988246e-05
12411,-0.013385999999999999,0.002006,-0.07056100000000001,4.799999999999943e-05,2.599999999999998e-05,-3.799999999999637e-05
11454,0.012856999999999999,-0.004502,-0.069846,8.800000000000127e-05,0.0001460000000000003,-6.699999999999762e-05
14532,-0.007355,0.006848,-0.07291800000000001,-3.699999999999971e-05,8.000000000000194e-06,-4.699999999999149e-05
11424,0.008409000000000002,-0.012336,-0.06758,0.00014400000000000003,-4.5999999999999167e-05,-7.699999999999374e-05
15235,-0.002435,0.00262,-0.06563200000000001,9.8e-05,0.000281,-0.00026699999999998947
11764,0.014614,0.008267,-0.07074899999999999,-8.599999999999927e-05,0.00010399999999999993,-0.0003039999999999987
15456,-0.011399,0.009631,-0.069343,-1.4000000000000123e-05,-6.000000000000796e-06,-9.999999999996123e-06
13466,0.01686,0.010332000000000001,-0.072438,-7.499999999999868e-05,6.399999999999982e-05,-0.00025999999999999635
15876,-0.009988,-0.011714,-0.06502200000000001,0.00018900000000000167,1.1999999999999858e-05,1.0000000000010001e-05
15135,0.0055439999999999994,-0.0101,-0.07429300000000001,8.100000000000034e-05,8.299999999999974e-05,-4.4999999999975615e-05
15816,-0.013571999999999999,0.009839,-0.07613400000000001,-0.00016700000000000222,4.89999999999987e-05,-1.000000000001e-06
15820,0.007057000000000001,-0.011487,-0.065179,0.0001499999999999991,7.400000000000115e-05,0.0001820000000000016
11778,-0.015494999999999998,0.003878,-0.070367,-5.900000000000176e-05,1.299999999999999e-05,-0.00015700000000000436
14203,-0.008855,-0.000592,-0.061466,1.4999999999999389e-05,0.00019699999999999996,0.00010999999999999899
15262,0.011649,-0.007417,-0.064233,0.00012099999999999958,0.00020599999999999959,2.6999999999999247e-05
9742,0.01247,0.00898,-0.073801,-0.00012099999999999958,2.3999999999999716e-05,-0.00030499999999998584
16081,0.016096,-0.011512,-0.06685200000000001,0.0001360000000000007,0.0002420000000000009,-3.499999999999337e-05
15981,0.00836,0.010341,-0.06818,-7.000000000000062e-05,0.00012199999999999885,-4.199999999998649e-05
15825,-0.006785,-0.007777999999999999,-0.07059399999999999,0.00017100000000000014,0.00020899999999999912,9.999999999998899e-05
14434,-0.013333,-0.001113,-0.073899,2.499999999999898e-05,6.29999999999999e-05,-8.400000000000074e-05
15581,0.010757999999999998,0.001858,-0.062791,8.6000000000001e-05,0.000325,-1.1999999999998123e-05
9738,-0.014162000000000001,-0.0013640000000000002,-0.070619,8.000000000001062e-06,6.400000000000025e-05,1.6000000000002124e-05
15797,0.0028239999999999997,-0.010013,-0.06815500000000001,0.00026800000000000044,0.00015300000000000036,-3.899999999999737e-05
11800,0.010154,-0.008364,-0.066466,3.400000000000104e-05,0.00011700000000000078,5.6999999999987616e-05
15898,-0.00035999999999999997,0.001677,-0.07240300000000001,4.199999999999994e-05,0.0001079999999999998,-0.00027699999999999947
15882,-0.008385,-0.010605,-0.067023,7.099999999999988e-05,0.00022900000000000004,0.0
15854,-0.006392,0.006558,-0.060013,1.599999999999952e-05,0.00016600000000000035,-0.00015300000000000036
15772,0.00411,0.007484,-0.07403499999999999,-2.300000000000045e-05,8.000000000000194e-06,-7.800000000000862e-05
14138,0.001686,-0.003947,-0.075229,-6.900000000000005e-05,5.8000000000000326e-05,-3.400000000000625e-05
14881,-0.005423,0.005645,-0.062517,-4.49999999999999e-05,0.00022900000000000004,-4.400000000000237e-05
15578,-0.012889,-0.011127000000000001,-0.066566,0.00012099999999999958,9.000000000000327e-06,0.00013499999999999623
14781,-0.003157,0.011991,-0.07165600000000001,4.300000000000007e-05,7.300000000000015e-05,-7.299999999998974e-05
14844,0.008367000000000001,-0.002625,-0.07223600000000001,5.4999999999999494e-05,7.600000000000011e-05,-0.00018899999999999473
16008,-0.011194,-0.002755,-0.06831699999999999,0.00030900000000000025,0.00028200000000000013,0.0001579999999999776
15470,-0.00016700000000000002,0.006876999999999999,-0.075937,-8.6e-05,2.3000000000001318e-05,-8.599999999998886e-05
9840,0.008992000000000002,-0.012017,-0.068244,0.00010099999999999866,1.600000000000039e-05,-9.800000000000086e-05
10533,0.011756,0.006059,-0.06450199999999999,-7.799999999999994e-05,0.00021300000000000052,-5.400000000001237e-05
16071,0.015349,0.010162000000000001,-0.063485,-4.999999999999796e-06,-5.10000000000007e-05,-0.00019299999999999873
15661,0.016219,-0.009342000000000001,-0.068793,2.5000000000000716e-05,0.00011500000000000052,-2.5999999999998247e-05
9763,0.002533,0.00684,-0.063483,4.199999999999994e-05,0.00038600000000000006,-0.00013399999999999523
9843,0.002833,0.009457,-0.063784,-0.00011500000000000008,0.0002559999999999993,-5.0000000000050004e-06
14715,0.002342,-0.011392,-0.070435,3.300000000000004e-05,8.099999999999948e-05,1.5000000000001124e-05
15229,0.011304,0.00884,-0.07001099999999999,-9.200000000000007e-05,7.999999999999327e-06,-0.0002380000000000021
14958,0.002549,-0.012884,-0.064849,1.4000000000000123e-05,0.00011199999999999925,-0.00012899999999999023
15810,0.002246,0.002769,-0.060262,7.900000000000008e-05,0.0002519999999999996,6.600000000000356e-05
9650,0.0030150000000000003,-0.000753,-0.074973,-3.100000000000021e-05,1.1999999999999966e-05,-0.00026600000000000235
14405,0.012209,0.000373,-0.07335299999999999,5.000000000001531e-06,0.000127,-0.00015100000000001224
11414,-0.014478,-0.008314,-0.06928400000000001,-6.000000000000796e-06,0.00013400000000000044,0.00011900000000000799
9882,0.009077,0.000115,-0.071644,3.999999999998796e-06,5.9e-05,-0.00014399999999999136
15454,-0.0040869999999999995,-0.0050019999999999995,-0.06450499999999999,0.00021799999999999944,0.00032199999999999937,-0.00010300000000000586
15967,0.011484,0.011986,-0.068101,-0.00010899999999999972,4.999999999999796e-06,-0.00016500000000001236
15095,0.012474,0.008052,-0.064156,7.900000000000094e-05,0.00016799999999999975,-0.0001769999999999966
14830,0.005496,-0.007698,-0.076376,2.0000000000002655e-06,0.00013399999999999957,-7.899999999999574e-05
14855,-0.009209,-0.000516,-0.07081799999999999,3.099999999999978e-05,0.00010999999999999996,-5.2999999999997494e-05
13963,0.012549,-0.0037099999999999998,-0.071565,-4.699999999999843e-05,5.299999999999966e-05,-1.1999999999998123e-05
12443,0.009543,-0.012281,-0.067113,9.900000000000013e-05,3.0000000000000512e-05,-3.400000000000625e-05
13754,-0.008897,0.007533000000000001,-0.063311,0.00012200000000000058,0.0003279999999999993,-0.0001270000000000021
14112,-0.006657,0.008985,-0.06646200000000001,-2.7000000000000114e-05,0.00025299999999999975,-7.500000000000562e-05
9591,-0.004396,0.011566,-0.06644599999999999,2.799999999999938e-05,0.0002900000000000003,-0.0001380000000000131
14803,0.01324,0.004267,-0.06352300000000001,4.5999999999999167e-05,0.0002360000000000001,-1.8999999999991246e-05
15421,0.011287,0.002303,-0.062042,7.799999999999994e-05,0.00027500000000000007,-2.2000000000001185e-05
10207,0.013183,0.011646,-0.070378,-8.799999999999954e-05,7.500000000000041e-05,-0.00028200000000000447
10445,0.009023,-0.011067,-0.07209099999999999,-6.299999999999882e-05,-2.0000000000002655e-06,-8.400000000001462e-05
9747,-0.0024159999999999997,-0.004624,-0.069899,0.0,0.00022900000000000004,-2.0999999999993246e-05
15478,0.0008810000000000001,-0.009239,-0.06529900000000001,0.00017999999999999982,0.00032000000000000084,-0.00030799999999998884
13548,0.01325,-0.001414,-0.063425,8.400000000000074e-05,0.0002909999999999998,-5.3999999999998494e-05
14178,-0.007256,0.009724,-0.066797,1.5000000000000256e-05,0.00021700000000000018,-3.499999999999337e-05
15923,-0.004849,0.003068,-0.061662,8.700000000000027e-05,0.00041299999999999974,-0.0001799999999999996
12249,0.013978999999999998,-0.00523,-0.07481499999999999,2.7000000000002716e-05,4.200000000000037e-05,-0.00012200000000001099
15874,0.005395,0.002161,-0.059156999999999994,8.400000000000074e-05,0.0003219999999999998,1.2999999999999123e-05
14476,0.014895,0.008625,-0.072827,-5.6000000000000494e-05,0.00011199999999999925,-0.00025999999999999635
15586,0.004921999999999999,-0.0011719999999999999,-0.062071,0.00011200000000000012,0.00033299999999999985,-5.1999999999996493e-05
13833,-0.001596,-0.007972,-0.061728,0.00014899999999999983,0.0002470000000000007,-2.9000000000001247e-05
14518,-0.00464,0.010368,-0.068961,-7.600000000000055e-05,0.00028500000000000053,-1.9000000000005124e-05
11405,0.001592,0.003871,-0.071409,-1.4000000000000123e-05,0.00010300000000000023,-0.00016599999999999948
14445,-0.009424,-0.007016,-0.068088,0.00023299999999999883,0.00028800000000000006,0.00010000000000000286
9655,0.0006770000000000001,0.004823,-0.070659,-7.000000000000062e-06,0.0001250000000000001,-0.00012200000000001099
13103,-0.0008719999999999999,0.002715,-0.068903,5.6999999999999976e-05,0.0002279999999999999,-9.899999999998799e-05
14914,-0.005471,0.008792999999999999,-0.072999,-7.799999999999994e-05,0.00014600000000000203,-9.199999999999486e-05
15553,-4.2000000000000004e-05,-0.010988,-0.070544,0.000144,0.00021999999999999797,-0.00012100000000000999
15778,-0.005458,0.001149,-0.065204,0.00015800000000000015,0.00028800000000000006,7.799999999999474e-05
14276,0.012054,-0.009484999999999999,-0.064521,0.00026799999999999914,0.0002559999999999993,-8.299999999999974e-05
15518,0.008872,0.008637,-0.074443,-0.00013699999999999997,7.300000000000015e-05,-0.0001950000000000146
15785,0.001229,-0.002372,-0.063627,0.0003039999999999998,0.00028299999999999983,-7.600000000000662e-05
11434,-0.008235,0.001822,-0.069175,0.00012999999999999817,5.6999999999999976e-05,-4.000000000004e-06
12809,0.004373,-0.004552,-0.073195,-4.6000000000000034e-05,8.99999999999998e-05,-7.700000000000762e-05
15275,-0.010875,0.005018,-0.065357,4.1999999999998636e-05,6.800000000000035e-05,-2.3999999999996247e-05
9721,-0.001416,0.004619,-0.07281499999999999,-5.600000000000006e-05,0.00012199999999999971,-0.0001900000000000096
14176,0.001908,-0.0068579999999999995,-0.07218300000000001,-4.49999999999999e-05,0.00010699999999999946,3.800000000001025e-05
13421,-0.008959,-0.010567,-0.067125,4.800000000000117e-05,0.00017800000000000107,4.500000000000337e-05
14114,-0.015104,-0.010121999999999999,-0.073822,-3.0000000000000512e-05,5.4999999999999494e-05,-0.0001799999999999996
14242,-0.008986000000000001,-0.006151,-0.065433,0.00011100000000000172,0.00012899999999999977,5.000000000000837e-05
14687,0.003528,0.010571,-0.076047,-7.799999999999951e-05,-3.399999999999931e-05,-0.00010199999999999099
9696,-0.003263,0.005927,-0.069459,-4.300000000000007e-05,0.00025600000000000015,-0.00010299999999999199
9874,0.014256999999999999,0.001556,-0.068333,0.00010500000000000093,0.00015399999999999984,-0.00010599999999999499
12181,0.012807,0.001738,-0.071498,-2.700000000000098e-05,0.0001479999999999999,-0.00013299999999999423
14232,0.001598,0.004814,-0.073046,-0.00011200000000000012,6.400000000000069e-05,-0.00011000000000001287
15128,-0.0075179999999999995,0.012295,-0.07102599999999999,-8.900000000000054e-05,0.00021099999999999938,-5.9000000000003494e-05
14435,-0.002926,-0.002549,-0.073932,-2.1999999999999884e-05,0.00011800000000000005,4.900000000000737e-05
14442,-0.006167,-0.004208999999999999,-0.06798799999999999,4.30000000000005e-05,0.0001749999999999998,0.00024299999999999322
15134,0.006652,0.000259,-0.063475,2.599999999999998e-05,6.800000000000003e-05,0.00014600000000000724
15433,-0.011026,0.005405999999999999,-0.07210599999999999,-7.500000000000215e-05,3.0000000000000512e-05,-2.6000000000012125e-05
15991,-0.0022949999999999997,0.010829,-0.071387,-5.8000000000000326e-05,1.799999999999892e-05,-5.7000000000001494e-05
9640,-0.0017800000000000001,0.007418999999999999,-0.07173,-0.00015099999999999988,9.700000000000073e-05,-0.0001789999999999986
14983,0.016564,0.0061459999999999996,-0.06951900000000001,-1.9999999999985307e-06,8.5e-05,-0.00018599999999999173
13575,0.0159,-0.01185,-0.07112600000000001,-9.999999999999593e-06,0.00017499999999999807,-3.499999999999337e-05
14439,0.004923,-0.0031349999999999998,-0.070544,8.799999999999954e-05,3.5999999999999574e-05,-0.00015000000000001124
9694,-0.008153,-0.0029140000000000004,-0.069762,-4.49999999999999e-05,9.800000000000043e-05,0.0001239999999999991
14118,-0.009125,-0.002543,-0.06766,6.999999999999888e-05,0.00015299999999999992,0.00019199999999999773
15775,-0.015007,0.010554000000000001,-0.072912,-0.00011300000000000025,7.799999999999821e-05,-1.7000000000003124e-05
13856,0.0029089999999999997,0.011319000000000001,-0.063567,-7.599999999999968e-05,0.00017099999999999928,5.7000000000001494e-05
9782,-0.000859,-0.007309,-0.07203100000000001,-5.600000000000006e-05,3.1000000000000645e-05,4.800000000000637e-05
15793,0.006122,-0.013117,-0.066665,0.000268,6.999999999999888e-05,7.499999999999174e-05
9797,0.010889,0.006537,-0.072427,-0.00013599999999999897,-4.399999999999977e-05,-0.00021000000000000185
15201,0.015829,-0.007867,-0.074319,-7.399999999999768e-05,4.1000000000001105e-05,-0.0001229999999999981
15840,-0.003408,-0.009454,-0.07049899999999999,5.199999999999996e-05,0.00011800000000000005,0.00012899999999999023
16112,0.01069,0.011389,-0.06276,-4.5999999999999167e-05,0.00031899999999999984,-0.00012199999999999711
13418,-0.0005,-0.006326,-0.066323,8.900000000000005e-05,0.0003129999999999999,-0.00015300000000000036
14794,0.010650999999999999,0.005202,-0.066483,-4.1999999999998636e-05,0.00027099999999999954,-6.999999999993123e-06
9794,0.0067009999999999995,0.009464,-0.073597,-0.0001879999999999998,9.299999999999933e-05,-0.00015100000000001224
14099,0.006876999999999999,0.002169,-0.07176099999999999,-6.199999999999869e-05,1.4000000000000123e-05,-0.00015800000000000536
12749,-0.006719999999999999,-0.000304,-0.06799,4.0000000000000105e-05,0.000291,-9.300000000000974e-05
15788,0.0026219999999999998,-0.0049169999999999995,-0.076509,-1.1999999999999858e-05,1.599999999999952e-05,-8.600000000000274e-05
9847,-0.009445,0.006169,-0.07,6.000000000000796e-06,-1.7999999999999787e-05,-0.00010599999999998111
12422,-0.013281000000000001,0.005327,-0.073965,-8.000000000000021e-05,-7.000000000000062e-06,3.0000000000002247e-05
14440,-0.013037,0.007283,-0.071089,-8.200000000000048e-05,0.0,1.000000000001e-06
14111,0.00745,-0.00445,-0.070838,-1.0999999999999725e-05,5.099999999999983e-05,-0.00010200000000000486
9796,-0.013,0.010414999999999999,-0.065359,-1.899999999999992e-05,4.60000000000009e-05,2.5999999999998247e-05
15832,-0.0015309999999999998,-0.012897,-0.068098,2.9999999999999862e-05,5.199999999999996e-05,-0.00010099999999998999
15817,-0.001632,0.000515,-0.07161400000000001,9.8e-05,0.00018499999999999994,-0.0002319999999999961
10236,0.00732,0.0029140000000000004,-0.072105,-0.00012600000000000024,1.8999999999999486e-05,-0.0001820000000000016
12070,-0.007097,0.009439999999999999,-0.076558,-2.8000000000000247e-05,5.900000000000176e-05,-8.600000000000274e-05
13101,-0.011863,0.0018440000000000002,-0.063474,6.500000000000082e-05,0.0002149999999999999,3.0000000000002247e-05
14200,-0.006439,0.0019,-0.063864,0.0001590000000000003,0.00018399999999999992,9.699999999999986e-05
14264,0.005091,0.000588,-0.06606999999999999,0.00017899999999999947,0.000276,-3.500000000000725e-05
15216,-0.004202,0.001503,-0.06786700000000001,-4.999999999999796e-06,0.00023800000000000015,-0.00010899999999998411
15782,0.0015329999999999999,0.012032,-0.070572,-6.0999999999999856e-05,7.099999999999988e-05,-0.00015899999999999248
13780,0.013637,-0.00551,-0.065675,9.999999999992654e-07,0.0002340000000000007,-7.500000000000562e-05
11073,-0.003439,-0.000406,-0.071534,0.00014000000000000037,0.000189,-1.2999999999999123e-05
14767,-0.007883,-0.005848,-0.067126,7.399999999999941e-05,0.0001749999999999998,7.999999999999674e-05
14447,-0.008952,0.012204000000000001,-0.069615,-8.700000000000027e-05,5.899999999999829e-05,-2.0999999999993246e-05
9743,-0.001042,-0.0072169999999999995,-0.06769499999999999,7.6e-05,0.00031400000000000004,-0.00011300000000001587
15786,-0.00584,0.004151,-0.074115,-5.4999999999999494e-05,9.999999999999593e-06,-9.699999999999986e-05
15794,-0.011912,0.009663999999999999,-0.06548699999999999,6.000000000000796e-06,2.300000000000045e-05,-3.2000000000018125e-05
10067,-0.010561,0.009346,-0.063751,2.6999999999999247e-05,0.0001460000000000003,-8.500000000000174e-05
15105,-0.001446,0.010183999999999999,-0.062368,-8.200000000000004e-05,0.000197000000000001,2.3999999999996247e-05
9804,-0.00788,0.001805,-0.064149,5.10000000000007e-05,0.00015099999999999988,8.299999999999974e-05
15851,-0.000231,-0.010034000000000001,-0.071505,0.000283,0.0002420000000000009,5.6000000000000494e-05
12061,-0.0005679999999999999,0.0008359999999999999,-0.07142100000000001,5.099999999999994e-05,0.00017600000000000016,-0.00013699999999999823
13745,0.002689,0.004929,-0.074169,-8.99999999999998e-05,5.9000000000000025e-05,-0.0001229999999999981
11791,0.01016,-0.009500999999999999,-0.071006,2.8000000000000247e-05,0.00012199999999999885,-7.000000000007001e-06
15319,0.01461,-0.004197,-0.06599200000000001,1.1999999999999858e-05,0.00016699999999999961,-4.999999999999449e-05
15527,-0.014830999999999999,0.012088,-0.07298099999999999,-0.00011599999999999978,-7.999999999999327e-06,-1.6000000000016e-05
15866,-0.005543,-0.002654,-0.07295600000000001,3.4000000000000176e-05,0.00016400000000000008,4.400000000000237e-05
12518,-0.005925,-0.000741,-0.067503,4.69999999999993e-05,0.000344,1.000000000001e-06
12770,-0.008856,0.010134,-0.062831,4.99999999999997e-05,0.0001899999999999992,-1.2999999999999123e-05
16047,0.01638,-0.007783,-0.070315,-7.799999999999821e-05,2.7000000000000114e-05,-0.00013899999999998636
15966,-0.011414,0.00856,-0.07474800000000001,-0.0001010000000000004,7.700000000000068e-05,-0.00012899999999999023
15815,0.010086,-0.007657,-0.071135,9.000000000000327e-06,7.099999999999902e-05,-0.00011099999999998611
14177,-0.003933,-0.005764999999999999,-0.06727899999999999,0.00011699999999999992,0.0003019999999999993,0.0002249999999999891
14122,0.013782,-0.0006730000000000001,-0.063209,0.00012499999999999838,0.0002180000000000001,-5.1999999999996493e-05
9766,0.012802,0.005452,-0.074265,-9.699999999999986e-05,-1.4000000000000123e-05,-0.0001270000000000021
14646,0.015702999999999998,-0.007586000000000001,-0.071473,-7.699999999999721e-05,7.700000000000068e-05,-0.0002420000000000061
9980,0.00786,0.007958999999999999,-0.072092,-0.00015800000000000102,8.000000000001062e-06,-0.0001830000000000026
14123,0.007253999999999999,-0.005868,-0.06878100000000001,-4.299999999999877e-05,6.399999999999982e-05,-0.00013199999999999323
13177,-0.011784000000000001,0.0011790000000000001,-0.06729,1.2000000000001593e-05,0.00011699999999999992,2.0000000000006124e-05
12212,-0.01273,0.0017620000000000001,-0.070466,-3.0000000000012655e-06,-2.099999999999997e-05,-7.799999999999474e-05
9964,0.002057,-0.010314,-0.07091800000000001,0.00011100000000000042,6.399999999999982e-05,-8.999999999999286e-05
14191,0.008723000000000002,-0.0047859999999999995,-0.07296,-3.700000000000231e-05,7.799999999999908e-05,-7.799999999999474e-05
14332,0.010348000000000001,-0.000437,-0.06568399999999999,8.099999999999948e-05,0.000231,-6.90000000000135e-05
15633,0.008355,0.003624,-0.073604,-0.00015199999999999936,6.600000000000009e-05,-0.00022099999999999898
11417,0.00802,0.009364,-0.065446,-0.0001289999999999989,0.00011599999999999978,-8.899999999999186e-05
11738,0.015751,0.003069,-0.070377,-8.100000000000121e-05,0.00013999999999999993,-0.00014700000000000824
13415,-0.005181,-0.003642,-0.067842,6.899999999999962e-05,0.00026500000000000004,8.999999999995123e-06
14503,-0.006275,-0.001017,-0.067091,-9.999999999992654e-07,0.00034099999999999983,-5.7000000000001494e-05
12090,0.014118,0.0019190000000000001,-0.069982,1.600000000000039e-05,0.00011299999999999982,-0.00018699999999999273
9853,-0.011041,-0.0069960000000000005,-0.068679,0.00010700000000000119,0.00017599999999999994,7.400000000000462e-05
10573,0.00694,8.2e-05,-0.069537,0.0001429999999999999,0.00017800000000000004,-0.00017200000000000548
15823,-0.011401,-0.008196,-0.06079,3.999999999998796e-06,0.00012800000000000138,-0.00010700000000000293
9679,0.003269,0.010551,-0.06798900000000001,-4.9e-05,0.00020100000000000152,-7.799999999998086e-05
9695,0.001539,-0.0044859999999999995,-0.070877,-2.3000000000000017e-05,0.00022599999999999964,3.399999999999237e-05
15904,0.008115,0.003762,-0.070848,-0.00016299999999999995,-5.00000000000023e-06,-0.00011799999999999311
13792,0.013455,0.004745,-0.073047,-6.600000000000009e-05,1.4000000000000123e-05,-0.00019199999999999773
15818,-0.01092,-0.004509,-0.067461,8.599999999999927e-05,0.00016100000000000055,0.00019799999999998985
11304,0.005723,-0.0034049999999999996,-0.07105700000000001,3.099999999999978e-05,6.999999999999975e-05,-0.0001759999999999956
15886,0.017803999999999997,0.001042,-0.06783,3.200000000000078e-05,0.00014999999999999996,-0.00016200000000000936
15127,-0.005654,-0.008728,-0.06995399999999999,7.500000000000041e-05,0.00022699999999999977,9.999999999871223e-07
15108,-0.0034100000000000003,0.001691,-0.06616899999999999,8.000000000000021e-05,0.00024200000000000003,-0.0001890000000000086
9170,-0.007189,0.007153,-0.07080700000000001,-7.200000000000002e-05,0.00010800000000000046,-0.00024399999999999422
15092,-0.001931,0.006296,-0.068064,-1.2000000000000075e-05,0.00018699999999999967,-3.699999999999537e-05
9681,0.013512,0.00276,-0.072025,-7.799999999999994e-05,0.00014899999999999983,-0.00025799999999999434
15780,0.006318,0.008898999999999999,-0.07206900000000001,-0.00013599999999999984,4.700000000000017e-05,-0.0001729999999999926
15441,-0.008199,0.007717,-0.063803,6.000000000000796e-06,0.0003899999999999997,-0.00014599999999999336
14106,-0.001717,0.010665,-0.06986,-0.00012399999999999998,1.000000000001e-06,-6.999999999993123e-06
13209,-0.010607,-0.003038,-0.067371,0.00023800000000000036,0.00027399999999999994,0.00013599999999999723
15480,0.010223000000000001,-0.009674,-0.072551,-4.4000000000000636e-05,7.500000000000041e-05,-4.399999999998849e-05
15784,-0.01173,0.008162,-0.07562,-0.00011399999999999778,7.999999999999327e-06,-4.999999999999449e-05
9671,0.000402,0.0035600000000000002,-0.068552,-9.000000000000002e-06,0.00021099999999999982,-0.00013699999999998436
14652,0.010979,0.004095,-0.06421500000000001,2.6000000000001716e-05,0.00020100000000000066,-5.7999999999988616e-05
10371,0.009274,0.006844,-0.066912,-3.8999999999999105e-05,0.00018199999999999987,-2.4000000000010124e-05
9697,0.001544,0.0035600000000000002,-0.069316,-4.300000000000007e-05,0.00015499999999999976,-0.00010299999999999199
14760,-0.010273999999999998,-0.003121,-0.068537,9.89999999999984e-05,0.00012800000000000008,4.200000000000037e-05
15125,0.009215999999999998,0.002859,-0.063415,7.600000000000141e-05,0.000294,6.599999999999662e-05
9956,-0.000778,0.0015300000000000001,-0.068774,6.800000000000013e-05,0.0001559999999999999,-0.0001749999999999946
9206,0.011545,0.010784,-0.070467,-5.10000000000007e-05,-2.999999999999531e-06,-0.00017000000000000348
14453,-0.007621,-0.008251,-0.06482299999999999,0.00011999999999999945,0.0001860000000000004,-0.00011500000000000399
15447,-0.007588,0.00014000000000000001,-0.068515,1.2000000000000725e-05,0.00015799999999999996,-1.9999999999881224e-06
9901,0.011663999999999999,0.00698,-0.06978,-8.3999999999999e-05,2.199999999999945e-05,-0.00015300000000001424
9673,0.001769,0.004597,-0.06771899999999999,2.3000000000000017e-05,0.0001719999999999994,-5.400000000001237e-05
10783,0.005417,0.0008900000000000001,-0.06554399999999999,0.00014999999999999996,0.00022200000000000008,-7.30000000000175e-05
10740,0.011635999999999999,-0.000643,-0.069823,-1.9999999999985307e-06,0.00011399999999999995,-7.799999999999474e-05
15925,0.009192,-0.002665,-0.062392,0.00019500000000000073,0.00032799999999999973,-0.0002279999999999921
13848,-0.003419,-0.012261,-0.065682,0.00017200000000000028,0.00014299999999999903,-0.00020199999999999385
11803,-0.000249,0.008508,-0.068173,-0.00014700000000000005,0.00013200000000000017,4.000000000004e-06
15224,-0.001044,0.0064459999999999995,-0.07092,-1.0000000000000026e-05,0.00012900000000000064,-0.0001709999999999906
10415,0.007248,0.009013,-0.068259,-0.00012799999999999964,0.0002199999999999997,-0.00015600000000000336
15102,0.005346,-0.009153,-0.062411,1.0000000000001327e-06,0.00024099999999999816,-0.00011200000000000793
9670,0.005941,0.00859,-0.070299,-6.000000000000016e-05,4.49999999999999e-05,-8.400000000000074e-05
13591,0.013068,-0.000722,-0.06774,0.00013699999999999997,0.00021099999999999992,-0.0001229999999999981
12283,0.013118000000000001,0.010478999999999999,-0.067319,-0.00010700000000000119,9.000000000000327e-06,-0.00012899999999999023
10005,0.014036,0.0008219999999999999,-0.06572199999999999,9.99999999999994e-05,0.00021600000000000015,-7.900000000000962e-05
9683,0.00871,-0.004447,-0.06966599999999999,8.199999999999874e-05,6.400000000000069e-05,-0.00011500000000001787
10017,-0.0033380000000000003,0.001738,-0.07181699999999999,0.00010300000000000023,0.00021700000000000018,-5.7000000000001494e-05
12743,-0.0027040000000000002,0.00037,-0.07263299999999999,5.8000000000000326e-05,0.00011200000000000001,-7.500000000000562e-05
15458,-0.003458,-0.01158,-0.063887,0.00026500000000000004,0.00020599999999999959,-9.599999999999886e-05
9680,0.008111,0.00248,-0.06853400000000001,6.100000000000029e-05,0.00014300000000000033,-0.00011699999999997823
12745,0.008063,0.003417,-0.068247,2.8999999999999512e-05,0.00017000000000000045,-0.00012699999999998823
9977,0.006784,-0.0019299999999999999,-0.070479,5.9000000000000025e-05,0.0001259999999999998,-0.00021399999999999197
9835,-0.008189,0.006524,-0.064929,9.000000000000327e-06,0.00017599999999999994,-5.7000000000001494e-05
14208,0.001812,0.005068,-0.064415,7.900000000000008e-05,0.0003000000000000008,5.999999999992123e-06
12475,0.013404999999999999,-0.006295,-0.071081,0.00011300000000000199,0.00014000000000000037,-2.799999999998637e-05
13485,-0.003442,0.003423,-0.06845399999999999,4.700000000000017e-05,0.000291,-0.0001350000000000101
11102,0.000575,0.008317999999999999,-0.072154,-0.000236,-5.599999999999876e-05,-0.00011800000000000699
15599,-0.013016999999999999,-0.003898,-0.072212,-1.000000000001e-06,0.000219,4.300000000000137e-05
15096,-0.008218999999999999,-0.009137000000000001,-0.066219,-6.800000000000209e-05,0.00036500000000000074,-2.0000000000006124e-05
15462,-0.0006820000000000001,-0.004861,-0.069059,0.00013100000000000004,0.00034,-8.700000000000374e-05
15333,0.017942,-0.007013,-0.071494,-0.00014100000000000223,3.099999999999978e-05,-0.00015399999999998748
10367,0.012173999999999999,-0.0052320000000000005,-0.06898399999999999,7.300000000000015e-05,0.00014800000000000056,-7.500000000000562e-05
13192,-0.00642,0.004297,-0.06939400000000001,7.400000000000028e-05,7.900000000000094e-05,-9.899999999998799e-05
10752,0.006008,-0.00304,-0.064789,6.099999999999942e-05,0.00020100000000000022,-0.00019900000000000473
10756,-0.012211999999999999,0.00522,-0.068758,-4.900000000000043e-05,-6.700000000000022e-05,-2.3000000000009124e-05
15920,0.007322,0.0121,-0.06982,-4.0000000000000105e-05,-2.099999999999845e-05,-5.099999999999549e-05
14192,0.013233,0.008905,-0.07083,-8.699999999999854e-05,6.500000000000082e-05,-0.0002859999999999946
10018,0.010876,-0.005787,-0.066982,2.8999999999999512e-05,9.900000000000013e-05,3.100000000000325e-05
15839,0.015303,-0.012507999999999998,-0.068798,3.699999999999884e-05,0.00021399999999999718,-2.0000000000006124e-05
11107,0.014164999999999999,-0.004551,-0.068992,8.200000000000048e-05,0.0001410000000000005,-0.00011300000000000199
8985,0.007741,0.009529,-0.070635,-0.00011599999999999978,-1.4999999999999389e-05,-0.00010100000000000386
11420,-0.009702,0.001822,-0.06717400000000001,2.5000000000000716e-05,0.000289,4.500000000000337e-05
15610,0.016698,0.008856,-0.065774,5.199999999999996e-05,1.2000000000001593e-05,-0.0002450000000000091
15187,-0.0027559999999999998,0.005681,-0.070212,-5.8000000000000326e-05,0.00019200000000000033,-0.0001300000000000051
11523,-0.007168,-0.009767,-0.066599,-1.1999999999999858e-05,0.00031299999999999904,-2.499999999998337e-05
12971,-0.002599,0.00762,-0.066386,-6.999999999999975e-05,0.00021100000000000112,-4.900000000000737e-05
15439,0.0005629999999999999,0.00053,-0.068773,0.0001690000000000001,0.000178,-0.00019099999999999673
12062,-0.001232,-0.000718,-0.071637,0.00010099999999999996,0.00015799999999999994,-7.499999999999174e-05
9660,0.005213,0.002343,-0.068532,1.5000000000000256e-05,7.399999999999985e-05,-8.500000000001562e-05
15877,-0.012611,-0.012592,-0.06903400000000001,0.00012700000000000038,0.00027199999999999967,-6.199999999999262e-05
10413,0.005254,0.008154,-0.06995699999999999,-4.2999999999999636e-05,-2.0000000000002655e-06,-0.00014000000000000123
9183,0.009495,0.004161,-0.066542,5.999999999999062e-06,0.00017299999999999954,-6.299999999999362e-05
13081,0.010099,0.007953,-0.070062,-0.0001739999999999988,4.99999999999997e-05,-0.0002319999999999961
10129,0.014887000000000001,-0.007142000000000001,-0.071362,0.0,8.300000000000061e-05,-9.199999999999486e-05
9995,-0.002285,-0.001529,-0.071164,0.00011299999999999982,0.00019499999999999986,-6.899999999999962e-05
10462,0.011854,-0.00188,-0.069452,7.699999999999894e-05,0.00015299999999999992,-0.00010799999999999699
11773,0.009784000000000001,0.010667,-0.067236,-0.00010000000000000113,-2.6999999999999247e-05,-0.0001250000000000001
10082,0.009121,0.011621000000000001,-0.067619,6.199999999999956e-05,7.799999999999821e-05,-0.00014300000000000423
14446,-0.012189,-0.000127,-0.068896,1.8000000000000654e-05,2.6999999999999992e-05,-7.999999999994123e-06
9724,0.004916,0.004169,-0.067748,3.899999999999997e-05,0.00012700000000000038,-2.9000000000001247e-05
13766,-0.01294,-0.008074,-0.068191,8.799999999999954e-05,0.00021099999999999938,0.00017300000000000648
15632,0.009630000000000001,0.010843,-0.069328,3.5999999999999574e-05,-0.00010399999999999993,-7.500000000000562e-05
9675,0.008747,0.00369,-0.068992,1.5000000000001124e-05,0.00020599999999999959,-0.00010799999999999699
14131,0.013533,-0.003402,-0.06836700000000001,0.00011099999999999999,0.00020600000000000002,-0.00012599999999998723
10746,0.008762,0.010441,-0.06910200000000001,-7.000000000000062e-05,0.00013099999999999917,-0.00013899999999998636
9764,0.010827,-0.002054,-0.068294,0.00015000000000000083,0.00011899999999999975,-0.00012000000000000899
12914,0.012482,-0.002183,-0.069095,9.10000000000008e-05,0.00019899999999999996,-0.00010099999999998999
12819,-0.008154,0.00491,-0.068785,5.899999999999829e-05,6.499999999999909e-05,-0.00013499999999999623
9857,0.007297,0.006513,-0.0701,-0.00015399999999999962,0.00010500000000000093,-6.70000000000115e-05
9845,0.013972,-0.006038,-0.069978,3.300000000000004e-05,0.00010199999999999966,-0.00016000000000000736
13741,0.003729,-0.0046559999999999995,-0.066094,0.0001709999999999997,0.00015700000000000002,-0.00013499999999999623
12758,0.0054859999999999996,-0.005073,-0.06555200000000001,4.60000000000009e-05,0.0001460000000000003,-0.00021299999999999097
15103,0.001426,-0.006169,-0.065185,0.00013900000000000002,0.0002520000000000005,-0.00014899999999999636
13640,0.01557,0.008201,-0.066869,-2.700000000000098e-05,3.099999999999978e-05,-0.00033900000000000596
14468,-0.011452,-0.005716000000000001,-0.069127,4.2999999999999636e-05,0.0001860000000000004,5.099999999999549e-05
11113,0.003165,-0.0060019999999999995,-0.070357,-7.299999999999971e-05,0.00023599999999999923,-4.799999999999249e-05
15813,0.0066630000000000005,0.0047729999999999995,-0.06676699999999999,0.00011399999999999952,0.00011800000000000092,1.6999999999989246e-05
10157,0.0015129999999999998,-0.010091,-0.07316800000000001,3.100000000000021e-05,0.0001250000000000001,-4.499999999998949e-05
9772,0.012091,-0.004091,-0.06905700000000001,4.0000000000000105e-05,0.00017900000000000034,-4.999999999999449e-05
15121,0.000458,-0.006382,-0.064058,0.0001319999999999999,0.0002729999999999998,-0.00014499999999999236
15880,-0.00933,-0.012643000000000001,-0.068926,0.00013200000000000017,0.0003010000000000009,-0.00019199999999999773
