Particle,x,y,z,Vx,Vy,Vz
17483,0.002083,0.010055999999999999,-0.070023,0.0,0.0,0.0
21096,-0.005311,0.001987,-0.06118,0.0,0.0,0.0
20091,0.009448,-0.002749,-0.06948900000000001,0.0,0.0,0.0
21043,-0.004607,0.01143,-0.061558,0.0,0.0,0.0
20466,-0.008208,0.011988,-0.07455500000000001,0.0,0.0,0.0
21061,0.008061,-0.008342,-0.068809,0.0,0.0,0.0
20255,0.003633,0.006503,-0.059764000000000005,0.0,0.0,0.0
17417,-0.011013,-0.0006590000000000001,-0.063952,0.0,0.0,0.0
20922,0.005712,-0.012573,-0.06548699999999999,0.0,0.0,0.0
19802,0.006764,0.008849000000000001,-0.060865999999999996,0.0,0.0,0.0
21140,-0.013851,0.01267,-0.067172,0.0,0.0,0.0
21068,0.012924,-0.0036880000000000003,-0.075374,0.0,0.0,0.0
20137,-0.007958999999999999,-0.001739,-0.06889,0.0,0.0,0.0
17750,0.001865,-0.009797,-0.07643000000000001,0.0,0.0,0.0
20815,0.006345,-0.000967,-0.060141,0.0,0.0,0.0
21066,-0.010216,0.003738,-0.07575799999999999,0.0,0.0,0.0
9683,0.008735,-0.0033450000000000003,-0.071853,0.0,0.0,0.0
20738,-0.004939,0.009919,-0.07482,0.0,0.0,0.0
20729,-0.0016200000000000001,-0.0009649999999999999,-0.064768,0.0,0.0,0.0
21264,-0.004981,0.001118,-0.07613400000000001,0.0,0.0,0.0
19078,0.001506,0.003598,-0.06431,0.0,0.0,0.0
10017,-0.002169,0.004965,-0.074212,0.0,0.0,0.0
21231,-0.0010860000000000002,-0.012797000000000001,-0.065837,0.0,0.0,0.0
20809,0.005879,-0.005106,-0.06438200000000001,0.0,0.0,0.0
20759,-0.013509,0.008233,-0.076663,0.0,0.0,0.0
16214,0.0012079999999999999,0.00492,-0.066929,0.0,0.0,0.0
21274,0.005704,-0.012312,-0.07260599999999999,0.0,0.0,0.0
20082,-0.00095,0.011928000000000001,-0.0633,0.0,0.0,0.0
20831,0.010799,-0.007320999999999999,-0.06584699999999999,0.0,0.0,0.0
21191,-0.0055179999999999995,-0.008349,-0.077087,0.0,0.0,0.0
19192,-0.013652,0.009424,-0.073369,0.0,0.0,0.0
21145,-0.0037530000000000003,0.008272,-0.06057,0.0,0.0,0.0
21073,0.011151999999999999,0.004082,-0.07485800000000001,0.0,0.0,0.0
20572,-0.014093999999999999,-0.011618999999999999,-0.077197,0.0,0.0,0.0
21255,-0.007779,-0.005413,-0.078168,0.0,0.0,0.0
20827,0.01122,-0.012353999999999999,-0.067265,0.0,0.0,0.0
21088,0.00483,0.003693,-0.066427,0.0,0.0,0.0
20495,0.014924,0.0016519999999999998,-0.059535,0.0,0.0,0.0
20740,0.0077080000000000004,-0.0033039999999999996,-0.074602,0.0,0.0,0.0
18853,0.001446,0.010816000000000001,-0.063413,0.0,0.0,0.0
21249,0.014007,0.00218,-0.061953,0.0,0.0,0.0
18154,-0.005887,-0.004176,-0.06371399999999999,0.0,0.0,0.0
18113,0.002859,0.011878,-0.074114,0.0,0.0,0.0
21234,-0.015316000000000001,-0.011224999999999999,-0.07144299999999999,0.0,0.0,0.0
21220,-0.013177,0.009979,-0.064711,0.0,0.0,0.0
21159,-0.014364,-0.004732,-0.066606,0.0,0.0,0.0
20447,0.015848,-0.006674,-0.071472,0.0,0.0,0.0
20451,0.012714,0.0053230000000000005,-0.063448,0.0,0.0,0.0
20775,0.005376000000000001,0.010546,-0.066259,0.0,0.0,0.0
20667,-0.006564,-0.011668,-0.072989,0.0,0.0,0.0
17757,0.002787,0.00721,-0.06629900000000001,0.0,0.0,0.0
20735,-0.013938,0.006162,-0.070385,0.0,0.0,0.0
21071,0.005793,0.003061,-0.07270900000000001,0.0,0.0,0.0
21076,0.004641,-0.00432,-0.057781,0.0,0.0,0.0
19996,0.010261,-0.0077599999999999995,-0.06307,0.0,0.0,0.0
20472,0.004927,0.004091999999999999,-0.066449,0.0,0.0,0.0
21107,-0.005541000000000001,-0.012029,-0.06445000000000001,0.0,0.0,0.0
19422,-0.012735,0.011787,-0.065276,0.0,0.0,0.0
20084,-0.007246000000000001,0.013297,-0.06511199999999999,0.0,0.0,0.0
20400,0.0048449999999999995,-0.011423,-0.06713200000000001,0.0,0.0,0.0
12743,-0.00093,0.002584,-0.07420600000000001,0.0,0.0,0.0
19947,0.0041340000000000005,-0.005985000000000001,-0.065911,0.0,0.0,0.0
20103,0.016072,0.007942,-0.065286,0.0,0.0,0.0
20728,0.004475,-0.007997,-0.071412,0.0,0.0,0.0
15458,-0.00033,-0.008192999999999999,-0.06742000000000001,0.0,0.0,0.0
18087,-0.0072629999999999995,-0.0012909999999999998,-0.065143,0.0,0.0,0.0
21346,0.0013260000000000001,-0.011165,-0.071873,0.0,0.0,0.0
16625,0.014739,-0.005355,-0.073532,0.0,0.0,0.0
20406,-0.010175,0.0060940000000000005,-0.06556699999999999,0.0,0.0,0.0
20539,0.007873999999999999,-0.004383,-0.063708,0.0,0.0,0.0
20496,0.013939,-0.003012,-0.074061,0.0,0.0,0.0
20658,0.012084,-0.006272000000000001,-0.060933,0.0,0.0,0.0
20846,0.005742,-0.009278999999999999,-0.059151,0.0,0.0,0.0
16847,0.012147,0.011289,-0.070353,0.0,0.0,0.0
16798,-0.0032839999999999996,0.003068,-0.073302,7.699999999999981e-05,0.00016500000000000022,-3.799999999999637e-05
21469,0.01141,-0.009901,-0.074729,-0.00017299999999999954,0.00015300000000000036,-1.9000000000005124e-05
21153,-0.012044000000000001,0.002118,-0.071504,8.800000000000127e-05,5.499999999999993e-05,1.4000000000000123e-05
16485,0.012157,-0.00364,-0.071174,3.300000000000004e-05,5.699999999999976e-05,-5.4999999999999494e-05
21418,-0.006521,0.01192,-0.063583,-0.00010899999999999972,0.00020400000000000106,-5.0000000000050004e-06
19144,-0.005887,-0.004293999999999999,-0.06750199999999999,4.200000000000037e-05,0.00017599999999999907,-8.600000000000274e-05
21475,0.004305,0.002298,-0.063893,0.0002180000000000003,0.0002530000000000002,-0.0002319999999999961
21354,0.00161,-0.0046029999999999995,-0.073157,-2.0000000000000052e-05,0.0001289999999999989,-2.6000000000012125e-05
21166,0.009108,-0.006308,-0.073024,-8.200000000000048e-05,0.00012200000000000058,2.6999999999999247e-05
20424,-0.00369,-0.003549,-0.064947,5.799999999999989e-05,0.00023400000000000027,0.00015199999999999936
21099,0.000743,0.000532,-0.063292,0.00019000000000000006,0.00018499999999999994,-0.00011300000000000199
21141,0.0032400000000000003,-0.0029300000000000003,-0.062912,0.00015400000000000006,0.00026800000000000044,-0.00021000000000000185
20412,0.0123,-0.000592,-0.072254,3.5999999999999574e-05,8.5e-05,-9.900000000000186e-05
20926,-0.011904999999999999,-0.004018,-0.07489,7.799999999999821e-05,-3.799999999999984e-05,3.0000000000030003e-06
16269,-0.003868,0.010922000000000001,-0.076156,-5.9000000000000025e-05,0.00018799999999999893,-0.00016599999999999948
19543,0.000906,-0.010108,-0.075009,0.00010499999999999995,0.00018500000000000114,8.000000000008e-06
21070,-0.013873,0.001578,-0.072247,5.6000000000000494e-05,6.100000000000007e-05,-0.0001769999999999966
9680,0.008459,0.005649,-0.07069199999999999,-4.49999999999999e-05,0.0002149999999999999,-0.000123000000000012
21545,-0.011005000000000001,0.000749,-0.060491,8.100000000000121e-05,0.00014100000000000007,0.00017900000000000554
20991,0.012802,0.007057000000000001,-0.065618,-7.000000000000062e-06,0.0001549999999999989,-4.000000000004e-06
19083,-0.00818,0.002148,-0.071967,2.5000000000000716e-05,-5.00000000000023e-06,3.0000000000002247e-05
12745,0.00802,0.0057729999999999995,-0.069968,0.0,0.0001360000000000007,-0.00011200000000000099
21425,-0.007546000000000001,-0.010603999999999999,-0.06959699999999999,0.00019600000000000086,0.0002389999999999979,-8.000000000001062e-05
21134,0.00846,-0.004502,-0.060687,0.0001570000000000009,0.00022400000000000024,-0.000456000000000005
21410,0.010154999999999999,-0.010661,-0.06473000000000001,0.0001460000000000003,3.300000000000004e-05,-5.7000000000001494e-05
20802,0.002371,-0.010641,-0.064343,0.0002230000000000001,0.00019699999999999926,-0.00028300000000000547
19105,-0.014164999999999999,-0.004193,-0.068228,6.899999999999788e-05,0.0002749999999999992,0.00013599999999999723
21359,-0.007123,-0.012221,-0.062857,9.699999999999986e-05,0.00016500000000000022,-0.00010999999999999899
18908,-0.001399,0.000258,-0.065583,8.000000000000021e-05,0.000241,-0.0001290000000000041
16558,0.000326,0.0023079999999999997,-0.071726,0.000114,0.0002890000000000002,-7.900000000000962e-05
20179,-0.002628,-0.002555,-0.07165600000000001,8.799999999999997e-05,0.000183,9.499999999999786e-05
19528,0.006266,0.009675000000000001,-0.07581,-0.00025799999999999955,5.299999999999923e-05,1.5000000000001124e-05
20708,-0.008844,0.00931,-0.074352,-9.299999999999933e-05,0.00017099999999999928,-7.500000000000562e-05
21495,-0.010171,0.006309,-0.065078,2.2000000000001185e-05,0.00012000000000000031,-9.000000000000674e-05
20842,-0.0038650000000000004,-0.0046040000000000005,-0.061902,0.0002790000000000006,0.00015700000000000002,-7.000000000000062e-06
21147,-0.0015760000000000001,0.009802,-0.05627600000000001,1.5000000000000256e-05,0.0001870000000000014,0.00013600000000000417
20764,0.006723,-0.008903000000000001,-0.075771,3.500000000000031e-05,6.900000000000135e-05,-8.299999999999974e-05
18764,0.010267,-0.002892,-0.065849,0.00020300000000000006,-6.899999999999962e-05,-9.099999999999386e-05
21113,0.011375999999999999,-0.01081,-0.064584,0.0002570000000000003,0.0001559999999999999,0.0001310000000000061
21364,0.013552,0.005331000000000001,-0.073372,-0.0001310000000000009,0.00014899999999999983,-0.00014199999999998936
19769,0.013373,0.01177,-0.074474,-0.0001349999999999997,2.5000000000000716e-05,-0.00015700000000000436
21267,0.014433999999999999,0.005742,-0.064234,0.00012100000000000131,0.0001590000000000003,6.599999999999662e-05
21295,0.000229,-0.004367,-0.07648,6.399999999999996e-05,8.5e-05,6.1000000000005494e-05
21373,0.002886,0.008017,-0.075504,-0.00011299999999999982,3.199999999999904e-05,-0.00017200000000000548
20634,-0.007465,-0.006634999999999999,-0.077438,2.2000000000000318e-05,4.799999999999943e-05,-3.9999999999901226e-06
9977,0.007427,-0.00027,-0.074375,-5.599999999999876e-05,2.9e-05,-0.00014100000000000223
18777,0.006471,0.0037839999999999996,-0.063865,1.599999999999952e-05,0.0002690000000000006,-0.00014099999999998836
19816,0.011549,0.005472,-0.065155,2.999999999999531e-06,0.00021399999999999978,-7.299999999998974e-05
21347,0.001825,0.008138,-0.06986,-4.800000000000008e-05,0.00016200000000000069,-1.1999999999998123e-05
9835,-0.008334,0.010265,-0.066145,-3.300000000000178e-05,0.000255,-9.800000000000086e-05
21230,0.016013000000000003,-0.009677,-0.07478900000000001,-0.00011000000000000246,1.3000000000000858e-05,4.099999999999937e-05
20917,-0.001742,0.01294,-0.060215000000000005,-7.499999999999998e-05,0.00020199999999999906,-0.00012399999999999217
21167,-0.001724,-0.002112,-0.060796,0.00014400000000000003,0.0001380000000000001,1.1000000000004062e-05
20717,0.008217,-0.012643000000000001,-0.06989400000000001,1.6999999999999654e-05,-8.99999999999998e-05,8.700000000000374e-05
21480,-0.002521,0.011641,-0.065403,-6.499999999999995e-05,6.799999999999862e-05,0.0003180000000000127
21055,-0.013382,0.001667,-0.076896,-7.000000000000062e-06,3.199999999999991e-05,-7.599999999999274e-05
21518,-0.013196999999999999,0.007183,-0.07575,-7.400000000000288e-05,5.199999999999996e-05,-3.700000000000925e-05
21544,-0.009369,0.006772,-0.064328,9.000000000000327e-06,9.8e-05,-0.00025699999999999334
21550,0.013555,0.006799,-0.0741,-0.00011999999999999858,0.00016400000000000008,-0.0002339999999999981
21560,-0.012769,-0.010411,-0.068986,0.00013200000000000017,0.0002270000000000015,-0.00015400000000000136
20745,0.007556,-0.010901999999999998,-0.06848900000000001,0.00035799999999999894,-6.100000000000029e-05,-0.00011399999999998911
20401,-0.006569,-0.0009419999999999999,-0.0746,0.00014400000000000003,0.00013599999999999984,-8.999999999999286e-05
20797,-0.002523,0.008587999999999998,-0.060601999999999996,-4.999999999999796e-06,0.00019000000000000267,0.0001470000000000013
20887,0.0031509999999999997,-0.0022879999999999997,-0.075205,-9.199999999999963e-05,0.00018599999999999997,-7.999999999999674e-05
19785,0.006869,-0.006612,-0.074442,-9.60000000000006e-05,0.00010999999999999985,-3.200000000000425e-05
20436,0.004214000000000001,-0.010518000000000001,-0.069635,0.0001399999999999995,1.4000000000001858e-05,0.00022700000000000498
21039,-0.003542,0.008811,-0.06919700000000001,-1.999999999999962e-05,0.00021700000000000191,-7.899999999998186e-05
18825,-0.005354,0.0020510000000000003,-0.069038,8.199999999999961e-05,6.799999999999992e-05,-3.0000000000002247e-05
20730,0.00088,-0.01244,-0.067676,0.00014899999999999994,0.0001920000000000012,-0.0003480000000000011
21724,-0.013756,0.009013,-0.07089100000000001,4.70000000000019e-05,4.89999999999987e-05,-2.3999999999996247e-05
21380,0.010213,-0.005474000000000001,-0.064858,2.300000000000045e-05,6.400000000000069e-05,-7.800000000000862e-05
21836,-0.005073,-0.011388,-0.065372,0.0001590000000000003,0.00017700000000000007,-0.0002849999999999936
17744,-0.004222,0.0034159999999999998,-0.068315,0.00016400000000000008,0.00010700000000000032,-2.4999999999997247e-05
21442,-0.006934999999999999,-0.0037749999999999997,-0.061646,4.5999999999999167e-05,0.00021300000000000008,-2.000000000002e-06
21726,-0.002221,-0.004831,-0.062816,7.299999999999971e-05,0.00021799999999999944,-0.00010500000000000786
21721,-0.0063739999999999995,-0.012397,-0.07128799999999999,3.699999999999971e-05,0.00023799999999999863,6.0999999999991616e-05
17746,-0.005725,0.003297,-0.073274,1.5000000000000256e-05,7.499999999999998e-05,-2.1999999999994246e-05
17760,0.016905999999999997,0.008648,-0.074257,-6.0999999999998555e-05,-7.599999999999968e-05,-0.00014399999999999136
21381,-0.010969,0.011313,-0.07607,-6.699999999999935e-05,5.9000000000000025e-05,-0.0001360000000000111
20426,-0.004196,0.004055,-0.065353,0.0002040000000000002,0.0002570000000000003,1.1999999999998123e-05
21426,-0.01289,0.009484,-0.07621,-6.499999999999909e-05,7.300000000000015e-05,-6.80000000000125e-05
14208,0.0030369999999999998,0.010756,-0.064932,4.600000000000047e-05,0.0002509999999999995,-0.00010699999999999599
21047,0.002093,-0.008508,-0.066698,0.00013500000000000057,0.00033500000000000023,-0.00027699999999999947
21723,-0.0035369999999999998,0.002558,-0.072298,0.0001299999999999999,0.00013500000000000014,-3.600000000000825e-05
19444,0.007232000000000001,-0.004404,-0.071282,-2.4000000000000583e-05,0.00011699999999999992,-3.700000000000925e-05
20404,-0.001615,-0.005936,-0.072749,-2.20000000000001e-05,0.00015000000000000083,-5.000000000000837e-05
20819,-0.0019479999999999999,-0.007219000000000001,-0.061223999999999994,0.0001789999999999999,0.0001490000000000007,-0.00010500000000000786
21387,-0.014082,0.005779,-0.067574,2.8000000000000247e-05,2.7000000000000114e-05,-3.600000000000825e-05
19963,-0.003655,0.012338,-0.072045,-0.0003120000000000002,6.300000000000056e-05,-3.0000000000002247e-05
20977,0.01384,0.006982,-0.073285,-6.699999999999935e-05,0.00010299999999999979,-0.00019599999999998785
20756,-0.011996,0.001782,-0.07396599999999999,1.4999999999999389e-05,8.400000000000009e-05,-9.400000000001074e-05
21717,-0.003195,0.007169,-0.065111,8.200000000000004e-05,0.00038000000000000013,5.0000000000050004e-06
20722,0.000107,0.006811,-0.073241,-4.7000000000000004e-05,0.00013100000000000004,-8.799999999999086e-05
12475,0.014846999999999999,-0.0044930000000000005,-0.072131,7.000000000000062e-05,8.000000000000021e-05,-5.099999999999549e-05
20470,-0.004116,0.005413,-0.069698,-8.000000000000194e-06,0.00013099999999999917,-6.40000000000085e-05
13485,-0.003312,0.007958999999999999,-0.070623,-2.1000000000000185e-05,0.00024500000000000216,-6.0000000000004494e-05
16503,-0.006046,0.0052190000000000005,-0.062577,3.799999999999984e-05,0.0002959999999999994,-7.900000000000962e-05
21593,-0.003144,0.008206,-0.058962,1.4000000000000123e-05,0.00012199999999999885,-0.00015199999999999936
21372,0.009170999999999999,0.008946999999999998,-0.06404699999999999,9.300000000000107e-05,0.00020100000000000152,-1.0000000000010001e-05
20739,0.0051909999999999994,0.008176000000000001,-0.074682,-0.0001479999999999997,-1.0000000000001327e-05,-0.0001840000000000036
21684,-0.009829000000000001,-0.00093,-0.080024,0.00011400000000000125,-3.59999999999999e-05,-5.0000000000050004e-06
19873,0.007894,-0.008995,-0.062774,-1.4000000000000123e-05,0.00020699999999999885,2.4999999999997247e-05
21742,0.013765000000000001,-0.002776,-0.06552,6.0999999999998555e-05,0.0001969999999999997,0.00021599999999999397
19845,0.015879,-0.011149,-0.068729,9.699999999999986e-05,0.00011799999999999831,-1.9999999999992246e-05
20947,0.01709,0.009592,-0.06698,-1.2000000000001593e-05,2.000000000000092e-05,-0.0003010000000000096
17887,-0.003225,0.012676,-0.067845,-0.00019099999999999976,0.00019899999999999952,-8.199999999999874e-05
11102,-0.002298,0.008637,-0.07386,-9.89999999999997e-05,0.0001449999999999993,-0.00011100000000001387
21701,-0.013742,0.011662,-0.06822,-3.5999999999999574e-05,1.3000000000000858e-05,2.4000000000010124e-05
20115,-0.002883,-0.008166,-0.0644,0.00011200000000000012,0.000196,-7.400000000000462e-05
15599,-0.01305,-0.0007019999999999999,-0.07228799999999999,0.00013300000000000117,0.00026099999999999995,-0.00010300000000001974
20882,0.010809,0.003848,-0.06274300000000001,0.00026500000000000135,0.00041300000000000017,9.300000000000974e-05
21392,0.009887,0.010708,-0.073895,-0.0001299999999999999,2.0000000000002655e-06,-0.00021399999999999197
21356,-0.004372,-0.010953,-0.066881,0.0001860000000000004,0.0003119999999999998,-0.0002410000000000051
21048,0.007098,-0.012471,-0.07356900000000001,0.00015200000000000023,-4.200000000000037e-05,-6.999999999998674e-05
21693,-0.0048460000000000005,-0.009996,-0.066833,0.0001910000000000002,0.0002559999999999993,-0.00014000000000000123
18013,-0.01413,0.003684,-0.07089100000000001,2.6000000000001716e-05,4.0000000000000105e-05,-6.699999999998374e-05
21232,0.011303,0.007449,-0.06434699999999999,-4.000000000000531e-06,0.00020300000000000006,-1.0000000000148779e-06
20446,0.010154,0.000966,-0.063099,0.00022000000000000144,0.00026100000000000006,-0.00017100000000000448
21915,0.001659,0.010025000000000001,-0.07156900000000001,-8.700000000000005e-05,4.1999999999998636e-05,-5.8999999999989616e-05
20129,-0.004857,-0.003936,-0.07455500000000001,5.3000000000000096e-05,8.400000000000031e-05,3.300000000000525e-05
20707,0.006102000000000001,0.003392,-0.066189,0.00024499999999999956,0.00033799999999999976,-6.699999999999762e-05
16471,0.002976,0.012598000000000002,-0.069661,-6.499999999999995e-05,0.00013599999999999897,-0.00010200000000000486
21393,0.005611,-0.003899,-0.063774,4.49999999999999e-05,0.0002900000000000003,-0.0002600000000000102
21531,-0.006378,0.003692,-0.069243,0.00012400000000000085,0.0002519999999999996,-0.00011200000000000099
21710,0.005852,0.004022,-0.067528,0.0001799999999999996,0.00023099999999999943,-0.00021199999999998997
20410,-0.004378,0.000623,-0.072973,0.00010099999999999953,0.00018000000000000004,-4.200000000000037e-05
21722,0.008421,0.012191,-0.064618,-8.099999999999948e-05,0.00025199999999999875,0.00027900000000000147
20402,-0.0033650000000000004,-0.008888,-0.07489799999999999,0.00013200000000000017,0.0001410000000000005,-0.00018000000000001348
20286,-0.015909,0.005377,-0.07132899999999999,4.000000000000531e-06,7.100000000000075e-05,1.3999999999986246e-05
21506,-0.002705,-0.011968,-0.063154,0.00016199999999999982,0.00014400000000000003,-0.0002979999999999927
18542,0.001526,-0.003499,-0.062199,0.00020700000000000015,0.0002270000000000002,-0.00013500000000000317
21802,0.017485,0.009202,-0.070514,-2.5000000000000716e-05,0.00010500000000000093,-0.00027399999999999647
21849,-0.00554,0.003754,-0.06257800000000001,0.00010999999999999985,0.00018000000000000004,-3.9999999999901226e-06
21861,-0.003332,-1e-06,-0.060197,9.199999999999963e-05,0.00027900000000000006,-4.199999999999343e-05
20860,0.015771,-0.012343,-0.072658,4.799999999999943e-05,0.00011099999999999999,-6.0000000000060005e-06
21894,-0.011921,0.011033,-0.064175,-3.900000000000084e-05,0.00014900000000000156,-0.00024399999999999422
19991,-0.015426,0.001562,-0.073253,0.00016800000000000148,0.0001510000000000001,-0.00017400000000000748
21306,0.003577,-0.0036179999999999997,-0.07296899999999999,0.00029200000000000016,0.00047999999999999996,0.0002469999999999972
18576,-0.01064,0.0025440000000000003,-0.075009,8.299999999999974e-05,3.600000000000001e-05,-7.399999999999074e-05
21457,0.003165,-0.008217,-0.060881,7.399999999999985e-05,0.00021700000000000018,-0.00037700000000000233
21182,0.010738,-0.0009429999999999999,-0.062231,6.800000000000035e-05,0.00019499999999999997,-0.00010799999999999699
20553,0.00822,-0.011265,-0.062107,0.000168999999999999,0.00040500000000000085,0.0002980000000000066
21033,-0.012459,0.002093,-0.06655,0.00017700000000000007,0.00035000000000000005,-5.8000000000002494e-05
21648,-0.0008020000000000001,0.008392,-0.063712,3.500000000000009e-05,0.0002149999999999999,-0.00011799999999999311
15096,-0.007999,-0.003637,-0.064959,7.099999999999988e-05,0.00026000000000000025,3.700000000000925e-05
15462,0.0008,0.001177,-0.070523,5.499999999999993e-05,0.0002849999999999999,-6.499999999999562e-05
19411,-0.008539999999999999,-0.005233,-0.073171,-1.1999999999999858e-05,0.0001330000000000003,0.00010600000000000886
19421,-0.012192,0.006197,-0.072497,-3.8000000000001574e-05,6.599999999999922e-05,0.0
18089,-0.002735,-0.0054470000000000005,-0.072458,0.0001380000000000001,0.00014700000000000043,7.699999999999374e-05
21799,0.000386,-0.008385,-0.061734000000000004,0.000127,0.00014599999999999856,-0.0002459999999999893
20399,-0.006547,0.011544,-0.075029,-4.49999999999999e-05,0.00014899999999999983,-6.0000000000004494e-05
21258,-0.011102,-0.006314,-0.072337,5.7000000000001494e-05,0.00026700000000000074,0.00010499999999999399
21060,0.00014000000000000001,0.003175,-0.074214,5.7e-05,8.099999999999991e-05,-0.00019700000000000273
20648,0.015884,-0.011006,-0.071431,3.0000000000030003e-06,0.00016000000000000042,1.6999999999989246e-05
21526,0.0025369999999999998,0.0008070000000000001,-0.05943,0.00019000000000000006,0.00029700000000000006,-0.0001850000000000046
21361,0.006384,-0.003888,-0.073047,-6.499999999999995e-05,0.0001479999999999997,-2.2000000000008124e-05
20718,0.003941,0.002591,-0.062545,0.00015499999999999976,0.00033200000000000026,-8.999999999999286e-05
21812,0.0044080000000000005,0.010192999999999999,-0.07217100000000001,-0.00016000000000000042,7.800000000000168e-05,-5.0999999999981616e-05
21546,-0.001618,-0.00426,-0.071828,0.0001330000000000001,0.00016599999999999948,0.00013699999999999823
21772,0.015087999999999999,0.007147000000000001,-0.06294,1.899999999999992e-05,0.00012599999999999938,-3.300000000000525e-05
21121,0.011823,0.0068449999999999995,-0.066363,-0.00010199999999999966,0.00020800000000000072,-6.699999999999762e-05
20462,0.004744,-0.009109,-0.071218,0.00015600000000000076,2.800000000000198e-05,-6.0000000000004494e-05
18763,-0.002612,-0.010728,-0.069945,7.600000000000011e-05,0.00021099999999999938,-8.500000000000174e-05
21521,-0.006233,-0.0046890000000000005,-0.066673,5.399999999999936e-05,0.00016900000000000075,-9.800000000000086e-05
21383,-0.008509000000000001,0.00033800000000000003,-0.076879,6.399999999999982e-05,-2.7000000000000006e-05,-4.500000000000337e-05
21793,-0.009578,-0.0028290000000000004,-0.058269,9.799999999999913e-05,6.1000000000000724e-05,-0.0001480000000000023
19492,0.007692999999999999,0.0044989999999999995,-0.061607,2.600000000000085e-05,0.0003370000000000005,1.2000000000005062e-05
21007,-0.007464,-0.003142,-0.062751,0.00013900000000000023,0.00010800000000000002,0.00012199999999999711
21694,0.0054,-0.005582,-0.07786799999999999,2.6999999999999247e-05,0.0001280000000000005,-8.700000000000374e-05
21148,0.013598,-0.002318,-0.071473,1.4000000000000123e-05,4.100000000000024e-05,-7.00000000000145e-05
20933,-0.014281,-0.005966999999999999,-0.067816,2.0000000000002655e-06,0.0002909999999999987,9.499999999999786e-05
21169,-0.014029999999999999,-0.00020899999999999998,-0.06970399999999999,0.0001250000000000001,0.00024799999999999996,-4.600000000001825e-05
21530,-0.013463,0.000721,-0.06874,9.299999999999933e-05,0.00018400000000000003,0.00010899999999999799
20334,0.016419,0.0015129999999999998,-0.06602899999999999,0.00013000000000000164,0.0002180000000000003,-0.0001390000000000141
18955,0.017693,0.002593,-0.07026099999999999,3.299999999999831e-05,0.0001240000000000004,-0.0001320000000000071
20068,-0.001054,0.0028090000000000003,-0.072862,0.00010800000000000013,0.00014699999999999956,-0.00012000000000000899
20858,0.011689,0.009809,-0.064442,1.600000000000039e-05,0.00021299999999999965,-5.9000000000003494e-05
21768,-0.007287,0.011249,-0.059994,-0.00015099999999999923,0.0002570000000000003,-4.500000000000337e-05
15333,0.015599,-0.0067800000000000004,-0.074327,-5.6000000000000494e-05,2.1000000000000185e-05,-0.00014799999999999536
21671,0.001794,0.011285,-0.075821,-0.00016400000000000008,9.699999999999986e-05,-0.00016099999999999448
21395,-0.007381,0.00076,-0.067365,0.00016000000000000042,0.00019799999999999993,0.00014599999999999336
20734,-0.006690000000000001,-0.006889,-0.06844199999999999,-7.299999999999928e-05,0.00016799999999999975,2.799999999998637e-05
21558,0.017848,-0.007673,-0.06783700000000001,8.800000000000127e-05,0.00018700000000000053,-2.0999999999993246e-05
20785,0.013779999999999999,-0.004066,-0.076829,-0.00010099999999999866,8.299999999999974e-05,-9.800000000001474e-05
19246,0.012967000000000001,-0.003622,-0.064093,8.099999999999948e-05,0.00015799999999999972,-5.9000000000003494e-05
21449,-0.003848,0.007267,-0.060667,-3.600000000000001e-05,0.00020500000000000032,0.00011499999999999705
21650,-0.009612,0.000512,-0.077197,0.00010500000000000093,-5.899999999999997e-05,-0.00010299999999999199
10367,0.0134,-0.002664,-0.070507,7.599999999999968e-05,6.499999999999995e-05,-0.0001300000000000051
19435,0.002145,0.00595,-0.064121,8.899999999999967e-05,0.0003199999999999991,-0.00010999999999999899
21093,0.001035,-0.003974,-0.074202,-4.199999999999994e-05,0.0001380000000000001,3.799999999999637e-05
21461,-0.005997,-0.00015,-0.072772,0.00015499999999999976,0.000176,-0.00014200000000000323
17771,0.008785,0.002906,-0.062244999999999995,0.0002509999999999995,0.00033299999999999953,-0.00020200000000000773
17125,-0.004155,0.005008,-0.07247100000000001,5.5999999999999626e-05,0.00014199999999999977,-2.3999999999996247e-05
21809,0.012931,0.002193,-0.06432299999999999,0.00017400000000000054,0.00023000000000000017,-0.0001850000000000046
21403,0.009532,0.003981,-0.065353,0.00010099999999999866,0.00010999999999999985,-4.200000000000037e-05
13192,-0.005056,0.005782,-0.07144299999999999,4.999999999999796e-06,0.00010500000000000006,-0.00016200000000000936
10752,0.009478,0.001363,-0.06861400000000001,0.00029199999999999886,0.00022499999999999994,-5.7999999999988616e-05
18747,0.003269,0.005633,-0.067456,0.0001389999999999998,0.0002900000000000003,-7.599999999999274e-05
21112,0.002798,0.00641,-0.063476,2.099999999999975e-05,0.00033199999999999983,-0.00013900000000000023
10756,-0.011571999999999999,0.004033,-0.069763,0.00010799999999999872,-3.699999999999971e-05,-5.4999999999985616e-05
16151,-0.006296,0.009587,-0.07425799999999999,-8.000000000000021e-05,0.0001349999999999997,-9.700000000001374e-05
18767,-0.010047,0.002127,-0.069613,0.00010199999999999966,3.999999999999967e-05,5.3999999999998494e-05
19156,0.006942,-0.009888999999999998,-0.063878,-1.7999999999999787e-05,0.00011499999999999878,6.30000000000075e-05
15920,0.006657,0.012317,-0.072711,-8.69999999999994e-05,1.0999999999998858e-05,-0.00019099999999999673
21662,-0.007147000000000001,0.003194,-0.062106,-1.999999999999398e-06,0.00021600000000000048,0.0
14192,0.011224999999999999,0.009416,-0.074952,-0.00017599999999999907,-2.0000000000002655e-06,-0.0003369999999999901
20741,-0.007995,0.008078,-0.073982,-2.6999999999999247e-05,8.000000000000021e-05,-5.8999999999989616e-05
21655,0.0061070000000000004,0.005233,-0.063991,0.00011599999999999978,0.0003389999999999999,2.4000000000010124e-05
21687,-0.009749,-0.002879,-0.060783000000000004,-9.799999999999913e-05,0.0002490000000000001,-0.00020699999999999885
17763,0.006984,0.004981,-0.063549,-9.000000000000327e-06,0.0001269999999999995,-5.6000000000000494e-05
20479,0.003352,0.006355,-0.064691,0.00010500000000000006,0.00040099999999999945,-0.00015099999999999836
19756,0.009866,-0.006154,-0.072905,-9.000000000000327e-06,0.00011800000000000005,-0.0001300000000000051
10018,0.012026,-0.003994,-0.06754600000000001,7.900000000000094e-05,7.300000000000015e-05,-8.299999999999974e-05
21652,-0.0050149999999999995,0.0076820000000000005,-0.07581600000000001,-4.7000000000001034e-05,7.999999999999934e-05,-0.00013599999999998336
20414,-0.004538,0.006909,-0.06641899999999999,4.900000000000043e-05,0.0002009999999999998,-4.300000000001525e-05
21160,0.011412,-0.003525,-0.063709,0.00020000000000000052,3.899999999999954e-05,-7.999999999994123e-06
21603,0.005876,-0.005612,-0.069316,0.0002840000000000004,0.00026400000000000035,8.200000000001262e-05
20403,0.008138,-0.010663,-0.074006,-5.400000000000023e-05,6.199999999999956e-05,-0.00011499999999999011
21745,-0.006283,-0.0048330000000000005,-0.063905,0.00022400000000000024,0.00011099999999999999,8.000000000008e-06
16337,0.016464,-0.011856,-0.067912,0.00012400000000000258,5.800000000000076e-05,-1.8000000000004124e-05
18280,-0.006218,0.008719,-0.068088,3.8999999999999105e-05,0.0001250000000000001,-0.00014100000000000223
21447,0.009836000000000001,-0.0016519999999999998,-0.072139,-7.500000000000215e-05,-4.3000000000000286e-05,-0.00013399999999999523
21570,0.011858,-0.002967,-0.07214100000000001,-4.900000000000043e-05,-5.999999999999929e-06,-5.8999999999989616e-05
19783,0.007428,0.012477,-0.065853,-5.999999999999929e-06,0.00010899999999999972,-2.9000000000015125e-05
20430,-0.004941,-0.00697,-0.066101,0.00011400000000000039,0.0002829999999999994,-8.800000000000474e-05
18750,0.002826,0.007835,-0.065584,3.2000000000000344e-05,0.0002960000000000011,-2.000000000002e-06
21179,-0.015283,0.00767,-0.070135,9.099999999999907e-05,1.7999999999999787e-05,-8.099999999999774e-05
21434,-0.006497,0.001003,-0.064479,0.00012099999999999958,0.00023499999999999997,0.0002959999999999907
19757,0.011397000000000001,0.010066,-0.06588200000000001,6.300000000000056e-05,0.00019699999999999926,-0.00015500000000000236
19566,0.006426,-0.00444,-0.063555,5.999999999999929e-05,0.00027800000000000047,-0.00020399999999999585
20461,-0.0011619999999999998,-0.000161,-0.065688,0.00016699999999999983,0.00036300000000000004,-0.00010899999999999799
21367,-0.0094,-0.01238,-0.06868600000000001,9.400000000000207e-05,0.00022400000000000024,-0.00010899999999998411
21436,0.007112,-0.0067,-0.07235,4.999999999999796e-06,4.900000000000043e-05,-0.00010900000000001187
20087,-0.002474,-0.005812,-0.069596,-1.299999999999999e-05,0.00025900000000000055,5.9000000000003494e-05
17576,0.006117,-0.0024,-0.063845,0.00011399999999999952,0.0002409999999999999,-0.00033099999999999796
15839,0.015681,-0.009661,-0.069052,4.000000000000531e-06,9.99999999999994e-05,4.000000000004e-06
11107,0.015952,-0.002148,-0.070998,8.100000000000121e-05,9.699999999999986e-05,-0.00010499999999999399
19258,0.013345000000000001,-0.005734,-0.065922,8.000000000000021e-05,9.60000000000006e-05,1.4000000000000123e-05
21126,0.013526999999999999,0.000348,-0.062453,6.100000000000029e-05,0.000271,7.000000000007001e-06
21505,-0.008725,-0.00023,-0.062453,5.6000000000000494e-05,0.000268,0.00016599999999999948
21690,0.002019,0.0089,-0.061433999999999996,4.699999999999973e-05,0.0003010000000000009,0.00010499999999999399
21478,-0.010308999999999999,-0.008983000000000001,-0.061152,7.599999999999794e-05,0.0002520000000000022,-4.400000000000237e-05
21699,0.007819,0.007724999999999999,-0.06611700000000001,2.2000000000001185e-05,0.00013400000000000044,-2.899999999998737e-05
21678,-0.010738,-0.006196,-0.064913,0.00013200000000000017,0.00016700000000000048,-4.000000000004e-06
21747,0.010762,-0.012763,-0.070223,0.00011199999999999925,-2.599999999999998e-05,-0.00022500000000000298
8985,0.0061660000000000005,0.010316,-0.073176,-6.600000000000095e-05,2.199999999999945e-05,-0.00014699999999999436
19747,0.009375,0.008926,-0.074205,-0.00012400000000000085,7.999999999999327e-06,-0.00021200000000000385
20724,-0.00942,-0.008385,-0.074176,-1.5000000000001124e-05,0.00024300000000000016,-0.00018399999999998973
18557,-0.013351,0.005776,-0.066291,0.00011300000000000025,0.00013200000000000017,-0.00011500000000000399
21702,0.014509000000000001,-0.012773,-0.073307,4.999999999999796e-05,0.00011699999999999905,-1.0000000000148779e-06
21174,0.016007,-0.000762,-0.075753,-2.9000000000001247e-05,6.800000000000003e-05,-7.899999999999574e-05
19424,0.001529,-0.001143,-0.07040300000000001,-2.8999999999999946e-05,0.00032799999999999995,-9.599999999998499e-05
17810,-0.000147,0.00898,-0.072937,-9.099999999999999e-05,0.00011200000000000099,-0.0001229999999999981
21424,-0.0024500000000000004,-0.008778000000000001,-0.062173,0.00018100000000000017,0.0002370000000000011,-7.900000000000268e-05
11420,-0.009285,0.006004,-0.067143,5.4999999999999494e-05,0.00018199999999999987,3.100000000000325e-05
15610,0.016923999999999998,0.010025000000000001,-0.070658,-3.799999999999984e-05,9.900000000000013e-05,-0.00019299999999999873
21421,0.014346,0.004051,-0.06444499999999999,5.400000000000023e-05,0.0003049999999999997,-3.800000000001025e-05
19459,0.0054989999999999995,-0.004479,-0.06875400000000001,0.0002600000000000007,0.00030200000000000105,-8.999999999997899e-05
21950,0.009276999999999999,0.0022679999999999996,-0.062884,0.00015000000000000083,0.0003510000000000006,-0.00017300000000000648
21551,0.0005,-0.00869,-0.075896,0.000116,7.099999999999988e-05,-5.999999999992123e-06
21810,-0.012939,0.011521,-0.066452,6.600000000000182e-05,1.1999999999999858e-05,6.699999999999762e-05
20899,-0.0044800000000000005,-0.012208,-0.069767,5.999999999999929e-06,0.00016200000000000069,7.699999999999374e-05
16862,-0.007449,-0.0013460000000000002,-0.06383,0.00010600000000000019,0.00011900000000000018,0.00018199999999998773
17752,0.001929,-0.000919,-0.066991,6.100000000000007e-05,0.00029200000000000005,-1.6000000000016e-05
20540,0.015641,-0.007222,-0.068802,-7.699999999999894e-05,8.100000000000034e-05,-1.4999999999987246e-05
21700,0.014961,0.0035,-0.063686,8.000000000000021e-05,0.00022900000000000004,1.7000000000003124e-05
20163,-0.000262,-0.009435,-0.075654,9.700000000000003e-05,0.00020500000000000032,2.9000000000001247e-05
16532,0.016173,0.006901,-0.06533499999999999,-6.699999999999762e-05,0.0002149999999999999,1.8999999999991246e-05
21795,-0.008846999999999999,0.009404,-0.06293699999999999,-7.000000000000062e-06,0.00023500000000000083,-0.0001380000000000131
20515,-0.006077,-0.011826,-0.066949,0.00020699999999999972,0.00025699999999999855,-0.00014700000000000824
21086,0.014466,-0.010728999999999999,-0.067892,0.0001250000000000001,6.699999999999762e-05,1.4000000000000123e-05
19515,-0.014135,0.002378,-0.066234,1.600000000000039e-05,0.0002500000000000002,0.00014500000000000624
18756,0.006215,0.000634,-0.068853,0.0001879999999999998,0.00023300000000000003,-0.00014300000000000423
20398,-0.009205999999999999,-0.001065,-0.064541,2.399999999999798e-05,0.00022500000000000005,3.600000000000825e-05
15187,-0.004698000000000001,0.008379,-0.07298,-0.00012499999999999924,0.00010400000000000166,-0.00010499999999999399
21664,-0.014268000000000001,0.007821,-0.07159,-5.199999999999996e-05,4.799999999999943e-05,-9.099999999999386e-05
20554,-0.009785,0.012518000000000001,-0.065714,8.500000000000174e-05,0.00013699999999999823,-9.600000000001274e-05
21201,0.015764,0.012564,-0.07006799999999999,-6.1000000000002025e-05,-6.399999999999982e-05,-0.0001900000000000096
21667,0.013663999999999999,0.01072,-0.069839,-4.9999999999980616e-06,-8.599999999999927e-05,-0.00015699999999999048
11523,-0.007313,-0.0040490000000000005,-0.06580899999999999,8.000000000000194e-06,0.0003160000000000003,0.00021699999999999497
21235,-0.001285,0.0051719999999999995,-0.067523,-4.000000000000097e-06,0.00023600000000000097,-4.799999999999249e-05
21646,-0.0024159999999999997,0.011375999999999999,-0.06817400000000001,-6.800000000000035e-05,0.000171000000000001,-9.499999999999786e-05
17118,-0.009579,0.009304999999999999,-0.06685200000000001,8.400000000000074e-05,0.00011200000000000099,-0.00023599999999998622
16705,0.01285,-0.00757,-0.068665,-4.000000000000531e-06,0.00015700000000000002,-3.0000000000030003e-06
21067,-0.007615,0.0005639999999999999,-0.071718,9.500000000000047e-05,2.800000000000003e-05,-2.5999999999998247e-05
21104,0.011015,-0.005776,-0.062984,0.00012200000000000058,0.00011400000000000039,5.4999999999999494e-05
20080,0.006229,0.012085,-0.066652,-6.100000000000029e-05,0.00016199999999999895,-6.899999999999962e-05
12971,-0.004069,0.011659000000000001,-0.066714,-7.599999999999968e-05,0.00020500000000000032,1.8000000000004124e-05
20167,0.017568,0.003697,-0.068209,2.6000000000001716e-05,4.19999999999995e-05,-5.7999999999988616e-05
20302,0.014045,0.010081,-0.06600700000000001,-0.00010800000000000046,2.2999999999998716e-05,-0.00012699999999998823
21811,0.001067,0.011869999999999999,-0.062307,-6.999999999999997e-05,0.00023100000000000204,-8.99999999999998e-05
15439,0.002477,0.002938,-0.07277800000000001,6.300000000000012e-05,9.699999999999986e-05,-0.00023699999999998722
19106,0.010738,0.008657999999999999,-0.068358,3.5999999999999574e-05,0.0001310000000000009,-0.00011600000000000499
19490,-0.009205,0.008596999999999999,-0.064133,-4.700000000000017e-05,8.6000000000001e-05,-0.00011800000000000699
21422,-0.0049050000000000005,-0.01072,-0.06118,7.200000000000002e-05,0.00018400000000000014,2.8999999999994308e-05
20086,0.008736,-0.003098,-0.075997,6.399999999999982e-05,0.00010500000000000006,-0.00010599999999999499
12062,0.000683,0.001685,-0.074026,9.699999999999997e-05,5.499999999999993e-05,-0.00020400000000000973
19790,0.013449,-0.00671,-0.066566,9.699999999999986e-05,0.00012199999999999971,3.799999999999637e-05
20170,-0.014718,-0.005913,-0.06741,7.399999999999941e-05,0.00023999999999999976,0.00012099999999999611
18826,-0.004719,0.009455,-0.071427,-0.00010600000000000019,0.00017400000000000054,-0.00010000000000000286
18101,-0.0062,0.010971999999999999,-0.065314,5.699999999999976e-05,0.0002889999999999993,-2.6999999999999247e-05
18834,0.003599,-0.008811999999999999,-0.074913,6.299999999999969e-05,0.00012799999999999964,-1.8000000000004124e-05
20677,-0.010316,0.008475,-0.06663899999999999,0.00010399999999999993,7.399999999999941e-05,-0.00021400000000000585
21115,-0.006763,0.011962,-0.066943,-2.599999999999998e-05,0.00020899999999999912,-6.799999999999862e-05
21754,-0.009899,-0.009059,-0.063858,0.00017599999999999907,3.500000000000031e-05,-0.00010000000000000286
21682,0.014952,0.003169,-0.070054,8.3999999999999e-05,0.00014800000000000013,-0.00013799999999998536
18270,0.011670999999999999,0.010289999999999999,-0.072629,-9.900000000000013e-05,-1.6999999999999654e-05,-0.0001370000000000121
18906,0.011273,-0.01191,-0.064178,0.00025299999999999975,0.00012400000000000085,-4.900000000000737e-05
19093,-0.004936,0.000602,-0.063995,8.80000000000004e-05,0.000294,0.00010100000000000386
9660,0.005804999999999999,0.003811,-0.070539,1.8000000000000654e-05,5.400000000000023e-05,-7.200000000000262e-05
20715,-0.004966,-0.0050620000000000005,-0.068086,-4.30000000000005e-05,0.0002520000000000005,-0.00010300000000000586
17947,-0.0015589999999999998,0.007409,-0.069286,-2.800000000000003e-05,0.00026700000000000074,-0.00014400000000000523
20790,0.002976,-0.010007,-0.066839,0.00018500000000000027,0.0001570000000000009,-0.0001310000000000061
18110,-0.013080999999999999,-0.0038250000000000003,-0.0703,1.799999999999892e-05,4.5000000000000335e-05,3.699999999999537e-05
15877,-0.011635,-0.007293,-0.068846,5.400000000000023e-05,0.00019300000000000046,4.000000000001225e-05
21659,0.010641999999999999,0.010936999999999999,-0.07072,-0.00018499999999999767,-8.999999999998592e-06,-0.00019999999999999185
21661,-0.012809,0.012424,-0.072135,-6.200000000000129e-05,-6.100000000000029e-05,-0.00011999999999999511
18866,0.013098,-0.009712,-0.06697700000000001,0.0002360000000000001,4.5999999999999167e-05,-0.00015299999999998648
20298,0.014353999999999999,-0.000713,-0.06686700000000001,9.000000000000327e-06,0.00020199999999999992,-3.299999999999137e-05
21697,-0.010605,0.0038959999999999997,-0.067993,0.0001299999999999999,0.00014800000000000013,-0.0001260000000000011
21695,-0.014844,-0.008949,-0.071877,5.299999999999923e-05,2.9000000000001247e-05,-8.000000000008e-06
18753,0.010706,-0.003487,-0.070872,-7.500000000000041e-05,2.6000000000000415e-05,-5.4999999999999494e-05
18433,0.00136,0.007566,-0.071534,-4.6000000000000034e-05,0.00010200000000000053,-9.599999999999886e-05
21847,0.00013700000000000002,-0.013224,-0.063516,0.00017699999999999997,4.99999999999997e-05,-0.00032599999999999296
10413,0.0044020000000000005,0.00924,-0.071461,-4.30000000000005e-05,5.299999999999923e-05,-4.000000000001225e-05
21399,-0.007218,0.008837,-0.067941,3.799999999999984e-05,0.0001310000000000009,-0.00011300000000000199
21658,0.016173,-0.007424,-0.07227700000000001,3.499999999999684e-05,0.00012499999999999924,-3.399999999999237e-05
21902,0.018049,-0.008093999999999999,-0.074409,-1.2999999999999123e-05,0.00011299999999999852,-0.00015999999999999348
21691,0.00046600000000000005,0.00558,-0.068752,7.299999999999993e-05,0.0002950000000000001,-0.00021500000000000685
21714,-0.004535,0.000763,-0.066051,6.000000000000016e-05,0.00021600000000000005,0.00021000000000000185
21035,-0.009802,0.011772,-0.06539199999999999,6.700000000000109e-05,0.00014199999999999977,-6.799999999999862e-05
19468,-0.0009,0.0067469999999999995,-0.067373,4.699999999999995e-05,0.0002180000000000003,-0.0002269999999999911
19820,-0.006456000000000001,-0.006389000000000001,-0.068507,-4.099999999999937e-05,0.00012400000000000085,-4.300000000000137e-05
9183,0.009349,0.006961,-0.06856699999999999,-2.700000000000098e-05,0.0001719999999999994,-0.00017900000000001248
21491,-0.005346,-0.0026829999999999996,-0.06649899999999999,0.00025799999999999955,0.00028299999999999983,0.0001689999999999886
16490,-0.009618,0.010435,-0.065786,9.299999999999933e-05,0.00019500000000000073,-0.00016499999999999848
21455,-0.005599,-0.003387,-0.061125,0.00027199999999999967,0.00015799999999999972,-3.399999999999931e-05
16815,0.008383,0.006418999999999999,-0.06296399999999999,-1.4000000000000123e-05,0.00015500000000000062,-1.6000000000002124e-05
19761,-0.0037530000000000003,0.009042,-0.063968,2.0000000000000052e-05,0.0002460000000000014,-0.00015300000000000036
20112,-0.013522000000000001,0.000305,-0.069107,0.0001410000000000005,0.000169,6.899999999999962e-05
18515,0.015676,0.004645,-0.07109900000000001,2.1000000000000185e-05,0.00018400000000000014,-0.00021599999999999397
19417,0.005490999999999999,-0.001113,-0.07179,0.0,0.00028200000000000013,-0.00011099999999998611
20520,-0.005043,-0.008745,-0.066917,0.00015700000000000002,0.00028300000000000027,-0.00011599999999999111
20737,-0.013023999999999999,0.005128,-0.065296,0.00015599999999999815,0.0001429999999999999,5.000000000000837e-05
13081,0.007647,0.009178,-0.07387,-0.00013200000000000017,5.599999999999876e-05,-0.00019099999999999673
19960,-0.007377,0.009474999999999999,-0.06665,7.000000000000062e-06,0.00016500000000000195,-6.399999999999462e-05
18897,-0.005307,0.011314,-0.06607299999999999,-2.599999999999998e-05,0.0002530000000000015,-5.3999999999998494e-05
21034,-0.002261,0.006615,-0.062576,3.699999999999971e-05,0.0002539999999999999,-0.00010499999999999399
21041,-0.0075309999999999995,0.005674,-0.064175,2.2999999999999583e-05,0.0002310000000000003,7.200000000000262e-05
16548,0.005091,-0.00949,-0.066598,0.00010299999999999979,6.600000000000009e-05,-0.00013399999999999523
20188,-0.015288,-0.005057000000000001,-0.07145099999999999,2.5999999999998247e-05,8.100000000000034e-05,-6.100000000001937e-05
19438,-0.002554,0.011317,-0.073682,-0.00011500000000000008,2.099999999999845e-05,-0.0001280000000000031
19946,-0.013720000000000001,0.0025150000000000003,-0.066688,1.1000000000002327e-05,0.0003389999999999999,1.6000000000002124e-05
19436,0.013248,0.010995,-0.06692100000000001,-8.000000000000021e-05,0.0002770000000000012,-0.0002829999999999916
21785,0.015672000000000002,-0.005934,-0.06608199999999999,0.00016399999999999748,0.00017200000000000028,-5.7000000000001494e-05
10129,0.014672000000000001,-0.005286,-0.072879,2.999999999999531e-06,0.00011599999999999978,-8.099999999999774e-05
20784,-0.00643,0.010454000000000001,-0.074311,-8.700000000000027e-05,0.00014699999999999956,-8.099999999999774e-05
20264,-0.005771,-0.011042999999999999,-0.072497,2.799999999999938e-05,0.0002959999999999994,-0.00013799999999999923
21090,0.000398,0.005959,-0.071587,-8.400000000000004e-05,0.00010899999999999972,-0.00013499999999999623
21144,0.004016,-0.004856,-0.068388,0.00016700000000000048,0.0002599999999999998,-0.0002969999999999917
19851,0.003902,-0.007432,-0.072217,0.0001510000000000001,8.000000000000021e-05,-7.600000000000662e-05
9995,-0.000494,0.00181,-0.07262099999999999,0.00011399999999999995,0.00020500000000000032,-9.300000000000974e-05
21049,-0.010521,0.000273,-0.065143,1.600000000000039e-05,0.00015999999999999999,-3.499999999999337e-05
10462,0.012851000000000001,0.000425,-0.071536,5.299999999999923e-05,0.0001310000000000001,-0.0001290000000000041
17413,-0.011771,0.0026160000000000003,-0.071471,0.00011700000000000078,4.59999999999996e-05,-3.099999999998937e-05
20104,0.012055999999999999,0.00367,-0.066555,6.500000000000082e-05,0.000232,-3.9999999999901226e-06
21032,0.007633,0.009285999999999999,-0.06952599999999999,-0.00014700000000000043,0.0001250000000000001,-0.0001910000000000106
21758,0.012621,0.010923,-0.071905,-0.0001449999999999993,0.00013299999999999944,-0.0003100000000000047
21391,0.003689,0.009012000000000001,-0.071548,-3.899999999999997e-05,9.799999999999913e-05,-9.800000000000086e-05
19099,0.015265,-0.009041,-0.071869,-2.8999999999999512e-05,0.00011899999999999931,3.0000000000002247e-05
21172,0.009751,-0.004136,-0.06260399999999999,0.00011300000000000199,0.00011399999999999952,-0.00015400000000001524
20788,-0.003265,-0.001075,-0.07501000000000001,4.40000000000002e-05,0.00010300000000000001,8.700000000000374e-05
20838,-0.008966,0.006157,-0.07235,1.4000000000000123e-05,6.899999999999962e-05,-0.00011400000000000299
19746,-0.002315,-6.1e-05,-0.07408,6.399999999999982e-05,0.000157,-2.1000000000007124e-05
18078,-0.008650999999999999,-0.007691,-0.068601,5.699999999999976e-05,0.00018899999999999993,4.200000000000037e-05
20484,-0.001661,0.008984,-0.065196,-2.9999999999999645e-06,0.0002260000000000005,-9.299999999999586e-05
19094,-0.011183,0.006853,-0.062959,2.2000000000001185e-05,0.00033400000000000096,1.9000000000005124e-05
21352,-0.005772,0.003597,-0.069354,0.00017599999999999994,0.00015200000000000023,6.0000000000060005e-06
19172,0.010639,0.006256,-0.063728,-4.9999999999980616e-06,0.00020599999999999959,-9.699999999999986e-05
11773,0.007512,0.011163000000000001,-0.07023900000000001,-0.00019199999999999946,3.8999999999999105e-05,-0.00015799999999999148
21180,-0.013847,-0.012346,-0.06793,8.900000000000054e-05,0.00019199999999999946,-0.0002930000000000016
20981,0.015904,-0.003971,-0.073961,-0.0001590000000000029,9.799999999999956e-05,-0.0001719999999999916
19480,-0.015737,-0.009564,-0.072115,-1.2999999999999123e-05,0.00013599999999999897,-0.00013699999999999823
20782,-0.002919,0.009545999999999999,-0.070842,-8.699999999999984e-05,0.00013300000000000117,-0.0001250000000000001
10082,0.008935,0.011286,-0.069856,-0.00011800000000000005,-7.499999999999868e-05,-0.00010099999999998999
21494,-0.004207,-0.004887,-0.07123600000000001,0.00020799999999999985,0.0003740000000000002,-0.00014199999999998936
17666,0.013785,-0.007825,-0.06820399999999999,-3.400000000000104e-05,9.200000000000094e-05,5.7999999999988616e-05
21735,-0.013363,0.0031509999999999997,-0.067577,1.799999999999892e-05,0.00026400000000000035,-4.699999999999149e-05
16587,0.015142,-0.004585,-0.066547,8.299999999999974e-05,0.00019599999999999913,-4.500000000000337e-05
19843,-0.0032949999999999998,0.006946,-0.067823,6.599999999999965e-05,0.00010099999999999953,-7.800000000000862e-05
20750,0.005781,-0.008246,-0.06564,9.500000000000047e-05,0.00014300000000000077,-0.00018399999999998973
14446,-0.010946999999999998,0.001262,-0.06861700000000001,9.599999999999713e-05,0.00012399999999999976,1.0000000000148779e-06
18856,-0.014874,0.006030000000000001,-0.07410599999999999,-3.8000000000001574e-05,3.2999999999999176e-05,3.499999999999337e-05
18491,-0.006619,0.009949,-0.07009900000000001,-4.0000000000000105e-05,0.00017500000000000154,-0.00012799999999998923
21052,0.003266,-0.0050019999999999995,-0.066136,1.2000000000000292e-05,0.0002269999999999989,-0.0002449999999999952
20865,0.00127,-0.004213,-0.067107,8.5e-05,0.0003080000000000001,-0.00015900000000000636
21353,0.002677,0.001017,-0.066791,0.00028200000000000013,0.00027900000000000017,-7.999999999999674e-05
21376,-0.013035,-0.000147,-0.07119199999999999,0.00013799999999999923,5.599999999999999e-05,-5.8000000000002494e-05
19080,-0.009857,0.002094,-0.072669,4.900000000000043e-05,5.8000000000000326e-05,-0.0001300000000000051
21394,-0.014603,-0.005559000000000001,-0.072265,-0.00014199999999999977,0.00020300000000000092,8.999999999999286e-05
20957,0.010792999999999999,-0.007681,-0.07099,4.000000000000184e-05,8.99999999999998e-05,9.999999999871223e-07
16494,-0.005915,-0.000839,-0.06425199999999999,0.00011000000000000072,0.000273,0.00015599999999998948
9724,0.005815000000000001,0.006098,-0.069275,2.799999999999938e-05,0.00013799999999999923,-7.699999999999374e-05
13766,-0.011604,-0.004974999999999999,-0.066204,-2.0000000000002655e-06,0.0002619999999999992,0.0001239999999999991
16325,-0.004125,-0.008112999999999999,-0.067235,0.00013200000000000017,0.00017799999999999934,-0.00010299999999999199
21703,-0.0057009999999999995,-0.005312,-0.07135999999999999,0.00014699999999999956,0.00028999999999999946,-0.0001250000000000001
16492,-0.005586000000000001,0.000216,-0.06646099999999999,2.5000000000000716e-05,0.00018900000000000004,0.00019599999999998785
18178,0.005046999999999999,0.008845,-0.071541,-0.00011200000000000012,9.99999999999994e-05,-4.200000000000037e-05
21155,0.004716000000000001,-0.010593,-0.07169400000000001,0.000168999999999999,0.00013299999999999944,0.00011600000000000499
20647,-0.010579,0.008601000000000001,-0.064315,-0.00010499999999999919,0.000194999999999999,-0.00016599999999999948
15632,0.007484,0.009997,-0.070866,-0.00023700000000000023,0.00013299999999999944,-0.00014200000000000323
18094,-0.003283,-0.002912,-0.069824,9.49999999999996e-05,0.0001879999999999998,0.00013799999999998536
16470,0.0032839999999999996,0.005628,-0.07181399999999999,-4.59999999999996e-05,0.00011899999999999931,-0.00015500000000000236
20411,0.009979,0.008387,-0.071138,-8.700000000000027e-05,0.00015299999999999862,-0.00013499999999999623
21103,-0.007077,0.003041,-0.067983,0.00011299999999999939,0.0002570000000000003,-4.599999999999049e-05
18218,-0.006623,0.009699,-0.06551,-5.399999999999936e-05,0.0002270000000000015,-0.00017600000000000948
20810,0.008106,-0.0060149999999999995,-0.063514,4.0000000000000105e-05,0.00023199999999999957,-0.00011400000000000299
17276,0.016696000000000003,0.011452,-0.07035,-0.00011900000000000105,2.999999999999531e-06,-0.0002500000000000002
9675,0.008442,0.007295,-0.071062,-6.300000000000056e-05,0.00015999999999999955,-0.00014499999999999236
19748,-0.006373,0.009268,-0.063325,1.999999999999398e-06,0.00033400000000000096,-5.9999999999990616e-05
20197,0.008887,-0.009894,-0.069702,0.0002409999999999999,-5.4999999999999494e-05,-0.00016499999999999848
14131,0.015034,-4e-05,-0.07052599999999999,8.99999999999998e-05,0.000197,-0.00011100000000001387
19161,-0.012846999999999999,-0.0064470000000000005,-0.07555500000000001,-0.0001260000000000011,-5.4999999999999494e-05,-0.00011899999999999411
10746,0.008294000000000001,0.011609999999999999,-0.071566,-6.800000000000035e-05,9.000000000000327e-06,-0.00014199999999998936
17431,-0.009791000000000001,0.003477,-0.069962,0.00018500000000000114,4.399999999999977e-05,-4.600000000000437e-05
18454,-0.012381999999999999,-0.00088,-0.06897700000000001,2.8999999999999512e-05,0.00012700000000000005,0.00028500000000002135
18850,-0.0077729999999999995,-0.0013369999999999999,-0.067152,8.799999999999954e-05,8.799999999999975e-05,0.00014400000000000523
9764,0.013063,-8.2e-05,-0.070134,9.10000000000008e-05,7.3e-05,-7.799999999999474e-05
21444,-0.008186,-0.010538,-0.068011,0.0001920000000000012,0.00028800000000000006,-0.00010999999999999899
18819,-0.000786,0.0063289999999999996,-0.07127700000000001,-3.899999999999997e-05,0.00015500000000000062,-0.00013699999999999823
21161,0.006896,-0.003139,-0.072335,-4.80000000000003e-05,0.00010799999999999959,-5.200000000001037e-05
12914,0.013726,0.001034,-0.07121599999999999,7.500000000000041e-05,0.00017,-0.0001340000000000091
19554,0.00571,-0.012656,-0.06743600000000001,0.0002279999999999999,6.800000000000209e-05,0.0001360000000000111
12819,-0.006961,0.0056749999999999995,-0.07085899999999999,7.400000000000028e-05,3.600000000000044e-05,-9.600000000001274e-05
16960,-0.009821,-0.0014219999999999999,-0.068312,0.00010199999999999966,0.0002909999999999998,2.5999999999998247e-05
9857,0.0047220000000000005,0.0077919999999999994,-0.071506,-5.500000000000036e-05,8.400000000000161e-05,-7.899999999999574e-05
19924,0.008027,-0.006811,-0.07020699999999999,7.800000000000168e-05,6.900000000000048e-05,-1.6000000000002124e-05
9845,0.015272,-0.00404,-0.071965,6.199999999999956e-05,9.30000000000002e-05,-6.0000000000004494e-05
20092,0.002696,-0.0051210000000000006,-0.07235899999999999,-1.1000000000000159e-05,0.0002530000000000006,-0.0001330000000000081
18789,0.010072,0.000111,-0.065039,6.500000000000082e-05,0.00012799999999999997,-0.00013900000000000023
20807,0.002855,-0.007529,-0.064939,0.0001420000000000002,0.0003290000000000003,-0.0003530000000000061
17183,-0.002079,-0.0023220000000000003,-0.068224,0.00014000000000000015,0.00016100000000000012,0.00010999999999999899
19195,-0.003144,-0.004934,-0.07343300000000001,5.00000000000023e-06,0.00010099999999999953,-1.3999999999986246e-05
21792,0.009567,0.011486000000000001,-0.070889,-0.00011800000000000178,-5.800000000000076e-05,-0.00015900000000000636
21348,-1e-05,0.007062000000000001,-0.07127700000000001,-5.4e-05,0.00016699999999999961,-0.00016299999999999648
13741,0.006759,-0.000533,-0.068427,0.00022099999999999984,0.00023500000000000007,-0.00015499999999998848
20098,0.009775,-0.001452,-0.06522199999999999,5.7999999999999025e-05,8.700000000000005e-05,-9.000000000009e-06
19530,-0.014199999999999999,-0.0062,-0.069677,7.599999999999794e-05,0.00010800000000000046,0.00015199999999999936
17116,0.006121000000000001,-0.002931,-0.066869,0.000183,0.00021099999999999982,-0.00021299999999999097
21713,-0.011174,0.010504,-0.066564,0.0001020000000000014,5.10000000000007e-05,-4.500000000000337e-05
19425,-0.007991,-0.004548,-0.068677,0.0001349999999999997,0.0002900000000000003,-2.8000000000000247e-05
18437,-0.012686999999999999,0.007808,-0.06910200000000001,8.199999999999874e-05,-5.999999999999929e-06,9.000000000009e-06
16500,0.017578,0.001588,-0.06996,7.300000000000015e-05,0.00016899999999999988,-0.00011600000000000499
19334,0.0077009999999999995,0.000199,-0.065136,0.00013900000000000023,0.000247,-0.00026500000000000135
19852,-0.006161,-0.002125,-0.064156,0.00011299999999999939,0.00024400000000000008,0.00013399999999999523
19079,-0.004405999999999999,-0.003593,-0.06962399999999999,5.799999999999989e-05,0.00013699999999999997,3.0000000000030003e-06
17753,0.013132999999999999,0.003269,-0.071863,7.000000000000062e-05,0.0001749999999999998,-0.00016400000000001136
12758,0.006803,-0.002063,-0.068182,0.00010799999999999959,0.00019400000000000016,-0.00011999999999999511
20732,0.007779,0.001632,-0.06539400000000001,0.00011399999999999865,0.00030900000000000003,-0.00019999999999999185
21350,-0.008842000000000001,0.0055439999999999994,-0.064829,9.000000000000327e-06,0.00017900000000000034,0.00010999999999999899
20713,-0.005024,-0.003263,-0.071013,9.49999999999996e-05,0.0002859999999999998,0.000123000000000012
21665,-0.009224,-0.00322,-0.06678,0.00010899999999999972,0.00021600000000000005,5.200000000001037e-05
15103,0.004265,-0.00016700000000000002,-0.06837,0.00016100000000000055,0.000348,-0.00019199999999999773
20748,0.016387,0.006713,-0.06824,-7.400000000000115e-05,0.0001399999999999995,-4.600000000000437e-05
20960,-0.008978,0.008182,-0.068643,0.00010099999999999866,0.0001549999999999989,-0.00011700000000000599
20149,-0.006186,0.0037530000000000003,-0.068042,1.7999999999999787e-05,0.00020199999999999992,-2.5999999999998247e-05
16248,0.007365,0.006986,-0.073608,-0.00015099999999999923,4.99999999999997e-05,-9.899999999998799e-05
18076,-0.009724,0.006055,-0.06997,0.00011599999999999978,3.300000000000004e-05,-0.00022400000000000198
18073,-0.003591,-0.001363,-0.06721099999999999,3.300000000000004e-05,0.00023500000000000018,0.00010599999999999499
13640,0.014905,0.008953,-0.071358,-1.600000000000039e-05,7.399999999999941e-05,-0.00015400000000000136
19423,-0.006636,0.005627,-0.063481,5.9000000000000025e-05,0.0002570000000000003,-2.000000000002e-06
19509,0.006425,-0.009689999999999999,-0.064136,2.9999999999999645e-05,0.00016000000000000042,4.300000000000137e-05
18177,0.010148999999999998,-0.003255,-0.071101,-9.099999999999907e-05,4.9e-05,-6.30000000000075e-05
20992,0.007649,0.004409,-0.066076,0.00012199999999999971,0.00014899999999999983,3.299999999999137e-05
21390,0.003519,-0.002843,-0.06524200000000001,9.70000000000003e-05,0.0002970000000000004,-0.00021999999999999797
19432,-0.007037,-0.0066749999999999995,-0.066753,0.00011399999999999952,0.00027899999999999973,-5.099999999999549e-05
19825,-0.001792,-0.0005899999999999999,-0.069304,8.299999999999996e-05,0.0002529999999999999,6.70000000000115e-05
17846,-0.007896,-0.006552,-0.067218,9.699999999999986e-05,0.0002900000000000003,-5.2999999999997494e-05
19419,-0.008712,-0.003354,-0.068619,8.699999999999854e-05,0.00028200000000000013,0.00018899999999999473
19259,0.002939,-0.00037,-0.06802,7.999999999999978e-05,0.000272,-0.00015500000000000236
19911,0.007315,-0.011796,-0.06640399999999999,0.00020499999999999945,0.00027299999999999894,0.0001689999999999886
14468,-0.009744999999999998,-0.0030499999999999998,-0.067331,8.199999999999874e-05,0.00011599999999999978,0.00014200000000000323
16935,0.0035169999999999997,-0.006641,-0.06795,9.70000000000003e-05,0.00022700000000000064,-0.0002349999999999991
21668,0.007571,-0.00524,-0.066161,0.00019500000000000073,0.00011800000000000005,-0.00013900000000000023
11113,0.0020369999999999997,-0.0015400000000000001,-0.070978,-1.6999999999999654e-05,0.00023800000000000015,6.399999999999462e-05
21776,0.005939,0.002921,-0.066569,0.0003149999999999993,0.00037700000000000016,-0.00015699999999999048
21769,0.015430999999999999,0.004315,-0.067116,3.600000000000131e-05,0.00016199999999999982,-0.00015600000000001724
21375,-0.004019999999999999,0.002762,-0.06783199999999999,5.699999999999889e-05,0.00015899999999999985,8.999999999995123e-06
21371,0.007556,-0.012843,-0.068356,0.00015200000000000023,0.00011100000000000172,2.4999999999997247e-05
15813,0.008108,0.006215,-0.06815099999999999,5.6999999999998024e-05,9.49999999999996e-05,-0.00010100000000000386
16469,0.00204,0.005692999999999999,-0.069706,7.900000000000008e-05,0.00020400000000000106,-8.600000000000274e-05
17466,-0.012531,0.0028450000000000003,-0.066741,7.300000000000015e-05,0.00026599999999999974,6.399999999999462e-05
17124,0.010024,0.010326,-0.067291,-0.00010499999999999919,-1.4999999999999389e-05,-5.099999999999549e-05
21656,-0.002741,0.000455,-0.066111,5.000000000000013e-05,0.00033200000000000005,2.000000000002e-06
10157,0.002771,-0.006625,-0.073124,6.799999999999992e-05,0.00016500000000000022,-0.00010699999999999599
20709,0.0037099999999999998,-0.00396,-0.06398,0.00013100000000000047,0.00031999999999999997,-0.0001880000000000076
17489,0.007057000000000001,-0.007795,-0.065815,0.00016799999999999888,0.0002539999999999999,-2.2000000000008124e-05
9772,0.013397000000000001,-0.001454,-0.07020399999999999,6.499999999999909e-05,8.99999999999998e-05,-6.200000000002037e-05
17123,0.011954000000000001,0.004242,-0.067157,1.0999999999998858e-05,0.00023499999999999997,-7.00000000000145e-05
21412,-0.00518,-0.000134,-0.069194,6.999999999999975e-05,0.00016800000000000002,0.0001789999999999986
20723,0.008433,0.000259,-0.062802,0.00014000000000000123,0.00028800000000000006,-0.00021300000000000485
15121,0.003108,-0.001185,-0.066589,0.00011200000000000012,0.00029200000000000005,-0.0001239999999999991
20570,0.005763,-0.012766999999999999,-0.07070399999999999,0.00014500000000000016,1.9999999999985307e-06,4.099999999998549e-05
16139,-0.0032839999999999996,0.0021070000000000004,-0.070571,0.00012999999999999947,0.00016499999999999935,5.6000000000000494e-05
17102,-0.002857,-0.006197,-0.072157,8.799999999999997e-05,0.0002409999999999999,6.0000000000004494e-05
15880,-0.007873999999999999,-0.008663,-0.069257,0.00015299999999999862,0.0002580000000000013,-5.1999999999996493e-05
