Particle,x,y,z,Vx,Vy,Vz
104,-0.007906,0.011413,-0.071616,0.0,0.0,0.0
6040,-0.004799,-0.008172,-0.073652,0.0,0.0,0.0
2,-0.0006850000000000001,0.002341,-0.073795,0.0,0.0,0.0
5449,-0.007176,0.004719999999999999,-0.061266,0.0,0.0,0.0
6158,-0.005789,-0.009101000000000001,-0.073364,0.0,0.0,0.0
1529,0.005972000000000001,0.008891,-0.06702200000000001,0.0,0.0,0.0
1537,-0.014842000000000001,0.003348,-0.075556,0.0,0.0,0.0
5306,0.010386,0.009214,-0.072289,0.0,0.0,0.0
269,0.006891,0.00906,-0.069625,0.0,0.0,0.0
4446,0.0051589999999999995,0.008153,-0.061426,0.0,0.0,0.0
5386,6e-06,-0.012468,-0.06929300000000001,0.0,0.0,0.0
6052,0.000892,0.006418,-0.074521,0.0,0.0,0.0
5503,-0.006112,-0.000147,-0.060046,0.0,0.0,0.0
4437,-0.013568,-0.010555,-0.06864400000000001,0.0,0.0,0.0
4784,0.016047000000000002,-0.001573,-0.071499,0.0,0.0,0.0
113,-0.004233,0.0047469999999999995,-0.074154,0.0,0.0,0.0
5791,0.004312,-0.008738,-0.063514,0.0,0.0,0.0
6097,-0.012124000000000001,-0.007678,-0.067827,0.0,0.0,0.0
4540,0.008811999999999999,-0.007450999999999999,-0.072647,0.0,0.0,0.0
4790,0.013056,-0.009465999999999999,-0.067483,0.0,0.0,0.0
5268,0.015024,-0.000819,-0.07101600000000001,0.0,0.0,0.0
5529,-0.005288,-0.0055839999999999996,-0.07392499999999999,0.0,0.0,0.0
4253,0.008158,-0.011926,-0.065587,0.0,0.0,0.0
4725,0.006658000000000001,0.012164999999999999,-0.067009,0.0,0.0,0.0
392,-0.012103,-0.005425,-0.068521,0.0,0.0,0.0
4745,0.008927,-0.000594,-0.062206000000000004,0.0,0.0,0.0
5387,-0.011742,-0.005196,-0.07006799999999999,0.0,0.0,0.0
6063,0.007454,-0.010877000000000001,-0.06905599999999999,0.0,0.0,0.0
2602,0.014987,-0.011545,-0.06601699999999999,0.0,0.0,0.0
5361,-0.005333999999999999,0.004658000000000001,-0.071687,0.0,0.0,0.0
4839,-0.001534,0.006567999999999999,-0.07733,0.0,0.0,0.0
4074,0.017172999999999997,-0.002146,-0.074217,0.0,0.0,0.0
5788,0.000737,0.007824,-0.063497,0.0,0.0,0.0
54,-0.016602,-0.003266,-0.07433799999999999,0.0,0.0,0.0
3821,0.016635,-0.008999,-0.069687,0.0,0.0,0.0
5486,-0.005021,0.01299,-0.063975,0.0,0.0,0.0
5195,-0.006691,0.012217,-0.062664,0.0,0.0,0.0
5734,0.00326,-0.004829,-0.077231,0.0,0.0,0.0
5750,0.00713,0.011919,-0.066226,0.0,0.0,0.0
2492,-0.00747,0.004581,-0.072974,0.0,0.0,0.0
3440,0.002012,-0.004287,-0.07303,0.0,0.0,0.0
4948,0.012109,0.011349,-0.06738899999999999,0.0,0.0,0.0
384,-0.003108,0.002613,-0.074324,0.0,0.0,0.0
839,-0.013153,0.003369,-0.064204,0.0,0.0,0.0
6057,-0.0077670000000000005,-0.002676,-0.072312,0.0,0.0,0.0
4737,0.0036880000000000003,0.013326000000000001,-0.06644,0.0,0.0,0.0
6132,-0.009688,0.012505,-0.061915,0.0,0.0,0.0
72,0.00638,-0.003191,-0.07613400000000001,0.0,0.0,0.0
6361,0.005559000000000001,-0.007422,-0.061093,0.0,0.0,0.0
270,0.008964,-0.009195,-0.07110999999999999,0.0,0.0,0.0
4868,0.009087999999999999,-0.011781,-0.067107,0.0,0.0,0.0
5842,-0.005746,0.001194,-0.061258,0.0,0.0,0.0
5784,0.002574,0.000283,-0.07592600000000001,0.0,0.0,0.0
6105,-0.00046600000000000005,0.009478,-0.06819,0.0,0.0,0.0
398,0.008875,-0.001953,-0.073428,0.0,0.0,0.0
486,0.010954,0.002761,-0.06887,0.0,0.0,0.0
476,0.014614,0.0076950000000000005,-0.073777,0.0,0.0,0.0
5526,0.011782,0.0069630000000000004,-0.075259,0.0,0.0,0.0
4773,-0.007673,0.00797,-0.07112900000000001,0.0,0.0,0.0
5593,0.008515,0.009179,-0.07131,0.0,0.0,0.0
6094,0.014341,-0.008657,-0.07435599999999999,0.0,0.0,0.0
6110,-0.00723,0.0058,-0.066693,0.0,0.0,0.0
6150,-0.0039239999999999995,0.004308,-0.061098,0.0,0.0,0.0
4741,0.000501,0.0048460000000000005,-0.060314,0.0,0.0,0.0
5441,-0.01645,-0.002264,-0.071923,0.0,0.0,0.0
6239,0.008058999999999998,-0.000776,-0.07623300000000001,0.0,0.0,0.0
4752,-0.004266,-0.012433999999999999,-0.074634,0.0,0.0,0.0
5760,-0.014319,-0.008246,-0.07560800000000001,0.0,0.0,0.0
6248,-0.008775,0.008353999999999999,-0.07992700000000001,0.0,0.0,0.0
6297,0.017728,0.00325,-0.067081,0.0,0.0,0.0
6322,-0.015473,-0.009105,-0.07746800000000001,0.0,0.0,0.0
5311,0.0047279999999999996,0.012561,-0.06872700000000001,0.0,0.0,0.0
564,0.011096,-0.001824,-0.064028,0.0,0.0,0.0
5550,-0.009722,0.005452,-0.066806,0.0,0.0,0.0
234,-9.4e-05,0.011125999999999999,-0.071869,0.0,0.0,0.0
5929,0.0008139999999999999,0.001889,-0.060238999999999994,0.0,0.0,0.0
4552,-0.004335,0.009982,-0.062262,0.0,0.0,0.0
5860,0.005301,-0.00209,-0.074087,0.0,0.0,0.0
5416,-0.012224,0.003022,-0.066133,0.0,0.0,0.0
3813,0.00392,0.011363,-0.073072,1.5000000000000256e-05,6.100000000000029e-05,-0.00011500000000000399
908,0.005564,0.00497,-0.06916800000000001,-0.0001810000000000006,2.300000000000045e-05,-2.1999999999994246e-05
6451,0.011108,-0.0044009999999999995,-0.069059,2.599999999999998e-05,7.999999999999327e-06,-5.200000000001037e-05
4197,-0.006065,-0.001327,-0.063559,2.300000000000045e-05,0.0003470000000000001,3.700000000000925e-05
6083,-0.007909,0.0017410000000000001,-0.075304,7.799999999999821e-05,-2.9000000000000163e-05,0.0
6065,-0.0028580000000000003,0.012756,-0.06544499999999999,7.100000000000032e-05,0.00014599999999999856,-0.0003520000000000051
6414,-0.000178,-0.011983,-0.07696599999999999,2.599999999999998e-05,-6.599999999999835e-05,-3.800000000001025e-05
6116,-0.005583,0.001842,-0.062514,3.199999999999991e-05,0.0003449999999999996,9.999999999999593e-05
5192,-0.006738,-0.00762,-0.068256,0.00015300000000000036,0.000268,0.00014899999999999636
73,0.005774,0.012244999999999999,-0.07314799999999999,-0.00010999999999999985,6.200000000000129e-05,-0.0002600000000000102
3108,0.004118,0.003503,-0.069585,-0.00010000000000000026,1.2000000000000292e-05,-0.0002500000000000002
1613,0.004133,0.0063360000000000005,-0.072393,4.99999999999997e-05,-7.100000000000075e-05,-0.00015600000000000336
6443,-0.0129,0.011394999999999999,-0.067833,-8.799999999999954e-05,-5.599999999999876e-05,1.7000000000003124e-05
3165,0.007647999999999999,0.008981999999999999,-0.066452,-0.00010499999999999919,-5.6999999999998024e-05,-6.899999999999962e-05
6623,0.004969,0.000638,-0.067869,-2.3999999999999716e-05,7.6e-05,-0.00014799999999999536
3797,-0.015390000000000001,0.004658000000000001,-0.072086,-2.6999999999999247e-05,-0.00028000000000000073,8.299999999999974e-05
6315,0.012919,-0.007885,-0.064454,8.799999999999954e-05,0.00013399999999999957,-7.000000000000062e-05
3758,0.004225,0.000911,-0.070654,9.099999999999994e-05,5.099999999999994e-05,-8.900000000000574e-05
6195,0.014278,0.003233,-0.061024,6.599999999999835e-05,0.0001749999999999998,-0.00011800000000000005
6479,-0.00014199999999999998,0.002143,-0.067423,2.7999999999999976e-05,0.00017700000000000007,-0.00014000000000000123
5879,-0.014093,-0.011179999999999999,-0.067494,-4.1000000000001105e-05,5.199999999999823e-05,8.299999999999974e-05
6512,-0.004652999999999999,-0.003565,-0.061081,0.00023599999999999923,0.00019700000000000013,0.0002730000000000024
36,-0.0044989999999999995,0.012646000000000001,-0.069813,4.0000000000000105e-05,8.099999999999948e-05,-0.00012999999999999123
5696,-0.009612,-0.002989,-0.068533,-5.199999999999823e-05,0.000268,4.600000000000437e-05
6039,0.005812,-0.010028,-0.074515,-5.400000000000023e-05,5.699999999999976e-05,-0.00010999999999999899
5165,-0.01133,-0.011151,-0.07016700000000001,6.199999999999956e-05,0.0002970000000000004,0.00021600000000000785
6499,0.006407,-0.01026,-0.074007,-0.00010000000000000026,2.5000000000000716e-05,-1.9999999999992246e-05
6428,0.001853,-0.010432,-0.067452,0.00017599999999999994,0.00015300000000000036,0.0002859999999999946
6502,-0.007824,-0.0015580000000000001,-0.065203,1.9999999999999185e-05,0.00018300000000000022,4.699999999999149e-05
4411,-0.005999,0.002727,-0.064031,3.499999999999944e-05,0.0003470000000000001,-0.00018299999999998873
6422,0.007248999999999999,-0.00092,-0.061921,0.0001380000000000001,0.0003070000000000001,7.899999999999574e-05
184,-0.007473,0.009082000000000002,-0.066594,4.49999999999999e-05,0.00031799999999999884,-0.00010899999999999799
6508,-0.004959,-0.010268000000000001,-0.060887000000000004,0.0002989999999999998,0.00033900000000000076,-7.999999999999674e-05
102,-0.009363,0.011323999999999999,-0.062287999999999996,1.799999999999892e-05,0.00013300000000000117,0.00013299999999999423
5892,0.018135000000000002,-0.005887,-0.06757099999999999,0.00011699999999999558,6.399999999999982e-05,-6.20000000000065e-05
4190,0.015131,-0.006527,-0.067508,0.00015899999999999942,0.00026400000000000035,-3.800000000001025e-05
6070,0.010721,-0.007084,-0.069367,7.900000000000094e-05,4.8999999999999565e-05,2.8000000000000247e-05
6145,-0.00809,-0.002757,-0.062848,4.4000000000000636e-05,0.00029200000000000016,0.00010699999999999599
6107,-0.009809,0.002234,-0.076494,-1.0000000000001327e-05,-0.00010099999999999996,1.3000000000013001e-05
3117,0.005344000000000001,0.012376,-0.072839,-8.80000000000004e-05,3.199999999999904e-05,-0.00026500000000000135
4127,-0.009121,0.005093,-0.069835,-8.700000000000027e-05,1.999999999999398e-06,-7.000000000000062e-05
5754,0.011224999999999999,0.011179999999999999,-0.077045,-0.0002989999999999989,7.099999999999988e-05,-0.00021200000000000385
400,0.004931,0.002538,-0.06579900000000001,2.2000000000000318e-05,8.600000000000014e-05,-6.699999999998374e-05
4061,-0.005102000000000001,-0.003004,-0.07220900000000001,-8.599999999999927e-05,9.39999999999999e-05,-8.199999999998486e-05
150,0.013356999999999999,0.012098000000000001,-0.068876,-0.00019299999999999873,0.00013999999999999777,-6.699999999999762e-05
6415,0.009052,-0.007634,-0.062104,8.000000000000021e-05,0.00031099999999999964,0.00017199999999999854
4576,-0.012827,-0.010829,-0.072675,2.9999999999998778e-05,0.0001810000000000006,7.700000000000762e-05
6288,0.0034809999999999997,0.0036739999999999997,-0.06397699999999999,2.2000000000000318e-05,0.00018700000000000053,-0.0002550000000000052
6099,0.007386,-0.007766,-0.063677,0.00017,0.0003110000000000005,-2.6000000000012125e-05
858,-0.002614,-0.00705,-0.07265300000000001,-0.00015299999999999992,0.0001269999999999995,-0.00013199999999999323
3118,-0.003091,-0.010701,-0.069393,1.0000000000001327e-06,0.0001760000000000008,-6.90000000000135e-05
6541,-0.010585,-0.003565,-0.061003999999999996,0.0002320000000000013,0.0001749999999999998,0.0002139999999999989
2169,0.002528,0.010039999999999999,-0.071623,-2.7000000000000114e-05,8.900000000000054e-05,-0.00013199999999999323
5790,0.014407999999999999,0.006144,-0.071926,-0.00035899999999999994,0.00019399999999999973,0.00010800000000001087
5157,0.003714,-0.011033,-0.062518,0.00012300000000000028,8.299999999999974e-05,5.200000000000343e-05
226,-0.0009310000000000001,0.0035059999999999996,-0.067476,1.2000000000000075e-05,7.000000000000062e-05,-1.0000000000010001e-05
6117,0.007914,0.002291,-0.060395000000000004,0.0002149999999999999,0.0002499999999999998,0.0001850000000000046
6106,0.011158,-0.007901,-0.066233,0.00010199999999999966,0.0001910000000000002,-8.399999999998686e-05
3507,0.007854,-0.010858000000000001,-0.06443800000000001,0.00018199999999999987,0.00015500000000000236,-7.299999999998974e-05
617,-0.002523,0.007339,-0.073688,-5.999999999999929e-06,9.30000000000002e-05,-0.00016900000000000248
248,-0.016149,0.004787,-0.069118,-0.0001799999999999996,-9.599999999999973e-05,5.4999999999999494e-05
6744,-0.011930999999999999,0.005404,-0.073599,-1.000000000001e-06,-7.000000000000062e-06,4.000000000004e-06
6090,0.001358,-0.008146,-0.071943,-0.00010500000000000006,-7.000000000000062e-06,2.6999999999999247e-05
6419,0.012486,-0.0048460000000000005,-0.071643,2.3999999999999716e-05,1.000000000000046e-05,4.000000000004e-06
4412,0.009444000000000001,0.007554,-0.064042,1.6999999999999654e-05,0.00010999999999999985,-8.499999999998786e-05
1845,-0.005141,0.002762,-0.06590900000000001,-8.300000000000061e-05,0.00027899999999999973,-7.100000000000162e-05
2252,-0.00864,-0.010376,-0.06817000000000001,0.00017700000000000007,0.0001799999999999996,0.0001320000000000071
171,0.001539,0.008163,-0.07525799999999999,7.900000000000008e-05,2.3999999999999716e-05,-0.00011800000000000699
6047,-0.009157,0.001511,-0.07243000000000001,4.700000000000017e-05,1.0999999999999942e-05,-6.699999999999762e-05
6645,-0.00807,-0.00068,-0.062431,5.199999999999996e-05,0.00029200000000000005,-1.0000000000003062e-05
6774,0.009773,0.008878,-0.064899,-8.099999999999948e-05,8.3999999999999e-05,-4.099999999999937e-05
302,0.00622,-0.003431,-0.06795399999999999,9.8e-05,0.00013999999999999993,-0.00017100000000001836
3260,0.005073,0.00332,-0.07400100000000001,-0.00012299999999999985,-1.7999999999999787e-05,-0.00017699999999998273
6903,0.003485,-0.0105,-0.064629,0.00037600000000000047,0.00012900000000000064,0.00019900000000000473
6194,-0.009734,0.009351000000000002,-0.075693,-0.00013300000000000117,-3.0000000000002247e-05,-6.499999999999562e-05
6448,-0.013262000000000001,0.012102,-0.067898,-5.899999999999829e-05,-1.1999999999999858e-05,4.899999999999349e-05
6934,-0.005131999999999999,0.012296,-0.06292,4.299999999999877e-05,0.00030799999999999925,-0.00018699999999999273
6531,0.012106,-0.006418,-0.073268,6.600000000000009e-05,-2.499999999999985e-05,-4.000000000004e-06
6875,0.014443,0.001333,-0.063435,3.500000000000031e-05,3.000000000000008e-05,-5.2999999999997494e-05
5570,0.013517,-0.00326,-0.07376600000000001,1.700000000000139e-05,3.799999999999984e-05,3.2000000000018125e-05
6790,-0.013708,0.000625,-0.076516,1.600000000000039e-05,-7.200000000000002e-05,-5.6999999999987616e-05
6417,-0.006705,-0.0029140000000000004,-0.069638,6.200000000000042e-05,0.00010600000000000062,4.000000000004e-06
5325,0.002153,-0.005704,-0.070176,0.0001259999999999998,5.799999999999989e-05,-0.0002809999999999896
6409,-0.006853,0.0037930000000000004,-0.065089,4.8999999999999565e-05,0.00031999999999999997,1.000000000001e-06
3765,-0.005766,-0.007042,-0.071397,-1.299999999999999e-05,0.00015999999999999955,8.300000000001362e-05
4436,0.010282,0.004481,-0.072889,-0.00011899999999999931,3.4000000000000176e-05,-0.0001290000000000041
4392,-0.005426,0.003617,-0.064414,1.7999999999999787e-05,0.00038099999999999983,-1.5000000000001124e-05
456,-0.006607999999999999,0.012945,-0.06392,1.6999999999998787e-05,0.00022400000000000024,-8.499999999998786e-05
5579,0.012581,0.0016979999999999999,-0.061999000000000005,-5.6000000000000494e-05,0.00020700000000000015,6.0000000000060005e-06
4966,-0.014335,-0.006396,-0.074893,-0.0002489999999999992,0.00014200000000000063,0.00022099999999999898
6440,-0.010544000000000001,-0.005476,-0.064417,0.0001570000000000009,0.00012399999999999998,2.3999999999996247e-05
6092,-0.009801,-0.001485,-0.061852,-6.899999999999788e-05,0.000263,-0.00016700000000000048
6538,0.011529,-0.007036,-0.070669,2.2000000000001185e-05,-2.3999999999999716e-05,-8.000000000008e-06
6917,-0.005724,-0.008602,-0.077324,7.699999999999981e-05,-8.000000000000021e-05,9.900000000001574e-05
6156,0.002881,-0.0036230000000000004,-0.06347,0.00026999999999999984,0.0002340000000000007,-2.5999999999998247e-05
5799,-0.000241,-0.000571,-0.057338,3.9e-05,0.00022200000000000003,-7.100000000000162e-05
6520,-0.000415,0.001267,-0.058948,2.3999999999999987e-05,0.0001510000000000001,-0.00011099999999999999
6257,-0.001405,0.006713,-0.061822,4.0000000000000105e-05,0.00019399999999999973,-1.9999999999999185e-05
6079,-0.006886,-0.007123999999999999,-0.06693,3.199999999999991e-05,0.0002649999999999996,0.00016099999999999448
6486,-0.002388,0.0032069999999999998,-0.059338999999999996,2.099999999999975e-05,0.0002270000000000002,-0.00016300000000000342
6946,-0.007489,0.010896000000000001,-0.075026,0.0,-3.300000000000178e-05,-9.000000000000674e-05
6869,-0.010676,0.012603999999999999,-0.06303199999999999,6.300000000000056e-05,6.900000000000135e-05,0.0003509999999999902
3786,0.013686,0.002005,-0.07144,-8.200000000000048e-05,4.9e-05,-7.499999999999174e-05
6411,0.014757,-0.009714,-0.06972,9.999999999992654e-07,0.00010800000000000046,-4.099999999998549e-05
6894,0.011445,-0.001082,-0.062916,7.899999999999921e-05,0.000271,0.0002500000000000002
6773,-0.000608,0.012861000000000001,-0.064714,0.00013500000000000008,0.00025799999999999955,-0.00014799999999999536
5554,0.00996,-0.010836,-0.072006,-3.799999999999984e-05,0.00015000000000000083,-8.199999999999874e-05
6906,7.099999999999999e-05,-0.012898999999999999,-0.068338,0.00015000000000000001,6.599999999999835e-05,-0.00010200000000000486
6798,0.009374,0.00028799999999999995,-0.076903,4.999999999999796e-06,-0.00017299999999999995,-0.00010499999999999399
3518,-0.004856,0.010095,-0.068236,7.000000000000062e-06,0.0002999999999999999,-8.499999999998786e-05
4348,-0.01551,0.003516,-0.071985,-0.0001810000000000006,-0.00013299999999999987,-4.800000000000637e-05
7027,-0.00717,-0.008871,-0.069429,6.299999999999969e-05,0.00011000000000000072,5.500000000001337e-05
554,0.004969,-0.001095,-0.074102,-7.900000000000094e-05,-9.8e-05,-0.00014000000000000123
6799,0.000764,0.004412,-0.064072,-2.0000000000000052e-05,0.00010599999999999932,5.7000000000001494e-05
917,0.009266,0.00313,-0.073442,-0.00010600000000000019,1.1000000000000159e-05,-0.0001890000000000086
6252,0.004764,0.000589,-0.056345,-6.499999999999995e-05,0.00032400000000000007,-7.800000000000168e-05
2454,-0.012185,-0.002951,-0.071092,-0.00013699999999999997,5.3000000000000096e-05,9.000000000009e-06
869,-0.003927,0.005301999999999999,-0.070547,-7.600000000000055e-05,0.00010600000000000106,-7.600000000000662e-05
4821,-0.000629,-0.011635999999999999,-0.06510200000000001,0.000256,0.0002449999999999987,-0.00011799999999999311
4734,-0.00437,-0.007904,-0.071682,2.499999999999985e-05,9.099999999999907e-05,-4.600000000000437e-05
6510,-0.004671000000000001,-0.0044800000000000005,-0.06839100000000001,4.900000000000043e-05,0.00023100000000000117,-3.9999999999901226e-06
5288,0.005692,0.002301,-0.07594100000000001,-0.00012399999999999998,-4.6000000000000034e-05,-0.0002390000000000031
4541,0.006365999999999999,0.002284,-0.062542,1.2000000000000725e-05,0.0001429999999999999,-4.200000000000037e-05
6771,0.006549999999999999,0.009169,-0.061874000000000005,-0.00011199999999999925,0.00016700000000000048,0.00014300000000000423
6776,0.011542,-0.0031509999999999997,-0.069244,-2.599999999999998e-05,0.00010399999999999949,0.0001290000000000041
5388,0.005645,0.004263,-0.061494,-7.300000000000015e-05,0.00013900000000000023,-5.6000000000000494e-05
6584,-0.004623,-0.004339000000000001,-0.058489,6.000000000000796e-06,0.00013800000000000097,-4.099999999999937e-05
74,0.004365,0.00027800000000000004,-0.066261,-4.0000000000000105e-05,7.999999999999994e-05,-3.699999999999537e-05
6470,-0.009914,0.008256,-0.076132,-8.099999999999948e-05,-4.799999999999943e-05,6.1000000000005494e-05
6826,-0.009687,-0.005358,-0.057976,-4.49999999999999e-05,0.00033199999999999983,-7.999999999999674e-05
5883,0.018375,-0.008058999999999998,-0.069842,-4.000000000000531e-06,4.49999999999999e-05,-0.0001719999999999916
439,-0.015446999999999999,-0.009711000000000001,-0.07020699999999999,-9.400000000000207e-05,-2.999999999999531e-06,2.699999999998537e-05
6391,-0.000898,0.008269,-0.071092,-5.6999999999999976e-05,-2.2000000000001185e-05,-0.0001779999999999976
6905,-0.003179,-0.010675,-0.0627,0.00031999999999999997,0.00020199999999999906,-0.0001239999999999991
6465,-0.008763,0.008564,-0.076631,-0.00010400000000000166,-6.0000000000001025e-05,-3.0000000000002247e-05
5233,0.005691,-0.0020800000000000003,-0.064394,7.200000000000002e-05,0.00014900000000000026,-4.400000000000237e-05
6381,0.013151999999999999,0.011971,-0.069961,-0.00020500000000000032,8.200000000000048e-05,-6.0000000000004494e-05
6535,-0.012036,-0.009199,-0.07252800000000001,-8.5e-05,0.0002530000000000015,0.00010000000000001674
812,0.008627000000000001,0.007794,-0.074132,-0.00017200000000000028,-0.00012599999999999938,-5.2999999999997494e-05
4100,0.006679,-0.0047539999999999995,-0.06894700000000001,7.799999999999994e-05,0.00011799999999999918,-5.3999999999998494e-05
6325,0.014214000000000001,0.007475,-0.06459699999999999,-6.0000000000001025e-05,5.099999999999983e-05,-2.7000000000013125e-05
399,0.008025000000000001,0.01324,-0.069134,-0.0001250000000000001,6.199999999999956e-05,-5.7000000000001494e-05
3220,0.000171,-0.006588,-0.07144299999999999,-9.800000000000001e-05,-4.999999999999796e-06,-1.8000000000004124e-05
3826,0.00495,-0.005006,-0.06701,0.00010599999999999932,0.00012000000000000031,-0.0001739999999999936
130,0.010287000000000001,0.006538,-0.065398,-6.700000000000109e-05,0.00023899999999999963,-8.500000000000174e-05
111,-0.012092,0.000566,-0.067667,-2.2000000000001185e-05,-6.800000000000003e-05,-0.00016299999999999648
6494,0.0071319999999999995,-0.007044,-0.06914100000000001,3.600000000000044e-05,-1.000000000000046e-05,-3.199999999999037e-05
5817,0.010448,-0.006643,-0.06896899999999999,5.10000000000007e-05,3.8999999999999105e-05,1.9999999999992246e-05
4818,0.004001,-0.004056,-0.061918,2.499999999999985e-05,0.00018499999999999983,-8.100000000000468e-05
3801,0.009971,0.000384,-0.07298,-0.00011100000000000172,2.599999999999998e-05,-8.699999999998986e-05
3120,0.008195000000000001,-0.004464,-0.066762,0.00012799999999999964,9.500000000000047e-05,-6.699999999999762e-05
4726,-0.010990999999999999,0.007036,-0.071022,-4.300000000000137e-05,4.700000000000017e-05,3.500000000000725e-05
6542,-0.012334,-0.008657,-0.065422,0.0001739999999999988,5.10000000000007e-05,0.00022700000000000498
6891,-0.003137,-0.003375,-0.066508,9.699999999999986e-05,0.0002149999999999999,-3.800000000001025e-05
5224,0.010272,-0.009731,-0.06634699999999999,5.7000000000001494e-05,0.00018500000000000114,-1.6000000000016e-05
6856,-0.006121000000000001,-0.011979,-0.061658000000000004,0.00014200000000000063,0.00027300000000000067,-5.3999999999998494e-05
6944,0.00041299999999999996,0.005643,-0.062634,-6.999999999999953e-06,0.0001730000000000004,-3.0000000000030003e-06
6583,0.010407,-0.0070739999999999996,-0.063016,7.000000000000062e-05,0.0002649999999999996,-1.9999999999992246e-05
6444,0.001746,-0.0035240000000000002,-0.07537999999999999,4.300000000000007e-05,-7.399999999999985e-05,-6.60000000000105e-05
4502,0.010926,0.003892,-0.066785,-8.900000000000054e-05,0.00017500000000000024,-5.200000000001037e-05
6412,0.001302,-0.009184,-0.07230299999999999,2.3000000000000017e-05,-1.899999999999992e-05,-4.000000000001225e-05
44,-0.011349999999999999,-0.008471,-0.06830599999999999,4.999999999999796e-05,8.5e-05,0.00032200000000000284
6402,-0.008024,-0.009949,-0.068095,6.100000000000029e-05,0.0002289999999999983,0.0001290000000000041
4391,-0.0023610000000000003,0.0072510000000000005,-0.061093,-1.0999999999999725e-05,0.00026599999999999974,-3.999999999999837e-05
519,-0.0035310000000000003,0.010537000000000001,-0.070155,9.900000000000013e-05,6.699999999999762e-05,-4.500000000000337e-05
6847,0.004652999999999999,-0.0062629999999999995,-0.060833,0.00011900000000000105,0.00035099999999999975,0.00015799999999999842
6506,-0.001923,0.009807,-0.06121,-0.00011099999999999977,0.00024000000000000063,-4.500000000000337e-05
2290,0.009516,0.009297000000000001,-0.067729,-0.00015800000000000015,-2.400000000000145e-05,-0.0001270000000000021
537,-0.010298999999999999,0.008913,-0.063808,4.2999999999999636e-05,-1.4000000000001858e-05,0.00010600000000000886
1245,0.004117,0.00719,-0.07733799999999999,-5.400000000000023e-05,5.899999999999916e-05,-0.00023200000000000998
6476,0.016429,0.000758,-0.07350799999999999,3.500000000000031e-05,0.00013600000000000005,-5.6000000000000494e-05
6128,-0.007234,-0.0075190000000000005,-0.07068300000000001,8.99999999999998e-05,0.0001260000000000011,0.00016900000000001636
4082,-0.012586,0.008903000000000001,-0.069869,-6.100000000000029e-05,-8.800000000000127e-05,4.999999999991123e-06
843,0.010663,-0.007293999999999999,-0.068182,6.100000000000029e-05,0.00024099999999999903,0.00010100000000000386
2802,-0.013729,0.005634999999999999,-0.07210899999999999,-0.00014699999999999956,-0.00011899999999999931,8.899999999999186e-05
6900,-0.004593,-0.008228,-0.065108,0.00022699999999999977,0.0002399999999999989,2.6000000000012125e-05
6581,0.010386,-0.011526999999999999,-0.066039,3.799999999999984e-05,0.00022299999999999924,0.0001320000000000071
6418,-0.005084,-0.002121,-0.06102900000000001,5.799999999999989e-05,0.00022100000000000006,-5.8999999999996555e-05
6091,-0.005749,-0.000366,-0.072035,2.999999999999531e-06,6.300000000000001e-05,-5.2999999999997494e-05
6777,-0.001851,-0.007453,-0.062335999999999996,0.0001870000000000001,0.00038000000000000013,-8.89999999999988e-05
6962,0.010042,-0.013202,-0.070312,-2.000000000002e-06,8.099999999999948e-05,-3.0000000000002247e-05
6302,0.011787,-0.012821999999999998,-0.070752,5.199999999999996e-05,3.5999999999999574e-05,-7.699999999999374e-05
4665,-0.008297,0.012489,-0.064139,-3.200000000000078e-05,0.0002749999999999992,-4.400000000000237e-05
2821,0.011865,-0.003137,-0.066735,9.60000000000006e-05,0.0002049999999999999,-2.3999999999996247e-05
437,-0.005681,-0.002879,-0.07091,0.00010500000000000093,0.00020300000000000006,-5.0000000000050004e-06
6904,-0.0022280000000000004,-0.002853,-0.057669,1.9000000000000353e-05,0.00032400000000000007,-5.3999999999998494e-05
318,0.0101,0.004152,-0.06602899999999999,-8.199999999999874e-05,0.00018400000000000014,6.299999999999362e-05
6801,0.01036,0.008362,-0.070962,-9.99999999999994e-05,8.200000000000048e-05,-0.00014500000000000624
6080,-0.012077,-0.0014470000000000002,-0.07567700000000001,-9.800000000000086e-05,3.900000000000019e-05,-0.00014699999999999436
6979,0.010378,-0.008051,-0.060151,0.0001899999999999992,0.0002220000000000017,-1.8999999999998185e-05
3662,-0.015902,0.0021469999999999996,-0.070647,-0.00011699999999999905,-0.00011399999999999952,3.299999999999137e-05
6256,0.005672,0.0030600000000000002,-0.07246599999999999,-1.1000000000000593e-05,-4.000000000000097e-06,-0.00012000000000000899
5736,-0.0094,-0.0019950000000000002,-0.062272,-0.00011399999999999952,0.00015400000000000027,-1.7000000000003124e-05
6287,0.011327,-0.002104,-0.07334099999999999,4.700000000000017e-05,2.3999999999999716e-05,1.7999999999990246e-05
6999,0.011942,-0.009836000000000001,-0.060981,0.00016600000000000122,0.00020100000000000152,-6.899999999999962e-05
6931,0.005804999999999999,0.011999000000000001,-0.068857,1.1000000000000593e-05,8.3999999999999e-05,-0.00017400000000000748
6709,-0.003978000000000001,-0.009929,-0.057033,5.10000000000007e-05,0.00027199999999999967,-3.199999999999731e-05
6803,-0.00645,-0.011364,-0.07389799999999999,0.00012299999999999985,0.00014300000000000077,9.999999999998899e-05
6791,0.010443,-0.009737,-0.072122,3.900000000000084e-05,0.00011599999999999978,1.0000000000010001e-05
6579,-0.00261,-0.008536,-0.062875,0.00014199999999999977,0.00030400000000000045,-0.00015400000000000136
6717,-0.010573,-0.003444,-0.06925400000000001,7.900000000000094e-05,0.0002530000000000002,-7.499999999997786e-05
143,-0.000304,0.012859,-0.07200799999999999,0.00011200000000000001,0.0001849999999999994,-0.00029000000000001247
6750,-0.004312,-0.007918999999999999,-0.072931,-3.799999999999984e-05,4.699999999999843e-05,-7.000000000007001e-06
6413,-0.006677,-0.00723,-0.068646,8.399999999999987e-05,0.0002040000000000002,9.599999999999886e-05
6493,-0.0030009999999999998,-0.010381999999999999,-0.068111,8.899999999999967e-05,0.00022199999999999824,-5.4999999999985616e-05
6521,-0.012428000000000002,0.010327,-0.06598000000000001,-1.799999999999892e-05,-4.1999999999998636e-05,2.6000000000012125e-05
5786,-0.007405999999999999,0.008709,-0.074089,0.00012099999999999958,-6.000000000000796e-06,-8.800000000000474e-05
1890,-0.001835,0.008481,-0.06872400000000001,-0.00013799999999999988,0.00016999999999999828,-7.500000000000562e-05
6781,-0.011705,-0.006677,-0.072495,-0.00011800000000000005,1.0999999999999725e-05,0.0003070000000000017
5523,0.002159,-0.007084,-0.070145,5.000000000000013e-05,4.8999999999999565e-05,-0.00012199999999999711
5810,-0.00651,-0.011309,-0.065,0.00042500000000000003,0.00022800000000000077,0.0002920000000000006
5076,0.011877,-0.005666,-0.069149,-2.599999999999998e-05,8.799999999999954e-05,-1.4000000000000123e-05
6437,-0.004799,-0.004541000000000001,-0.064545,0.00016799999999999975,0.00020500000000000032,-7.999999999999674e-05
3156,0.003357,-0.008992000000000002,-0.068634,2.699999999999968e-05,1.9000000000001654e-05,-8.199999999999874e-05
6889,0.016664,0.001217,-0.068888,-3.300000000000178e-05,0.00012100000000000001,-0.0001250000000000001
5726,0.016044,0.000228,-0.07056799999999999,-0.00010699999999999946,0.00015999999999999999,-0.00012000000000000899
6996,-0.001676,0.000195,-0.068522,3.4999999999999875e-05,0.00024,-0.00014200000000000323
3435,0.002084,0.011613,-0.068742,3.799999999999984e-05,-3.0000000000012655e-06,-4.200000000001425e-05
4919,0.006227,-0.004318,-0.061485,4.700000000000017e-05,0.00033999999999999916,2.5999999999998247e-05
5049,-0.010416,-0.0074930000000000005,-0.069388,9.299999999999933e-05,5.6000000000000494e-05,0.00019800000000000373
5454,-0.003633,-0.010517,-0.061772,0.000271,0.00017,-9.699999999999986e-05
6084,0.011744,-0.0020800000000000003,-0.073467,8.6000000000001e-05,9.900000000000013e-05,9.499999999999786e-05
5859,-0.009633,-0.01194,-0.068035,4.2999999999999636e-05,0.0002889999999999993,0.00020399999999999585
212,-0.008958,0.008384,-0.072402,-2.2999999999998716e-05,5.199999999999996e-05,-4.700000000000537e-05
912,0.014138999999999999,-0.00188,-0.06428,0.0001250000000000001,0.00016399999999999987,2.000000000002e-06
6748,-0.01149,0.000634,-0.075572,-6.899999999999962e-05,7.999999999999978e-06,-2.5999999999998247e-05
5395,-0.00158,0.012125,-0.065014,0.00015400000000000006,0.000305999999999999,-0.00011599999999999111
6462,0.001415,0.00734,-0.07123,-3.399999999999996e-05,-1.600000000000039e-05,-7.800000000000862e-05
6884,0.000671,-0.005827,-0.06342199999999999,0.00012399999999999998,0.00025299999999999975,-0.00019800000000000373
6525,-0.006331000000000001,0.008303000000000001,-0.076982,8.000000000000194e-06,1.2999999999999123e-05,-2.2000000000008124e-05
4607,-0.006834,0.0023740000000000002,-0.063891,4.399999999999977e-05,0.00027599999999999977,-0.00012899999999999023
6807,-0.010332000000000001,-0.002876,-0.07526000000000001,-7.799999999999994e-05,-2.099999999999975e-05,-1.8999999999991246e-05
5779,-0.00968,-0.010935,-0.071514,8.99999999999998e-05,8.200000000000048e-05,-2.3999999999996247e-05
5276,-0.011676,-0.009949999999999999,-0.07142100000000001,7.799999999999994e-05,0.00015899999999999768,0.0001350000000000101
5315,0.014988,0.001424,-0.067762,-0.00017700000000000007,2.0000000000000486e-06,-1.6000000000002124e-05
5982,-0.0045190000000000004,0.0069489999999999994,-0.068981,2.0000000000002655e-06,0.00016600000000000035,-0.00015900000000000636
6240,0.015167,-0.004725,-0.07412600000000001,-2.2000000000001185e-05,6.900000000000048e-05,-1.5999999999988246e-05
6796,0.01688,-0.010829,-0.06901099999999999,3.500000000000031e-05,0.00014899999999999983,-9.000000000009e-06
6593,0.006617,0.002297,-0.071125,-0.00014999999999999996,-3.000000000000008e-05,-0.00015900000000000636
4406,-0.010362999999999999,-0.0077859999999999995,-0.070506,2.199999999999945e-05,0.0002519999999999996,0.0002319999999999961
6910,-0.011919,0.010308,-0.06515800000000001,5.000000000001531e-06,-8.299999999999974e-05,1.9000000000005124e-05
6427,-0.008781,-0.002312,-0.074411,-7.899999999999921e-05,1.0999999999999725e-05,-7.999999999999674e-05
3767,-0.006598,-0.001709,-0.073462,-9.900000000000013e-05,9.200000000000007e-05,-8.700000000000374e-05
51,-0.006862,0.005709,-0.07196599999999999,7.200000000000002e-05,6.899999999999962e-05,-4.600000000001825e-05
160,0.01013,0.006829,-0.070507,-0.00022900000000000004,0.00010700000000000032,-7.999999999999674e-05
71,0.00326,0.001653,-0.072009,-0.00012399999999999954,5.000000000000013e-06,-0.00014000000000000123
53,0.0037370000000000003,0.008262,-0.071922,1.0999999999999725e-05,-5.199999999999996e-05,-0.0001390000000000141
57,0.000299,0.004593,-0.068637,-7.299999999999999e-05,8.100000000000034e-05,-0.00010299999999999199
6051,-0.011996,-0.001992,-0.07209,-0.0001020000000000014,2.7999999999999813e-05,-3.399999999999237e-05
6134,0.014909,0.003373,-0.07218899999999999,-0.00010500000000000093,0.0001510000000000001,8.999999999981245e-06
1855,-0.002004,0.0060279999999999995,-0.06936400000000001,-1.899999999999992e-05,0.00016100000000000055,-0.00023799999999998822
48,-0.0005520000000000001,0.006067,-0.069118,-0.00010099999999999996,7.699999999999981e-05,-0.00014100000000000223
3115,-0.000656,0.0095,-0.070242,1.0000000000000243e-06,9.999999999999593e-06,-8.999999999999286e-05
6058,0.001706,-0.00375,-0.070652,8.599999999999992e-05,8.899999999999967e-05,-0.00011799999999999311
2800,0.003397,0.005176999999999999,-0.067838,-0.00013599999999999984,0.00012600000000000024,-4.500000000000337e-05
6129,-0.00387,-0.00079,-0.067851,0.00010000000000000026,0.000302,-7.999999999994123e-06
5494,-0.002282,-0.004407,-0.069193,8.99999999999998e-05,0.00024000000000000063,-1.9999999999992246e-05
151,-0.00197,0.009181,-0.07204600000000001,3.0999999999999995e-05,4.99999999999997e-05,-0.0002789999999999876
3114,-0.004046999999999999,0.002153,-0.06989400000000001,-6.600000000000095e-05,0.0002040000000000002,-0.00024399999999999422
5053,0.002646,0.002713,-0.068218,7.000000000000062e-06,0.00013200000000000017,-0.00015099999999999836
6400,0.005899,0.011739000000000001,-0.06904600000000001,-9.000000000000327e-06,3.5999999999999574e-05,-8.799999999999086e-05
1211,0.000273,0.0012230000000000001,-0.067814,2.3999999999999987e-05,0.00015799999999999994,-0.00011500000000000399
1594,-0.001091,0.000769,-0.068716,1.2000000000000075e-05,0.00018099999999999995,-0.00016499999999999848
106,-0.00198,0.009964,-0.068661,-1.299999999999999e-05,3.199999999999904e-05,-0.00014400000000000523
4723,0.0054009999999999996,0.0013700000000000001,-0.06735899999999999,6.000000000000796e-06,1.7999999999999787e-05,-4.000000000001225e-05
6612,-0.000632,-0.011367,-0.071917,0.000138,0.00014500000000000103,-7.800000000000862e-05
5832,-0.008313000000000001,-0.0047409999999999996,-0.069953,-1.799999999999892e-05,6.399999999999982e-05,-3.300000000000525e-05
6311,0.01114,0.007784,-0.07125100000000001,-0.00022500000000000124,3.4000000000000176e-05,-0.0002149999999999791
123,0.0045,-0.007551,-0.070006,3.5999999999999574e-05,7.000000000000062e-05,-0.00010599999999999499
6048,-0.001209,-0.00784,-0.073781,-5.799999999999989e-05,5.5999999999999626e-05,4.899999999999349e-05
77,-0.003814,0.009531000000000001,-0.070955,-4.399999999999977e-05,0.00013599999999999897,-0.00011799999999999311
2229,0.00746,0.000305,-0.067047,9.60000000000006e-05,8.400000000000004e-05,-9.400000000001074e-05
4724,-0.009949,0.004149,-0.068511,1.1999999999999858e-05,-7.799999999999994e-05,-7.200000000000262e-05
807,0.001813,0.006219000000000001,-0.071572,-9.199999999999985e-05,-3.600000000000044e-05,-0.0001330000000000081
5697,0.003258,-0.008794,-0.072706,-3.100000000000021e-05,9.10000000000008e-05,1.8000000000004124e-05
5504,0.0056040000000000005,0.010276,-0.071316,-0.00017200000000000028,1.899999999999992e-05,-0.00015699999999999048
5364,0.000824,0.002821,-0.06711199999999999,5.400000000000001e-05,0.00011699999999999992,-0.00010300000000000586
4475,0.0010609999999999999,-0.007376000000000001,-0.071313,-5.799999999999989e-05,-2.9999999999986635e-06,3.999999999999837e-05
180,-0.002973,0.01154,-0.06604399999999999,9.89999999999997e-05,0.0001299999999999999,-0.00010900000000001187
3190,-0.006598,0.008858000000000001,-0.070725,-1.600000000000039e-05,0.00014799999999999883,-5.600000000001437e-05
3449,-0.011117,0.002595,-0.062704,-1.899999999999992e-05,0.00017599999999999994,-1.9000000000005124e-05
2550,0.008356,0.010661,-0.067322,-2.599999999999998e-05,7.899999999999921e-05,-0.0002279999999999921
3109,0.000294,-0.0018620000000000002,-0.065616,3.200000000000002e-05,0.0002460000000000001,-7.00000000000145e-05
4063,0.010694,0.002411,-0.070313,-0.00010300000000000066,4.300000000000007e-05,-1.1999999999998123e-05
1298,-0.009559,0.001722,-0.065035,2.199999999999945e-05,0.0002720000000000001,-0.00016599999999999948
2871,0.004347,0.008054,-0.066491,-0.00016600000000000035,7.000000000000062e-05,-0.00011400000000000299
92,0.0015409999999999998,0.001095,-0.067506,1.6000000000000172e-05,0.00010399999999999993,-0.00016299999999999648
1857,-0.0011970000000000001,0.008621,-0.06965900000000001,-9.199999999999985e-05,-1.8000000000000654e-05,-0.0002899999999999847
3504,-0.010554000000000001,-0.004253,-0.068543,-9.999999999992654e-07,0.00019099999999999933,9.000000000000674e-05
6053,0.005442,0.011330999999999999,-0.06646099999999999,8.099999999999948e-05,0.00010700000000000119,-2.000000000002e-06
6745,-0.009489000000000001,-0.009159,-0.072667,4.799999999999943e-05,0.00016800000000000148,0.00027199999999999447
6407,-0.0026019999999999997,-0.000202,-0.067076,3.899999999999954e-05,0.000257,-0.00010700000000000986
2815,-0.007472,-0.005624,-0.07068300000000001,-9.999999999992654e-07,0.00010399999999999993,2.0000000000006124e-05
1225,0.017328,0.00184,-0.06976399999999999,1.6999999999999654e-05,5.1999999999999746e-05,-7.500000000000562e-05
5806,-0.00745,-0.011349,-0.06838,0.00016900000000000075,8.800000000000127e-05,0.00014999999999999736
6526,-0.009533,-0.007372,-0.07215099999999999,4.999999999999796e-06,-1.0000000000001327e-06,0.0002859999999999946
229,-0.008386,0.003279,-0.066066,5.599999999999876e-05,0.00017900000000000034,-7.100000000000162e-05
6064,0.0011719999999999999,0.0052380000000000005,-0.070198,-0.0001339999999999998,6.799999999999948e-05,-9.900000000000186e-05
6118,-0.002659,-0.0031360000000000003,-0.071268,-7.200000000000002e-05,0.00018800000000000023,-9.499999999999786e-05
5827,-0.012007,-0.009838,-0.070003,-4.999999999999796e-06,0.00013800000000000097,0.00010699999999999599
3272,0.0009459999999999999,-0.001934,-0.065405,3.000000000000008e-05,0.00029699999999999996,-7.999999999999674e-05
6046,0.0010609999999999999,-0.007541,-0.06765900000000001,0.00021000000000000012,0.0002890000000000002,-1.3999999999986246e-05
1531,-0.013453,0.00544,-0.069848,-0.00010500000000000093,-9.200000000000094e-05,7.699999999999374e-05
1559,-0.003873,0.004186,-0.067876,1.4000000000000123e-05,0.0002530000000000006,-4.500000000000337e-05
2463,-0.007936,0.00344,-0.063533,5.300000000000096e-05,0.000255,-4.299999999998749e-05
6326,0.0011519999999999998,-0.012343,-0.07590999999999999,0.00010700000000000011,6.199999999999956e-05,-1.3000000000013001e-05
124,0.012436,-0.005957,-0.06968200000000001,-6.999999999998327e-06,9.099999999999994e-05,-2.599999999998437e-05
281,-0.010112,0.0028940000000000003,-0.070116,-3.400000000000104e-05,-6.800000000000035e-05,-3.899999999999737e-05
4812,0.004275,0.000837,-0.065278,2.9999999999999645e-05,0.0001470000000000001,-0.00013900000000000023
836,-0.011214,-0.000948,-0.070279,-2.2000000000001185e-05,-4.4000000000000094e-05,-0.00014100000000000223
97,0.013619999999999998,-0.000322,-0.06852,-4.9999999999980616e-06,0.00010200000000000001,-0.00011700000000000599
5706,-0.005585,0.000116,-0.065603,3.199999999999991e-05,0.000243,-5.300000000001137e-05
6759,-0.010431,-0.010132,-0.06871,5.4999999999999494e-05,0.00016000000000000042,0.00018699999999999273
5368,-0.011188,0.005221,-0.062237,-2.000000000000092e-05,0.00020500000000000032,-8.99999999999998e-05
5391,0.014278,-0.007846,-0.07173099999999999,-9.999999999999593e-06,9.200000000000094e-05,-0.0001390000000000141
6147,-0.006888,0.011686,-0.071547,-0.00012199999999999971,0.00010399999999999819,-0.00014400000000000523
6839,0.0028380000000000002,0.004596,-0.062168999999999995,-6.300000000000012e-05,0.00018599999999999953,-0.00018599999999999867
6831,0.002183,-0.011330999999999999,-0.062401000000000005,7.200000000000002e-05,0.00014299999999999903,-3.199999999999731e-05
6509,0.0047279999999999996,-0.008509000000000001,-0.06376899999999999,0.00012400000000000085,0.00015800000000000015,0.00013499999999999623
1572,-0.000773,0.009545999999999999,-0.066494,-9.099999999999994e-05,0.0001310000000000009,-7.699999999999374e-05
2452,0.008798,-0.009503,-0.069175,3.300000000000004e-05,8.099999999999948e-05,-6.699999999999762e-05
6144,-0.004636,-0.006306,-0.066036,0.00019700000000000013,0.00029299999999999986,-1.3000000000013001e-05
66,0.006985,-0.001893,-0.07262600000000001,3.799999999999984e-05,-8.400000000000009e-05,-0.00018399999999998973
837,-0.00592,0.0036880000000000003,-0.07271999999999999,2.599999999999998e-05,2.3999999999999716e-05,-0.0001250000000000001
5366,0.005243,0.004139,-0.071212,-0.00011300000000000025,6.999999999999194e-06,-0.00010499999999999399
3447,0.009265,0.000435,-0.065429,1.2999999999999123e-05,0.0001409999999999999,-2.4999999999997247e-05
4151,-0.011492,0.004099,-0.070355,-5.699999999999976e-05,2.599999999999998e-05,-2.5999999999998247e-05
6176,0.001643,0.001276,-0.059601,6.100000000000007e-05,0.00021500000000000013,-0.00013199999999999323
6851,0.0053479999999999995,-0.011374,-0.068275,-3.799999999999984e-05,-5.999999999999929e-05,-0.00022900000000000698
6549,0.011492,-0.004477,-0.06403700000000001,0.00012599999999999938,0.00025600000000000015,-0.00020699999999998497
19,0.002967,-0.005331000000000001,-0.07474800000000001,-4.300000000000007e-05,1.9000000000000787e-05,-8.199999999998486e-05
1217,0.012416,0.0005769999999999999,-0.06970900000000001,-4.1999999999998636e-05,7.200000000000012e-05,-0.0002459999999999962
5078,0.005513,-0.005677,-0.07091800000000001,-6.599999999999922e-05,2.1000000000000185e-05,-3.599999999998049e-05
2949,0.009576000000000001,-0.000125,-0.06904300000000001,-0.00011599999999999978,0.000173,-0.00015199999999998548
6518,-0.0036739999999999997,-0.011179,-0.061418999999999994,0.00013299999999999987,0.00022799999999999904,-4.000000000000531e-05
829,0.005813,-0.004117,-0.072082,8.80000000000004e-05,-2.799999999999938e-05,-0.0001280000000000031
6519,-0.01283,-0.009172000000000001,-0.06798,-0.0001410000000000005,0.0001930000000000022,8.899999999999186e-05
6273,0.0101,-0.005968,-0.067794,8.200000000000048e-05,0.00020600000000000045,-5.000000000018878e-06
6613,0.005216,-0.002507,-0.07115600000000001,-1.4000000000000123e-05,-3.700000000000014e-05,-0.0001779999999999976
3145,0.012922000000000001,0.009904999999999999,-0.067689,-7.600000000000141e-05,0.0001520000000000011,-0.00011400000000000299
4759,-0.003316,0.010285,-0.061884,0.0001020000000000001,0.00020299999999999832,-0.00012100000000000305
4735,-0.013281000000000001,-0.004994,-0.075598,-0.0002149999999999999,3.200000000000078e-05,0.00011400000000000299
6435,0.0019370000000000001,-0.001877,-0.061959,0.00011899999999999997,0.00029199999999999994,-7.100000000000162e-05
4088,0.0016790000000000002,-0.005371000000000001,-0.063408,0.00014399999999999981,0.00032400000000000137,-0.00014000000000000123
3777,0.004871,0.005698000000000001,-0.063256,-5.800000000000076e-05,0.00010599999999999932,-1.1999999999998123e-05
4090,0.007771,0.006993999999999999,-0.066635,-5.10000000000007e-05,0.00018000000000000134,-7.400000000000462e-05
5698,-0.004029,0.000889,-0.060961,-8.400000000000074e-05,0.000219,-4.299999999999443e-05
4469,-0.006851,-0.009164,-0.06800700000000001,6.900000000000048e-05,0.0001820000000000016,3.600000000000825e-05
287,-0.011701000000000001,0.003533,-0.068246,-6.999999999999888e-05,-0.00011200000000000012,-0.00011699999999999211
5330,0.007283,0.002598,-0.071565,-0.00014099999999999963,7.599999999999968e-05,-0.00012999999999999123
3127,-0.005462,-0.0042380000000000004,-0.06909,0.00015499999999999976,0.00019600000000000086,-0.00017000000000000348
4413,0.008777,0.0022559999999999998,-0.064738,7.500000000000041e-05,0.00014900000000000026,-6.199999999999262e-05
6536,0.017085,-0.000959,-0.066188,-2.999999999999531e-06,9.299999999999998e-05,-0.0002390000000000031
6746,0.009923999999999999,-0.000714,-0.068853,1.4000000000001858e-05,0.00011000000000000007,-8.300000000001362e-05
982,-0.005255,-0.006862,-0.070783,-6.999999999999194e-06,0.00014999999999999996,8.999999999995123e-06
6075,0.01047,-0.009032,-0.067826,5.999999999999929e-05,0.00017,-1.2999999999999123e-05
3138,0.006115000000000001,-0.005207,-0.066148,0.00011199999999999925,0.0001479999999999997,-9.299999999999586e-05
817,0.001736,0.00049,-0.066857,4.2000000000000154e-05,0.00013699999999999997,-9.999999999998899e-05
3475,0.009704,-0.000839,-0.071169,-0.00011899999999999931,0.00010599999999999997,-0.0001840000000000036
4738,-0.011054999999999999,0.009727,-0.07098,1.1999999999999858e-05,-4.2999999999999636e-05,3.0000000000030003e-06
393,-0.005824,0.010234,-0.072162,-9.49999999999996e-05,0.0002210000000000007,-0.00014999999999999736
6445,0.013967,0.008192999999999999,-0.06880599999999999,-0.00016800000000000148,-6.699999999999935e-05,-0.00015199999999999936
1956,-0.010403,-0.001907,-0.067789,-0.00011099999999999825,0.0001690000000000001,7.100000000000162e-05
4775,-0.005919,0.007686,-0.065314,-2.300000000000045e-05,0.00025199999999999875,-0.00011700000000000599
6401,-0.001839,-0.00213,-0.068645,9.299999999999998e-05,0.00019800000000000004,-0.00010300000000000586
1250,0.011949,0.011781,-0.067215,-0.0001489999999999981,4.099999999999937e-05,-0.00011999999999999511
5876,-0.007916000000000001,0.001613,-0.067047,7.300000000000188e-05,0.00011899999999999997,-4.099999999999937e-05
1864,0.014567,0.0014650000000000002,-0.071827,-3.7000000000000574e-05,0.0001119999999999999,-0.00014000000000000123
2570,0.005432,-0.008025000000000001,-0.064468,0.00016199999999999982,0.00015100000000000183,2.999999999998837e-05
353,0.010647,0.005533000000000001,-0.07307599999999999,-0.00016099999999999969,-6.000000000000796e-06,-7.200000000000262e-05
5738,0.012778000000000001,0.006341,-0.065837,-5.10000000000007e-05,6.499999999999909e-05,-0.00019599999999998785
4403,0.006423,-0.012685,-0.066751,0.0001510000000000001,5.699999999999976e-05,-4.999999999999449e-05
5720,-0.009000999999999999,-0.001891,-0.065168,8.999999999996858e-06,0.00019300000000000025,5.4999999999999494e-05
89,0.006615,-0.0005600000000000001,-0.066663,4.5999999999999167e-05,0.00011500000000000003,-5.8000000000002494e-05
4404,-0.010013,0.000273,-0.067358,-2.6999999999999247e-05,8.899999999999994e-05,-1.7000000000003124e-05
849,-0.0025169999999999997,0.0077080000000000004,-0.071175,-0.00010000000000000026,0.0001730000000000004,-0.00016499999999999848
5048,0.014401,0.0041849999999999995,-0.068685,-1.6999999999999654e-05,-3.899999999999997e-05,-0.0001340000000000091
6585,-0.003887,-0.0006039999999999999,-0.07095,-1.9999999999998318e-06,0.00011399999999999995,-0.00010899999999999799
88,0.012054,0.006928,-0.06837900000000001,-0.0001460000000000003,0.00010799999999999959,-0.00015399999999998748
4747,0.003923,-0.0013540000000000002,-0.063066,8.69999999999994e-05,0.00020200000000000036,6.0999999999991616e-05
5809,0.009779,0.012778000000000001,-0.066414,9.699999999999986e-05,2.9999999999998778e-05,-3.699999999999537e-05
2605,0.0148,-0.011819000000000001,-0.069071,3.999999999998796e-06,0.00010899999999999972,4.099999999998549e-05
6452,0.008595,-0.012475,-0.070028,7.199999999999915e-05,0.0001749999999999998,2.1000000000007124e-05
4764,0.01565,0.011868,-0.07006799999999999,-0.0002149999999999999,0.0001760000000000008,2.799999999998637e-05
30,0.0013189999999999999,0.001694,-0.07255299999999999,-0.00022999999999999995,-2.9999999999999645e-06,-0.00016900000000000248
5058,0.015454,0.007795,-0.065708,-4.700000000000017e-05,5.4999999999999494e-05,-0.00016700000000000048
6763,0.0054470000000000005,-0.012145,-0.06645699999999999,0.00010299999999999979,2.3999999999999716e-05,-3.300000000000525e-05
5714,0.013004,-0.002283,-0.068777,-2.5000000000000716e-05,2.400000000000015e-05,-5.3999999999998494e-05
3555,-0.001463,0.002784,-0.064813,-7.999999999999978e-06,0.00019000000000000006,-4.099999999999937e-05
6598,-0.015504,0.007953,-0.07496599999999999,-5.999999999999062e-06,-0.00010399999999999993,-5.200000000001037e-05
6760,0.009071999999999998,-0.009782,-0.068552,5.7000000000001494e-05,0.00015000000000000083,-9.399999999999686e-05
5451,0.007552,-0.002741,-0.068283,8.900000000000054e-05,0.00012699999999999994,-7.000000000000062e-05
5456,-0.013951,0.008753,-0.071327,0.00011199999999999925,-3.400000000000104e-05,4.300000000000137e-05
6551,0.013168,0.004069,-0.062875,1.4000000000001858e-05,2.900000000000038e-05,-0.00014800000000000924
6432,0.010738,0.011154,-0.068323,-0.00018199999999999987,2.8999999999999512e-05,-0.00014400000000000523
5068,-0.005526,-0.012294000000000001,-0.07158199999999999,6.700000000000022e-05,0.00010800000000000046,0.00015199999999998548
6766,-0.0031829999999999996,-0.001564,-0.072927,-0.00015700000000000002,5.00000000000023e-06,-0.00011699999999999211
6472,-0.008355,-0.004272000000000001,-0.073797,-7.099999999999988e-05,0.0001010000000000004,4.300000000000137e-05
315,-0.013559,-0.000634,-0.069066,-7.799999999999994e-05,-6.799999999999992e-05,-7.100000000000162e-05
6787,0.012321,-0.00704,-0.071669,1.1999999999999858e-05,7.000000000000062e-06,-7.800000000000862e-05
6405,-0.007154,-0.006398,-0.066805,4.49999999999999e-05,0.00030100000000000005,0.00013699999999999823
3439,0.003165,-0.00453,-0.067069,0.00019899999999999996,0.00022400000000000024,-3.199999999999037e-05
5055,0.012785999999999999,-0.0005669999999999999,-0.073984,-7.799999999999821e-05,5.1999999999999854e-05,1.8999999999991246e-05
4428,0.008844,0.003746,-0.07324599999999999,-0.00011699999999999905,1.899999999999992e-05,-0.00022800000000000598
6426,0.000991,0.003048,-0.069605,-8.699999999999984e-05,6.600000000000009e-05,-0.00014099999999998836
6055,0.006768,-0.005551,-0.06911400000000001,2.2000000000000318e-05,9.000000000000327e-06,-3.799999999999637e-05
600,-0.006456000000000001,0.011154,-0.07230500000000001,-7.299999999999928e-05,0.00014400000000000003,-0.00015599999999998948
6101,0.0072380000000000005,-0.011273,-0.07014,3.499999999999944e-05,-7.599999999999968e-05,-2.5999999999998247e-05
5226,0.012438000000000001,0.00644,-0.06494499999999999,8.999999999998592e-06,-1.4000000000000123e-05,-5.100000000000937e-05
6403,-0.009731,0.0006770000000000001,-0.062162999999999996,2.0000000000002655e-06,0.0003579999999999998,-0.00014700000000000824
2789,0.007794,0.00618,-0.075799,-7.400000000000028e-05,-6.299999999999969e-05,-0.00022900000000000698
2191,0.002939,-0.00684,-0.06704600000000001,0.00019099999999999976,0.00020199999999999992,-9.099999999999386e-05
4123,-0.011117,0.012151,-0.067478,-2.599999999999998e-05,-5.7000000000001494e-05,1.2999999999999123e-05
5433,-0.004129,-0.004823,-0.071396,4.200000000000037e-05,9.299999999999933e-05,2.2999999999995246e-05
4143,0.003159,0.008912000000000002,-0.071927,-1.7000000000000088e-05,-4.2000000000002105e-05,-0.00018999999999999573
70,0.002388,0.011928000000000001,-0.068809,1.5000000000000256e-05,-2.400000000000145e-05,-6.70000000000115e-05
219,-0.012565,0.006595,-0.06873699999999999,-8.599999999999927e-05,-4.6000000000000034e-05,1.2999999999985246e-05
259,0.000222,-0.011782,-0.068536,0.000193,0.0001020000000000014,-8.799999999999086e-05
6203,0.003863,0.003755,-0.065908,-1.0000000000001327e-06,0.00019400000000000016,-0.00011700000000000599
4,-0.003318,0.00564,-0.070842,-7.899999999999964e-05,0.00012100000000000045,-8.500000000000174e-05
5699,-0.0064,-0.000335,-0.070498,3.500000000000031e-05,7.400000000000001e-05,9.900000000000186e-05
6497,-0.010047,0.005367,-0.066828,-4.799999999999943e-05,7.599999999999968e-05,-9.000000000009e-06
5762,0.002097,-0.003064,-0.06980700000000001,0.00023300000000000013,0.00026500000000000004,-8.599999999998886e-05
6163,-0.003713,-0.001806,-0.059909,9.200000000000007e-05,0.00026000000000000003,-3.600000000000131e-05
405,-0.001315,0.000944,-0.064893,-2.800000000000003e-05,0.00019700000000000013,-0.00011699999999999211
422,0.004971,0.005776,-0.067816,-0.00018400000000000014,5.400000000000023e-05,8.200000000001262e-05
3456,0.012146,0.0005510000000000001,-0.07456,-8.000000000000021e-05,0.00013799999999999988,-3.200000000000425e-05
5070,-0.013404999999999999,-0.0013440000000000001,-0.067495,-0.00013500000000000144,9.200000000000007e-05,2.4999999999997247e-05
6785,0.002106,-0.0011690000000000001,-0.07626999999999999,4.0999999999999804e-05,-3.999999999999989e-05,-0.0001320000000000071
993,0.014685,0.012192999999999999,-0.069945,-0.00017299999999999954,0.00016500000000000195,-4.400000000001625e-05
112,0.009165,0.010718,-0.066753,0.00014699999999999956,2.2999999999998716e-05,-0.00013699999999999823
5814,0.014617000000000002,-0.008118,-0.06591,8.599999999999754e-05,0.0002559999999999993,-5.200000000001037e-05
38,-0.0009220000000000001,0.010442,-0.06801600000000001,-1.4000000000000015e-05,1.4000000000000123e-05,-0.0001250000000000001
6595,0.012041,0.0048330000000000005,-0.068273,-0.0001749999999999998,0.00011799999999999918,0.0
6481,-0.011160999999999999,-0.003494,-0.075417,-4.49999999999999e-05,-0.0001290000000000002,7.099999999998774e-05
6456,0.002822,-0.012029999999999999,-0.069577,-4.999999999999796e-06,7.299999999999841e-05,5.1999999999996493e-05
6818,-0.004058,-0.008256,-0.071123,-3.799999999999984e-05,0.00022299999999999924,0.0001310000000000061
5899,-0.014253,-0.002083,-0.07282,-4.89999999999987e-05,-5.199999999999953e-05,8.999999999995123e-06
466,-0.010669,0.00287,-0.06758199999999999,-1.000000000001e-06,-6.900000000000005e-05,-0.00011300000000000199
6868,-0.0036469999999999996,-0.008981,-0.062511,0.00019799999999999983,0.00024300000000000016,1.4000000000000123e-05
4394,-0.010843,0.004450999999999999,-0.067262,-7.599999999999968e-05,-1.3999999999999256e-05,-9.399999999999686e-05
6164,0.016331,0.008293,-0.06892,-7.799999999999821e-05,5.500000000000123e-05,-0.0001250000000000001
6886,0.008115,-0.012471999999999999,-0.064955,0.00017499999999999807,0.00012099999999999785,-2.8000000000000247e-05
5732,0.01433,0.000709,-0.07058199999999999,-3.5999999999999574e-05,0.00015399999999999995,-0.0001420000000000171
5733,-0.003169,0.011054999999999999,-0.07596699999999999,-2.1000000000000185e-05,6.0000000000001025e-05,-0.00020500000000001073
5643,0.0125,-0.009529999999999999,-0.073416,0.0001010000000000004,6.499999999999909e-05,-4.600000000000437e-05
3124,0.004955,0.001563,-0.073575,-0.00011500000000000052,9.00000000000011e-06,-0.00011399999999998911
6792,-0.006849,0.0007199999999999999,-0.065422,3.900000000000084e-05,0.00023099999999999998,7.299999999998974e-05
6757,-0.009779,0.007906,-0.072786,-3.0000000000000512e-05,2.000000000000092e-05,-8.499999999998786e-05
6399,-0.007214000000000001,-0.006169,-0.07245900000000001,-4.19999999999995e-05,0.00010900000000000059,8.600000000000274e-05
5824,0.005637,0.011151,-0.063561,-4.19999999999995e-05,0.00019100000000000193,-0.00018699999999999273
4728,-0.007305,0.010223000000000001,-0.072353,-3.1000000000000645e-05,3.999999999999837e-05,-5.8000000000002494e-05
6321,0.0031320000000000002,-0.003213,-0.064129,0.00010099999999999996,0.00020100000000000022,-7.199999999998874e-05
4618,-0.01324,-0.001294,-0.06973900000000001,-0.00012299999999999985,-7.000000000000018e-05,0.0
6984,0.017995,-0.011507,-0.070662,2.8000000000000247e-05,0.00013299999999999944,-1.2999999999999123e-05
6840,-0.004252,-0.005914,-0.074783,-4.6000000000000034e-05,8.399999999999987e-05,1.000000000001e-06
4107,-0.009026999999999999,-0.004188,-0.069331,2.099999999999845e-05,0.00023399999999999983,-3.199999999999037e-05
6124,-0.016312999999999998,0.002128,-0.07429999999999999,-3.100000000000325e-05,-0.00013100000000000004,4.299999999998749e-05
472,0.010369999999999999,0.0039380000000000005,-0.067298,-3.099999999999804e-05,0.00010699999999999946,-9.200000000000874e-05
5062,-0.004729,0.001943,-0.061797,-6.299999999999969e-05,0.0002229999999999999,-5.3999999999998494e-05
6783,-0.0036880000000000003,-0.001845,-0.07387300000000001,-1.2999999999999557e-05,-1.9999999999998318e-06,-0.00012699999999998823
1267,0.013533,0.000694,-0.07313800000000001,-0.0001349999999999997,0.00011200000000000012,-0.00010999999999999899
6699,0.005307,0.002155,-0.065635,3.899999999999997e-05,0.0001250000000000001,-3.100000000000325e-05
6562,0.007757,0.009026999999999999,-0.070643,-0.0002669999999999999,0.00012200000000000058,-0.00014000000000000123
6764,-0.000502,-0.008044,-0.06708199999999999,0.000271,0.00022900000000000004,-3.400000000000625e-05
5981,-0.008395,2.8e-05,-0.066239,2.7999999999998512e-05,0.000186,2.6000000000012125e-05
6469,0.00445,-0.002536,-0.063179,0.00011599999999999978,0.00024200000000000003,-1.1999999999998123e-05
2799,-0.006914,-0.008067999999999999,-0.067537,0.00010699999999999946,0.00031999999999999824,8.500000000000174e-05
4389,-0.012565,0.012109,-0.07327,-4.700000000000017e-05,4.2999999999999636e-05,3.0000000000002247e-05
2475,-0.012594,0.010255,-0.074211,-7.600000000000141e-05,2.0000000000002655e-06,7.500000000000562e-05
6406,0.003144,0.006457,-0.065558,-7.900000000000008e-05,0.00011899999999999931,-4.299999999998749e-05
6127,0.003424,-0.012101,-0.07341800000000001,8.700000000000027e-05,0.00010800000000000046,5.000000000018878e-06
2177,0.0053170000000000005,0.009460000000000001,-0.073842,-2.0000000000002655e-06,-4.70000000000019e-05,-0.00016700000000000048
5719,-0.000709,-0.002284,-0.063594,0.00011900000000000007,0.00029699999999999996,-4.200000000000037e-05
2533,-0.006053,0.0025459999999999997,-0.06656000000000001,-5.099999999999983e-05,0.0003370000000000005,-0.00014299999999999036
3882,-0.014637,0.005454,-0.069868,-0.00011299999999999852,-7.699999999999981e-05,9.800000000000086e-05
6671,-0.003267,0.006752,-0.06737699999999999,4.40000000000002e-05,0.0002669999999999999,-0.00018100000000001448
6283,-0.007901,-0.0033490000000000004,-0.068688,3.500000000000031e-05,0.00017400000000000054,1.6999999999989246e-05
165,0.015811,0.007833999999999999,-0.069802,-0.000167999999999998,7.900000000000094e-05,-0.0001300000000000051
6817,-0.015795,-0.002181,-0.07784999999999999,-0.00011800000000000005,0.00030500000000000037,-1.5000000000001124e-05
6577,0.010702,0.012135,-0.072728,-0.00016099999999999969,0.0001250000000000001,2.4000000000010124e-05
6882,0.005841,-0.006634,-0.06289,0.0001780000000000002,0.00016500000000000022,9.100000000000774e-05
6769,-0.01228,-0.007841,-0.072242,8.999999999998592e-06,0.00021700000000000105,0.00020000000000000573
6093,0.015063,0.000377,-0.068928,4.49999999999999e-05,0.00018400000000000008,-0.00014100000000000223
3874,-0.004286,-0.003832,-0.071056,9.8e-05,9.8e-05,-6.0000000000060005e-06
62,0.011824999999999999,0.003954,-0.070049,-0.0001289999999999989,0.00011200000000000012,3.800000000001025e-05
5108,0.013446,0.007535,-0.064603,-3.799999999999984e-05,0.00011500000000000052,-0.00027300000000000935
5270,-0.010019,0.010728999999999999,-0.06872400000000001,-8.6000000000001e-05,-0.00010299999999999893,-2.899999999998737e-05
1101,0.004418,0.011061999999999999,-0.07255800000000001,-4.80000000000003e-05,-4.39999999999989e-05,-0.00010999999999999899
86,-0.006777999999999999,0.010349,-0.067898,-2.2000000000000318e-05,0.00020500000000000032,-0.00017100000000000448
6096,0.011196999999999999,-0.0043,-0.073896,0.00012300000000000158,-5.7000000000000627e-05,6.499999999999562e-05
5359,-0.009502,0.004415,-0.07139799999999999,-3.200000000000078e-05,9.9000000000001e-05,-2.5000000000011124e-05
4397,0.005507,0.008990999999999999,-0.073062,1.599999999999952e-05,-4.5999999999999167e-05,-0.0001729999999999926
5703,0.0026579999999999998,0.01151,-0.06548999999999999,1.9000000000000353e-05,0.00011700000000000078,2.0999999999993246e-05
6425,0.00189,-0.0025830000000000002,-0.076752,5.700000000000019e-05,6.000000000000363e-06,-0.00015300000000000036
4422,0.012345,0.004438,-0.070476,-0.00022400000000000024,0.00018099999999999974,-0.00026400000000000035
1911,-0.005835,0.000986,-0.072563,-4.6000000000000034e-05,-4.299999999999996e-05,-6.599999999999662e-05
6632,-0.008224,-0.010478,-0.075033,8.500000000000174e-05,0.00027899999999999973,0.0001910000000000106
6761,0.0069039999999999995,0.013098,-0.06744,0.00010500000000000093,9.200000000000007e-05,-8.199999999999874e-05
6166,-0.015458,-0.0036190000000000003,-0.072827,-0.00017800000000000107,0.00011200000000000012,6.20000000000065e-05
4154,0.0077350000000000006,0.001522,-0.065933,-4.900000000000043e-05,5.000000000000013e-05,-7.899999999999574e-05
341,-0.014111,-0.005042,-0.071095,-0.00010799999999999872,-7.699999999999981e-05,-4.499999999998949e-05
5046,-0.0052770000000000004,-0.003897,-0.071893,3.500000000000031e-05,0.00012699999999999994,1.1999999999998123e-05
2154,-0.012958,0.001767,-0.06968300000000001,-5.199999999999823e-05,-6.999999999999845e-06,-2.5999999999998247e-05
6073,-0.014258,0.006553,-0.068341,-4.900000000000043e-05,-0.00019499999999999986,0.0001270000000000021
402,-0.0036179999999999997,0.011939,-0.069783,0.00011999999999999945,0.00016399999999999922,-0.00014500000000000624
5100,-0.006045,-0.005032,-0.068703,4.0000000000000105e-05,0.00011599999999999978,-0.00010999999999999899
6060,-0.0067670000000000004,0.011569000000000001,-0.06338,4.100000000000024e-05,0.00029099999999999786,-4.799999999999249e-05
4863,0.011529,-0.012388999999999999,-0.071211,-3.199999999999904e-05,0.0001289999999999989,-9.900000000000186e-05
355,0.010467,0.000504,-0.065179,1.6999999999999654e-05,0.00016800000000000007,2.5000000000011124e-05
