Particle,x,y,z,Vx,Vy,Vz
21033,-0.011914,0.0031269999999999996,-0.06662,0.0,0.0,0.0
21648,-0.000678,0.009076,-0.063969,0.0,0.0,0.0
15096,-0.007779,-0.002859,-0.06468600000000001,0.0,0.0,0.0
15462,0.0009699999999999999,0.002023,-0.070805,0.0,0.0,0.0
19411,-0.008564,-0.004837,-0.07288800000000001,0.0,0.0,0.0
19421,-0.012339000000000001,0.0063360000000000005,-0.07255800000000001,0.0,0.0,0.0
22058,0.003981,-0.012091,-0.066246,0.0,0.0,0.0
22051,0.00282,-0.0040750000000000005,-0.07779699999999999,0.0,0.0,0.0
18089,-0.00232,-0.005009,-0.07218899999999999,0.0,0.0,0.0
21799,0.00083,-0.007878999999999999,-0.06253399999999999,0.0,0.0,0.0
22220,0.013980000000000001,-0.006365999999999999,-0.07433,0.0,0.0,0.0
22276,0.0058449999999999995,-0.010967000000000001,-0.075839,0.0,0.0,0.0
20399,-0.006697,0.012043,-0.07534099999999999,0.0,0.0,0.0
21258,-0.010953,-0.005542,-0.07203100000000001,0.0,0.0,0.0
21060,0.000191,0.003412,-0.074667,0.0,0.0,0.0
20648,0.015867,-0.010577,-0.07137,0.0,0.0,0.0
22174,-0.005763,-8.599999999999999e-05,-0.074426,0.0,0.0,0.0
21526,0.0030830000000000002,0.001761,-0.060016,0.0,0.0,0.0
21982,-0.001942,0.013163000000000001,-0.062872,0.0,0.0,0.0
21361,0.006154,-0.003477,-0.073128,0.0,0.0,0.0
20718,0.004431,0.003593,-0.06265,0.0,0.0,0.0
21812,0.0039030000000000002,0.010511,-0.07221599999999999,0.0,0.0,0.0
21960,-0.008432,-0.00048499999999999997,-0.061702,0.0,0.0,0.0
22057,-0.001941,0.008114000000000001,-0.067216,0.0,0.0,0.0
21546,-0.001236,-0.003767,-0.07145699999999999,0.0,0.0,0.0
21772,0.015123,0.0075060000000000005,-0.062925,0.0,0.0,0.0
21121,0.011630000000000001,0.007298,-0.066557,0.0,0.0,0.0
22064,0.01099,-0.00362,-0.0621,0.0,0.0,0.0
20462,0.005202,-0.009051,-0.07139,0.0,0.0,0.0
18763,-0.0023740000000000002,-0.010186,-0.070508,0.0,0.0,0.0
22100,0.0026219999999999998,-0.0027040000000000002,-0.05999,0.0,0.0,0.0
21521,-0.006085,-0.004208,-0.066684,0.0,0.0,0.0
21383,-0.008320000000000001,0.00028399999999999996,-0.076929,0.0,0.0,0.0
21793,-0.009259,-0.0026089999999999998,-0.058679,0.0,0.0,0.0
19492,0.007808,0.005633,-0.061396,0.0,0.0,0.0
21007,-0.00711,-0.002841,-0.062599,0.0,0.0,0.0
21694,0.005471,-0.005235999999999999,-0.07804699999999999,0.0,0.0,0.0
22148,0.016260999999999998,0.008191,-0.06993600000000001,0.0,0.0,0.0
21148,0.013577,-0.002074,-0.071713,0.0,0.0,0.0
21953,-0.011415,0.000179,-0.063678,0.0,0.0,0.0
20933,-0.014273,-0.005025,-0.06747700000000001,0.0,0.0,0.0
22189,0.004306,0.005829,-0.059792000000000005,0.0,0.0,0.0
21169,-0.013691,0.000641,-0.069912,0.0,0.0,0.0
21530,-0.013222,0.0013959999999999999,-0.06837399999999999,0.0,0.0,0.0
20334,0.016797999999999997,0.002056,-0.066229,0.0,0.0,0.0
18955,0.017780999999999998,0.0030099999999999997,-0.070598,0.0,0.0,0.0
22251,-0.0013440000000000001,-0.009838,-0.06852899999999999,0.0,0.0,0.0
20068,-0.0008010000000000001,0.0032719999999999997,-0.073089,0.0,0.0,0.0
20858,0.011710000000000002,0.010531,-0.064667,0.0,0.0,0.0
21768,-0.007632,0.012112,-0.060523,0.0,0.0,0.0
15333,0.015359999999999999,-0.0068330000000000005,-0.074681,0.0,0.0,0.0
21671,0.001292,0.011609,-0.076229,0.0,0.0,0.0
21985,-0.009263,-0.008214,-0.07104300000000001,0.0,0.0,0.0
22023,0.008629,0.005101,-0.065188,0.0,0.0,0.0
21395,-0.006954,0.0013189999999999999,-0.067026,0.0,0.0,0.0
20734,-0.006921999999999999,-0.006315,-0.0685,0.0,0.0,0.0
22208,-0.012938,0.010169000000000001,-0.064916,0.0,0.0,0.0
21558,0.018081,-0.00723,-0.067583,0.0,0.0,0.0
22268,0.012451,-0.002509,-0.058403,0.0,0.0,0.0
20785,0.013515000000000001,-0.003839,-0.07707699999999999,0.0,0.0,0.0
19246,0.013130000000000001,-0.0031030000000000003,-0.06411499999999999,0.0,0.0,0.0
21449,-0.003898,0.007843,-0.060486,0.0,0.0,0.0
21650,-0.009382999999999999,0.00034599999999999995,-0.07737000000000001,9.499999999999786e-05,-2.099999999999997e-05,-3.699999999998149e-05
10367,0.013632,-0.002314,-0.070779,6.300000000000056e-05,0.00010900000000000016,-0.000127000000000016
19435,0.0024089999999999997,0.006864,-0.06456999999999999,8.400000000000031e-05,0.00029299999999999986,-3.1000000000017125e-05
22301,-0.011763,-0.0022229999999999997,-0.073866,1.899999999999992e-05,7.999999999999978e-05,5.100000000000937e-05
22381,0.002594,0.008138,-0.075762,-6.600000000000009e-05,2.100000000000192e-05,-0.00010599999999999499
22332,0.002306,-0.010383,-0.072681,0.0002570000000000003,0.0002459999999999997,-0.0003060000000000007
21093,0.000964,-0.0036019999999999997,-0.074033,-1.4000000000000015e-05,0.00012299999999999985,0.0
21997,0.000791,-0.005287,-0.06129,0.00020800000000000007,0.00011099999999999999,3.499999999999337e-05
21461,-0.0056760000000000005,0.000246,-0.072911,0.00020000000000000052,0.00018399999999999997,4.000000000001225e-05
17771,0.00941,0.0038929999999999998,-0.062738,0.00015900000000000115,0.0003660000000000009,-0.00013799999999999923
17125,-0.004018,0.0054009999999999996,-0.07259399999999999,3.199999999999991e-05,0.00015500000000000062,5.4999999999985616e-05
22087,-0.013849,0.012579,-0.067188,4.49999999999999e-05,1.4999999999999389e-05,0.00015999999999999348
21809,0.013476,0.002866,-0.064704,0.0002009999999999998,0.00023599999999999966,-9.599999999999886e-05
22144,-0.006208,0.008482,-0.07517499999999999,-3.5999999999999574e-05,9.599999999999886e-05,-7.30000000000175e-05
21980,0.008585,-0.003101,-0.071998,-2.000000000000092e-05,9.30000000000002e-05,-8.799999999999086e-05
21403,0.009847,0.00432,-0.065406,0.00010399999999999993,9.8e-05,-3.199999999999037e-05
13192,-0.004874,0.006136,-0.07177,7.000000000000062e-06,7.599999999999968e-05,-7.200000000000262e-05
10752,0.010332000000000001,0.001982,-0.068786,0.00026199999999999835,0.00021100000000000025,9.499999999999786e-05
18747,0.0036379999999999997,0.006438,-0.067691,0.00011500000000000052,0.0002669999999999999,-3.399999999999237e-05
21112,0.002871,0.007333,-0.063837,3.000000000000398e-06,0.00024399999999999943,-0.00012899999999999023
10756,-0.011196999999999999,0.003908,-0.06989,0.0001389999999999985,-1.1000000000000159e-05,2.8000000000000247e-05
16151,-0.006556,0.010028,-0.074567,-8.99999999999998e-05,0.00011399999999999952,-0.00025899999999999535
22398,0.006059,-0.004269,-0.065258,9.599999999999973e-05,0.0003240000000000005,-0.00012199999999999711
22456,0.005909,-0.011033,-0.067238,0.00034799999999999935,0.00020199999999999906,-0.00021999999999999797
18767,-0.009708999999999999,0.002269,-0.06944,0.0001289999999999989,5.3999999999999795e-05,8.199999999999874e-05
19156,0.006896,-0.009519999999999999,-0.063795,-1.5000000000000256e-05,0.00015999999999999868,-9.899999999998799e-05
22477,0.006347,-0.011413,-0.07445600000000001,7.400000000000028e-05,1.1999999999999858e-05,-0.00013499999999998236
15920,0.006401,0.012394,-0.073342,-0.00010399999999999993,9.999999999999593e-06,-0.00021399999999999197
22019,0.001658,0.001105,-0.070863,2.5000000000000066e-05,0.00024399999999999986,1.9999999999992246e-05
21662,-0.007163,0.003826,-0.061953,1.2000000000000725e-05,0.0001770000000000005,8.999999999995123e-06
14192,0.010869,0.009571999999999999,-0.075796,-0.00015199999999999936,-3.099999999999804e-05,-0.00019199999999999773
22431,-0.007592,-0.005058,-0.078107,2.2999999999999583e-05,0.00010600000000000019,4.099999999999937e-05
22247,0.010801999999999999,0.001939,-0.064349,0.000196,0.0001600000000000002,2.5000000000011124e-05
20741,-0.008171,0.008397,-0.074234,-2.5000000000000716e-05,7.300000000000015e-05,9.999999999871223e-07
22075,0.008347,0.00874,-0.062372,1.4000000000000123e-05,0.00016199999999999895,5.1999999999996493e-05
21991,0.012824,-0.00363,-0.075492,-3.5999999999999574e-05,-1.800000000000022e-05,-4.899999999999349e-05
22603,-0.002921,0.006692999999999999,-0.070581,-8.099999999999991e-05,0.00018700000000000053,-0.00020299999999999485
22105,0.013009999999999999,0.008472,-0.064598,-6.499999999999909e-05,0.00016999999999999828,-4.999999999991123e-06
21655,0.0064210000000000005,0.006269,-0.06417199999999999,9.299999999999933e-05,0.00038600000000000006,-3.0000000000002247e-05
22484,-0.003306,0.007764,-0.06547499999999999,3.4000000000000176e-05,0.00041300000000000017,-0.0001420000000000171
21687,-0.010018,-0.002185,-0.061292,-0.00014400000000000003,0.00015700000000000002,-0.0002380000000000021
22512,0.012725,-0.00584,-0.07422799999999999,-9.300000000000107e-05,8.199999999999961e-05,4.4999999999975615e-05
22002,0.017434,-0.00584,-0.071351,-3.799999999999984e-05,0.00016199999999999982,-2.6999999999999247e-05
17763,0.006915,0.005396,-0.063789,-1.4000000000000123e-05,0.0001799999999999996,5.6000000000000494e-05
20479,0.003617,0.0075190000000000005,-0.06497700000000001,0.000134,0.0004029999999999997,-0.00019899999999999085
19756,0.009767,-0.005879,-0.07322799999999999,-8.5e-05,0.00013699999999999997,1.0999999999983245e-05
10018,0.012263999999999999,-0.0038039999999999997,-0.06792000000000001,3.8000000000001574e-05,8.299999999999974e-05,-7.200000000000262e-05
21652,-0.005117,0.007882,-0.076319,-9.700000000000073e-05,5.999999999999062e-06,-0.0004190000000000027
20414,-0.004392,0.007574,-0.066509,5.500000000000036e-05,0.00025600000000000015,-3.499999999999337e-05
22153,0.013613,-0.004934,-0.07250100000000001,5.4999999999999494e-05,6.099999999999942e-05,5.800000000001637e-05
22084,-0.006322,-0.012016,-0.07289100000000001,3.600000000000044e-05,0.00024000000000000063,6.80000000000125e-05
22346,0.012478999999999999,0.011628,-0.06388,-9.999999999992654e-07,0.0003010000000000009,-0.00013299999999999423
22350,0.013135999999999998,-0.001519,-0.063468,7.900000000000094e-05,0.00018699999999999988,1.7999999999990246e-05
22252,-0.00451,-0.007731,-0.072843,-3.399999999999931e-05,0.00026400000000000035,-0.00023699999999998722
22360,-0.010587,-0.001578,-0.07967300000000001,2.999999999999531e-06,0.00013199999999999996,-0.0002819999999999906
22125,0.012048,0.00917,-0.061956000000000004,-2.999999999999531e-06,0.0002630000000000011,8.500000000000174e-05
21160,0.011973000000000001,-0.0034649999999999998,-0.063763,0.00013999999999999777,6.499999999999995e-05,-5.000000000000837e-05
22444,0.006385,-0.005029,-0.07666500000000001,-1.299999999999999e-05,0.00010299999999999979,-0.00037899999999999046
21603,0.006668,-0.004869,-0.069198,0.00025600000000000015,0.0002260000000000005,4.499999999998949e-05
22488,0.0030510000000000003,0.003611,-0.060758,0.00019599999999999956,0.0003159999999999999,-0.0002020000000000008
22489,0.001867,-0.004601,-0.061350999999999996,0.00020299999999999984,0.00011099999999999999,-0.00022600000000000398
22555,0.001928,-0.00039,-0.06305,0.00025200000000000005,0.000204,-0.00014100000000000223
20403,0.008057,-0.010577999999999999,-0.074284,-4.0000000000000105e-05,9.999999999992654e-07,-0.00014600000000000724
21745,-0.005595,-0.0044740000000000005,-0.063711,0.0001749999999999998,0.00014000000000000123,5.100000000000937e-05
16337,0.01685,-0.011669,-0.067982,0.00011699999999999905,9.60000000000006e-05,-8.700000000000374e-05
18280,-0.006054,0.009047000000000001,-0.068238,6.000000000000016e-05,0.00015999999999999868,-7.800000000000862e-05
21447,0.009640000000000001,-0.001771,-0.072658,-0.00010300000000000066,-2.9999999999999645e-06,-5.4999999999999494e-05
22302,-0.0081,0.002165,-0.071842,1.899999999999992e-05,1.9999999999998318e-06,2.1000000000007124e-05
21570,0.011708999999999999,-0.0029950000000000003,-0.072283,-3.199999999999904e-05,8.000000000000194e-06,-4.400000000000237e-05
22033,-0.014711,-0.011582,-0.072485,-3.699999999999884e-05,0.0002500000000000002,-6.100000000001937e-05
19783,0.007405,0.012836,-0.06598000000000001,0.0,0.00011699999999999905,-3.399999999997849e-05
22629,0.003156,-0.01005,-0.065155,0.0002500000000000002,0.00018299999999999914,-0.0002319999999999961
20430,-0.004649,-0.0061459999999999996,-0.06641200000000001,9.30000000000002e-05,0.00028499999999999966,-0.00011799999999999311
22746,0.005695,0.009903,-0.07598999999999999,-0.00018800000000000067,3.8999999999999105e-05,-0.00010900000000001187
18750,0.002906,0.008756,-0.065702,2.499999999999985e-05,0.0003270000000000009,-2.6999999999999247e-05
22145,-0.006102000000000001,0.011224999999999999,-0.067433,-5.399999999999936e-05,0.0002149999999999999,-4.499999999998949e-05
22745,0.006881,0.009856,-0.060712,-2.0000000000000052e-05,0.00036299999999999874,-4.599999999999743e-05
21986,-0.014938,0.00464,-0.069217,3.900000000000084e-05,-3.499999999999944e-05,-1.6000000000002124e-05
22295,0.012267,-0.00042699999999999997,-0.072505,-1.4999999999999389e-05,5.199999999999996e-05,-7.600000000000662e-05
21179,-0.014996,0.0077220000000000006,-0.070383,0.00010199999999999966,1.599999999999952e-05,-6.499999999999562e-05
22625,-0.013137000000000001,0.009679,-0.076491,-7.699999999999894e-05,4.799999999999943e-05,-7.099999999998774e-05
22843,-0.013964,0.00583,-0.067605,1.700000000000139e-05,3.500000000000031e-05,-7.899999999999574e-05
22017,0.012092,-0.009686,-0.074916,-0.0001349999999999997,0.00013699999999999997,-4.600000000000437e-05
21434,-0.006154,0.001692,-0.063816,9.599999999999973e-05,0.00023999999999999998,0.0001729999999999926
22304,-0.008688000000000001,0.004841,-0.069753,0.00021800000000000118,6.000000000000016e-05,-4.500000000000337e-05
19757,0.011488,0.010667999999999999,-0.066036,2.2999999999998716e-05,0.00016500000000000195,7.699999999999374e-05
22855,-0.013913,-0.007759,-0.07583,-0.00010800000000000046,0.00013000000000000077,-0.00021999999999999797
22055,-0.000565,-0.009941,-0.075379,0.00011999999999999994,8.5e-05,-0.00020399999999999585
19566,0.006541,-0.003503,-0.064366,3.099999999999978e-05,0.000268,-0.0002229999999999871
20461,-0.000743,0.00087,-0.065822,0.00011499999999999998,0.00035500000000000017,-8.099999999999774e-05
22694,-0.013212999999999999,-0.011006,-0.06602899999999999,0.00010699999999999946,0.00033299999999999996,-0.00020500000000001073
22732,0.012332000000000001,-0.010381999999999999,-0.064379,0.00022699999999999804,0.00019099999999999846,-8.799999999999086e-05
21367,-0.009121,-0.011708999999999999,-0.069007,0.00015300000000000036,0.0002649999999999979,-0.00017200000000000548
21436,0.007043,-0.00654,-0.07259,3.099999999999978e-05,7.200000000000002e-05,-0.00014099999999998836
22653,-0.00028399999999999996,-0.013084,-0.06527899999999999,0.00025899999999999995,0.00018500000000000114,-0.00012000000000000899
20087,-0.0025470000000000002,-0.005041,-0.069309,-9.99999999999699e-07,0.0002440000000000003,6.199999999999262e-05
22323,0.010179,0.00859,-0.063892,2.199999999999945e-05,0.00025699999999999855,-3.199999999999037e-05
17576,0.006436,-0.001683,-0.06466899999999999,0.00011599999999999978,0.00023900000000000006,-0.0003200000000000147
15839,0.015718,-0.009356999999999999,-0.069025,4.000000000000531e-06,9.499999999999786e-05,-0.00010899999999999799
22716,0.0024249999999999996,0.01317,-0.063247,-8.69999999999994e-05,0.0001510000000000001,0.00011500000000000399
22650,0.006535,0.004705,-0.064056,2.499999999999985e-05,0.0002630000000000002,-5.2999999999997494e-05
11107,0.016212,-0.001806,-0.071262,7.000000000000062e-05,7.200000000000002e-05,-0.00011899999999999411
19258,0.013568,-0.005511,-0.065951,8.99999999999998e-05,8.199999999999961e-05,3.0000000000030003e-06
21126,0.013688,0.001141,-0.062574,7.399999999999941e-05,0.000258,-1.4000000000000123e-05
22644,-2.3e-05,0.007376000000000001,-0.063794,4.4e-05,0.00017799999999999934,-0.00011400000000000299
21505,-0.008571,0.0005629999999999999,-0.061988999999999995,5.400000000000023e-05,0.00032200000000000013,0.00016399999999999054
22548,0.011245,0.008783,-0.06869199999999999,4.0000000000000105e-05,0.00010700000000000119,-7.600000000000662e-05
22616,0.003857,-0.00275,-0.063461,0.00011999999999999945,0.00025699999999999985,-0.0002500000000000002
21690,0.002133,0.009743,-0.061396,3.000000000000008e-05,0.0003049999999999997,1.5999999999995185e-05
22210,0.007221,0.001565,-0.061612,0.00028800000000000006,0.00020300000000000006,-0.00014000000000000123
22159,0.010553000000000002,-0.005898,-0.066359,3.7999999999998105e-05,0.0002230000000000001,2.8000000000000247e-05
21478,-0.010161,-0.008246999999999999,-0.061573,0.00010999999999999899,0.00029099999999999786,-4.299999999999443e-05
22652,0.008400000000000001,0.006271,-0.07115300000000001,-6.100000000000029e-05,0.0001349999999999997,-0.00011300000000000199
21699,0.007924,0.008128,-0.066344,2.8000000000000247e-05,0.0001310000000000009,-3.899999999999737e-05
22354,0.000202,0.012199,-0.065307,-1.600000000000001e-05,0.0002680000000000009,-1.9999999999881224e-06
22386,-0.009368,-0.010007,-0.060334000000000006,5.299999999999923e-05,0.00018799999999999893,-0.00014999999999999736
22726,-0.004779,0.010671,-0.073798,-5.5999999999999626e-05,0.00021900000000000044,-0.00014399999999999136
21678,-0.010391,-0.005721,-0.06496500000000001,0.00011899999999999931,0.00014400000000000003,-3.0000000000002247e-05
22180,0.016047000000000002,-0.010112999999999999,-0.06709999999999999,0.0001879999999999972,2.8999999999999512e-05,-1.5000000000001124e-05
22423,-0.0015580000000000001,0.010322,-0.056311,1.7000000000000305e-05,0.00019300000000000046,0.0002539999999999973
21747,0.011067,-0.012829,-0.07059399999999999,4.99999999999997e-05,-3.500000000000031e-05,-8.000000000001062e-05
22812,-0.007596,-0.001201,-0.068241,0.00012199999999999971,0.00015400000000000006,0.00023999999999999022
22830,0.015817,0.008409000000000002,-0.06518399999999999,-9.600000000000233e-05,0.00015599999999999815,-0.00017000000000000348
22864,0.007138,-0.0040739999999999995,-0.071273,-1.5000000000000256e-05,0.00016299999999999908,-0.00016099999999999448
22580,0.015292,0.002258,-0.062289000000000004,0.00012199999999999885,0.00018800000000000023,9.000000000002062e-06
8985,0.005965,0.010343,-0.07365300000000001,-0.00011699999999999992,8.000000000001062e-06,-0.00015599999999998948
19747,0.008931,0.008935,-0.075012,-0.00012900000000000064,1.799999999999892e-05,-0.0002630000000000132
20724,-0.009495,-0.0076500000000000005,-0.07439,-4.200000000000037e-05,0.00020400000000000106,6.799999999999862e-05
22294,-0.0037229999999999997,-0.010725,-0.072475,-1.800000000000022e-05,0.00037699999999999886,0.0001280000000000031
21973,-0.013764,0.008253,-0.07669100000000001,-5.6000000000000494e-05,2.5000000000000716e-05,-6.999999999979245e-06
18557,-0.013169,0.0061849999999999995,-0.06654,5.7999999999999025e-05,9.700000000000073e-05,-9.000000000009e-06
22139,-0.0030009999999999998,0.012121999999999999,-0.06518600000000001,-0.00015100000000000053,0.00016600000000000122,0.00010600000000000886
21702,0.014634000000000001,-0.012476000000000001,-0.073325,5.7999999999999025e-05,0.00011500000000000052,3.0000000000002247e-05
22333,-0.001011,0.001189,-0.065592,0.00016200000000000003,0.00034900000000000013,-2.2000000000008124e-05
21971,-0.015731,0.007189,-0.07484,-0.00015100000000000183,5.799999999999989e-05,6.1000000000005494e-05
21174,0.015931,-0.0005420000000000001,-0.076006,-3.300000000000178e-05,7.400000000000001e-05,-3.799999999999637e-05
19424,0.001405,-0.00020899999999999998,-0.070598,-6.7e-05,0.00032799999999999995,-4.800000000000637e-05
22054,-0.004472,0.0017230000000000001,-0.067126,2.600000000000085e-05,0.0003080000000000001,0.00014500000000000624
17810,-0.000462,0.009289,-0.07331900000000001,-0.00011099999999999993,8.699999999999854e-05,-0.00013899999999998636
21424,-0.001903,-0.008119999999999999,-0.062594,0.00016299999999999995,0.00020999999999999838,-0.00019800000000000373
22296,-0.00287,0.012096,-0.070556,-0.00022099999999999984,6.499999999999909e-05,-2.000000000015878e-06
11420,-0.009158,0.006495,-0.067155,5.6999999999998024e-05,0.00019399999999999973,-6.999999999998674e-05
22627,0.010286,-0.005296,-0.065107,6.300000000000056e-05,8.700000000000114e-05,-7.600000000000662e-05
15610,0.016771,0.010298999999999999,-0.071215,-6.400000000000156e-05,7.300000000000015e-05,-0.00016399999999999748
22736,-0.009007,-0.012202999999999999,-0.06467700000000001,3.199999999999904e-05,7.499999999999868e-05,-0.00011299999999998811
22750,-0.003166,-0.006817999999999999,-0.077531,3.199999999999991e-05,0.0001380000000000001,2.2000000000008124e-05
21421,0.014532,0.004914,-0.064564,6.399999999999982e-05,0.00026900000000000014,-5.000000000000837e-05
19459,0.0062770000000000005,-0.0035659999999999997,-0.069116,0.0002509999999999995,0.0003159999999999999,-1.7000000000003124e-05
22472,0.008782,-0.007822,-0.07377299999999999,-6.100000000000029e-05,8.500000000000087e-05,-7.100000000000162e-05
22858,-0.009069,0.009571999999999999,-0.074738,-8.999999999998592e-06,0.0001520000000000011,-0.0003009999999999957
21950,0.009738,0.003298,-0.06339399999999999,0.0001360000000000007,0.0003409999999999997,-9.700000000001374e-05
22012,0.012817,0.006178,-0.06357800000000001,2.9999999999998778e-05,0.00023699999999999936,1.9000000000005124e-05
21551,0.000909,-0.008461,-0.075792,0.00011200000000000001,0.00010199999999999966,5.1999999999996493e-05
22614,0.0014990000000000001,0.005885,-0.067465,0.00010699999999999989,0.00034900000000000035,-2.000000000002e-06
22384,0.001776,0.0046749999999999995,-0.059831,0.0002090000000000002,0.00034100000000000016,-2.9999999999995308e-05
22018,-0.000555,0.010934,-0.064456,5.3000000000000096e-05,0.00028900000000000106,0.00015600000000000336
21810,-0.012718,0.011616,-0.066281,6.499999999999909e-05,3.7000000000000574e-05,1.1000000000011001e-05
22078,-0.0032730000000000003,-0.011299,-0.063349,0.00011700000000000035,0.0001310000000000009,-8.500000000000174e-05
20899,-0.004455,-0.011707,-0.06956100000000001,1.6999999999999654e-05,0.0001559999999999999,5.800000000001637e-05
21992,-0.001732,0.009298,-0.07404999999999999,-7.299999999999993e-05,0.00015300000000000036,-0.00012000000000000899
21958,0.004364,-0.012443,-0.066756,0.00019200000000000033,-9.000000000000327e-06,6.999999999998674e-05
16862,-0.007095,-0.000978,-0.06321500000000001,7.399999999999941e-05,0.00013299999999999998,0.0001280000000000031
17752,0.0021000000000000003,5.2e-05,-0.067167,5.0999999999999397e-05,0.000367,-8.899999999999186e-05
22639,0.003504,-0.002991,-0.07571699999999999,-5.000000000000013e-05,0.00013299999999999987,-0.00011800000000000699
22429,-0.010332000000000001,-0.003157,-0.059628,2.400000000000145e-05,3.0000000000000512e-05,-0.00021900000000000391
20540,0.015388,-0.007001,-0.068841,-0.00011500000000000052,0.00011800000000000005,1.2999999999999123e-05
22800,0.0070279999999999995,5.9999999999999995e-05,-0.060583,0.00025299999999999975,0.00031800000000000003,-0.00028700000000000253
21700,0.015198,0.004167,-0.063625,0.0001020000000000014,0.00019800000000000026,-5.6000000000000494e-05
20163,2.5e-05,-0.008905,-0.075647,9.1e-05,0.00016199999999999895,-5.1999999999996493e-05
22235,-0.005621,-0.012194,-0.072159,6.399999999999982e-05,0.00025400000000000075,0.00011700000000000599
22107,0.015769000000000002,-0.008901999999999998,-0.06478199999999999,0.00013599999999999723,0.00017199999999999854,-0.00010300000000000586
22446,0.005901,-0.012233,-0.07255800000000001,7.600000000000055e-05,6.300000000000056e-05,7.10000000000155e-05
16532,0.015933,0.0075190000000000005,-0.065353,-0.00010399999999999993,0.00020199999999999992,1.5999999999988246e-05
21795,-0.008782,0.010032,-0.063186,1.899999999999992e-05,0.00022199999999999998,-0.00014000000000000123
20515,-0.005423,-0.011042,-0.06739400000000001,0.00028499999999999966,0.0003259999999999999,-0.00018499999999999073
21955,-0.013734,0.009598,-0.073574,-5.300000000000096e-05,8.2999999999998e-05,-7.600000000000662e-05
21086,0.014851000000000001,-0.010529,-0.067866,0.0001510000000000001,5.400000000000023e-05,-2.9000000000001247e-05
22725,0.009063,-0.00378,-0.061637,0.0002310000000000003,0.00033299999999999996,-0.0001850000000000046
19515,-0.014071,0.003114,-0.065804,3.100000000000151e-05,0.00024300000000000016,0.0001820000000000016
22499,-0.006968,0.009510999999999999,-0.060237,-1.999999999999398e-06,0.0002630000000000011,1.4000000000000123e-05
18756,0.006791999999999999,0.001342,-0.069229,0.00019000000000000093,0.00022199999999999998,-0.0001350000000000101
22685,0.0009320000000000001,-0.005713,-0.065874,7.099999999999988e-05,0.00029900000000000065,-3.500000000000725e-05
20398,-0.009139,-0.000303,-0.064204,7.000000000000062e-06,0.000241,8.900000000000574e-05
15187,-0.005109,0.00859,-0.073381,-0.00010600000000000019,9.900000000000013e-05,-0.00012199999999999711
21664,-0.014367000000000001,0.007979,-0.071727,-5.599999999999876e-05,3.0000000000000512e-05,-6.0000000000004494e-05
22755,-0.01349,0.009209,-0.07084,3.7000000000000574e-05,2.8000000000000247e-05,-7.599999999999274e-05
20554,-0.009534,0.012936,-0.066056,7.100000000000162e-05,0.00014400000000000003,-0.00010199999999999099
21201,0.015581,0.012411,-0.07054300000000001,-8.700000000000027e-05,-6.700000000000109e-05,-0.00019499999999998685
22881,-0.007559,0.007144,-0.074865,-4.200000000000037e-05,9.8e-05,-4.799999999999249e-05
22066,-0.006281,0.008589000000000001,-0.068294,6.400000000000069e-05,0.00011699999999999905,-4.500000000000337e-05
22044,-0.008741,0.004432,-0.060438000000000006,6.199999999999956e-05,0.0003030000000000003,6.50000000000095e-05
21667,0.013615,0.010392,-0.070277,-5.10000000000007e-05,-0.0001239999999999991,-0.0002309999999999951
22699,-0.006885,0.01256,-0.063658,-0.0001360000000000007,0.0002210000000000007,-3.399999999999237e-05
22803,0.007961000000000001,-0.008437,-0.06246500000000001,8.699999999999854e-05,0.0001799999999999996,0.00014200000000000323
11523,-0.007253999999999999,-0.003146,-0.065478,2.9999999999998778e-05,0.00029299999999999986,7.299999999998974e-05
22327,-0.007184,-0.007229,-0.06676699999999999,0.00018000000000000047,0.00024600000000000056,-5.800000000001637e-05
22320,-0.011422,-0.011734999999999999,-0.074045,-2.9000000000001247e-05,0.00011999999999999858,-5.7999999999988616e-05
21235,-0.001267,0.005921999999999999,-0.067743,-1.9000000000000137e-05,0.00023700000000000023,-0.00011599999999999111
22215,-0.015308,-0.010327,-0.071823,4.1000000000001105e-05,0.0002870000000000008,-8.800000000000474e-05
22004,0.003519,0.006736,-0.06533499999999999,6.299999999999969e-05,0.00035400000000000015,6.799999999999862e-05
21646,-0.002742,0.011949999999999999,-0.068268,-0.00013200000000000017,0.0002090000000000026,-2.000000000002e-06
17118,-0.00931,0.009628,-0.067465,9.299999999999933e-05,8.300000000000148e-05,-0.00013799999999999923
21956,0.015435,0.009208000000000001,-0.070475,5.7999999999999025e-05,-2.000000000000092e-05,-0.0002970000000000056
16705,0.012807,-0.0070999999999999995,-0.06868,6.000000000000796e-06,0.00012199999999999971,6.50000000000095e-05
22404,0.0021669999999999997,-0.009963,-0.07657800000000001,0.00011800000000000048,-3.400000000000104e-05,-2.899999999998737e-05
21067,-0.007297,0.000602,-0.071752,0.00010299999999999979,2.0000000000000052e-05,-3.0000000000030003e-06
21104,0.011369,-0.005397,-0.062778,0.00011199999999999925,0.00014199999999999977,5.9000000000003494e-05
20080,0.00605,0.012569,-0.066855,-5.9000000000000025e-05,0.0001339999999999987,-6.399999999999462e-05
22414,-0.010712,-0.0034260000000000002,-0.07549299999999999,1.799999999999892e-05,-6.900000000000005e-05,-6.0000000000004494e-05
22409,0.001411,0.011696999999999999,-0.06336800000000001,-2.3000000000000017e-05,0.0003030000000000012,1.2000000000012001e-05
22667,-0.0016539999999999999,-0.005562,-0.072813,-4.800000000000008e-05,7.699999999999981e-05,-6.199999999999262e-05
12971,-0.0043029999999999995,0.012331,-0.06665,-0.00010000000000000026,0.0002249999999999995,1.000000000001e-06
20167,0.017707999999999998,0.00385,-0.06837900000000001,4.400000000000237e-05,6.499999999999995e-05,-7.599999999999274e-05
20302,0.013703,0.010154999999999999,-0.066353,-0.00011200000000000099,4.4000000000000636e-05,-0.00014300000000000423
21811,0.000832,0.012594,-0.062594,-7.799999999999994e-05,0.00023000000000000104,-7.799999999999474e-05
15439,0.0026070000000000004,0.0032,-0.07352299999999999,4.19999999999995e-05,9.8e-05,-0.0001820000000000016
19106,0.010843,0.009013,-0.068699,5.10000000000007e-05,0.00010500000000000093,-0.00010999999999999899
19490,-0.009379,0.008891999999999999,-0.06453400000000001,-4.99999999999997e-05,0.00010500000000000093,-0.00010599999999999499
21422,-0.004642,-0.010247,-0.061346,6.800000000000035e-05,0.0001499999999999991,-0.00011099999999999999
20086,0.008871,-0.002828,-0.076268,7.000000000000062e-06,0.00011799999999999962,-6.699999999999762e-05
12062,0.0010049999999999998,0.001977,-0.07445,0.00013900000000000002,3.199999999999991e-05,-0.0001799999999999996
19790,0.013689999999999999,-0.006401,-0.066623,0.00011700000000000078,0.0001349999999999997,-5.0000000000050004e-06
22095,0.011590999999999999,-0.012444,-0.067213,0.00010100000000000213,4.000000000000531e-06,-0.00010000000000000286
20170,-0.014506,-0.005176,-0.067042,6.199999999999956e-05,0.00023000000000000017,7.700000000000762e-05
18826,-0.005076,0.009927,-0.07170399999999999,-0.00011699999999999992,0.00011500000000000052,-0.00016500000000001236
18101,-0.006054,0.011805999999999999,-0.06526900000000001,4.0000000000000105e-05,0.00028800000000000006,3.2000000000018125e-05
18834,0.003796,-0.008456,-0.074891,7.099999999999988e-05,0.00011500000000000052,-4.700000000000537e-05
20677,-0.009958999999999999,0.008701,-0.067053,0.00010099999999999866,5.800000000000076e-05,-0.0002319999999999961
21115,-0.006888,0.012561,-0.067173,-5.099999999999983e-05,0.00020100000000000152,-7.999999999999674e-05
21754,-0.009377,-0.008932,-0.06413200000000001,0.00017400000000000054,5.10000000000007e-05,-0.00011499999999999011
21682,0.015215,0.003691,-0.070521,3.200000000000078e-05,0.00018100000000000017,-9.300000000000974e-05
18270,0.011287,0.010335,-0.073374,-0.00014400000000000003,-3.799999999999984e-05,-0.00022700000000000498
22690,-0.007062000000000001,-0.000902,-0.064471,6.500000000000082e-05,8.700000000000005e-05,0.00013399999999999523
18906,0.012171,-0.011487,-0.064187,0.0003099999999999995,0.00016099999999999969,2.899999999998737e-05
22132,0.018388,-0.005072,-0.067883,-3.799999999999984e-05,8.600000000000014e-05,-1.4000000000000123e-05
19093,-0.004646,0.001536,-0.063433,4.6000000000000034e-05,0.0002459999999999999,0.00011300000000000199
9660,0.005934,0.004029,-0.07085,3.899999999999997e-05,6.0000000000001025e-05,-0.00010000000000000286
20715,-0.005038,-0.004369,-0.06847400000000001,-7.000000000000062e-06,0.0002149999999999999,-0.00014699999999999436
17947,-0.001617,0.008121,-0.06976,-4.9e-05,0.00021900000000000044,-0.00015400000000000136
20790,0.003699,-0.009432000000000001,-0.067194,0.00025100000000000035,0.0001760000000000008,-0.00011600000000000499
18110,-0.013019,-0.0036520000000000003,-0.070159,3.199999999999904e-05,1.1000000000000159e-05,4.499999999998949e-05
15877,-0.011371000000000001,-0.0067610000000000005,-0.068663,0.0001420000000000015,0.00019200000000000033,3.9999999999901226e-06
21659,0.010124000000000001,0.010912000000000002,-0.071287,-0.000197000000000001,-1.0000000000003062e-05,-0.00013799999999999923
21661,-0.012913,0.012278,-0.072347,-4.89999999999987e-05,-5.000000000000143e-05,-6.0000000000004494e-05
22778,0.005769,-0.0029649999999999998,-0.064446,3.800000000000071e-05,0.00032299999999999994,-0.00031899999999999984
18866,0.013673,-0.009624,-0.067372,0.00016799999999999975,0.0,-0.0001250000000000001
20298,0.014375,-0.000129,-0.066966,2.9999999999998778e-05,0.00020099999999999998,3.899999999999737e-05
21697,-0.010138,0.004359,-0.06838,0.00016900000000000075,0.0001380000000000001,-0.0001360000000000111
21695,-0.014561999999999999,-0.008908,-0.07198600000000001,0.00011599999999999805,2.3999999999999716e-05,-6.799999999999862e-05
22338,-0.011555999999999999,0.00982,-0.069877,9.999999999999593e-06,3.999999999998796e-06,1.9999999999881224e-06
21964,0.002315,-0.0011359999999999999,-0.063915,0.00012300000000000028,0.00027099999999999987,-2.000000000002e-06
22029,-0.002306,0.0052910000000000006,-0.074832,-2.300000000000045e-05,0.00011299999999999939,-0.0001759999999999956
18753,0.010462999999999998,-0.003355,-0.070978,-0.0001229999999999981,4.199999999999994e-05,-3.200000000000425e-05
18433,0.0012070000000000002,0.007872,-0.07186100000000001,-5.300000000000031e-05,0.00010800000000000046,-0.00012199999999999711
22374,-0.00841,0.007118,-0.06314800000000001,-2.999999999999531e-06,0.0002779999999999996,-7.599999999999274e-05
22719,-0.003451,-0.00302,-0.064586,5.3000000000000096e-05,0.0001709999999999997,-0.00010699999999999599
21847,0.0006860000000000001,-0.013057000000000001,-0.064432,0.00021299999999999997,5.000000000000143e-05,-0.00027299999999999547
22673,0.013975,-0.0023290000000000003,-0.065278,0.00012000000000000031,0.00016600000000000035,0.00024099999999999122
10413,0.004157,0.009553,-0.07159900000000001,-8.000000000000021e-05,9.699999999999986e-05,-5.099999999999549e-05
22396,0.011414,0.003137,-0.063,0.00017699999999999834,0.00028299999999999983,-4.000000000004e-06
21399,-0.00705,0.009285,-0.068231,5.199999999999996e-05,0.00012400000000000085,-0.00015700000000000436
21658,0.016280000000000003,-0.007014,-0.072395,-2.5000000000004186e-05,9.900000000000013e-05,2.000000000002e-06
21902,0.017846,-0.007764999999999999,-0.07470399999999999,-8.500000000000174e-05,0.0001319999999999993,-9.100000000000774e-05
22406,-0.014471999999999999,-0.003992,-0.066922,-5.600000000000223e-05,0.00022400000000000024,-0.00013699999999999823
22211,0.014602,-0.013005000000000001,-0.065604,0.00018500000000000114,0.00015500000000000062,5.6000000000000494e-05
21691,0.000773,0.006476,-0.069229,8.399999999999998e-05,0.0002889999999999993,-0.00026800000000000435
22079,0.008605999999999999,0.0032519999999999997,-0.073458,-4.9999999999980616e-06,0.00012100000000000045,-0.0001820000000000016
22758,-0.0032530000000000002,0.004494,-0.072125,7.000000000000062e-06,0.0001429999999999999,4.999999999991123e-06
21714,-0.004366,0.0015300000000000001,-0.065661,6.000000000000016e-05,0.00024799999999999996,8.899999999999186e-05
21035,-0.009585000000000002,0.012223000000000001,-0.065675,7.500000000000215e-05,0.0001510000000000001,-0.00010399999999999299
22633,0.000249,-0.006730000000000001,-0.062627,0.00020200000000000003,0.00021900000000000044,-9.999999999998899e-05
19468,-0.000803,0.007485,-0.068132,-1.1999999999999966e-05,0.0002599999999999998,-0.00028500000000000747
19820,-0.0065899999999999995,-0.006036,-0.068753,-0.00010900000000000059,0.00015999999999999955,-3.900000000001125e-05
22682,0.007455,-0.002939,-0.075007,-0.00010399999999999993,6.900000000000005e-05,-8.199999999999874e-05
9183,0.009269,0.007403,-0.069028,-2.9999999999998778e-05,0.00014099999999999963,-0.00014899999999999636
22718,-0.008053000000000001,-0.000612,-0.067021,7.400000000000115e-05,0.000147,0.00024399999999999422
22385,-0.0024860000000000004,-0.008874,-0.063125,0.0001590000000000003,0.00020500000000000032,-3.599999999999437e-05
21491,-0.004674,-0.001932,-0.06613899999999999,0.00020600000000000045,0.00022400000000000002,0.00013599999999998336
22807,-0.012984,0.010279,-0.06494799999999999,9.300000000000107e-05,4.1000000000001105e-05,1.2999999999985246e-05
16490,-0.009295,0.010967000000000001,-0.066136,9.49999999999996e-05,0.00018499999999999767,-0.00010000000000000286
22415,-0.004705,0.012147,-0.061464,-3.099999999999978e-05,0.00023399999999999983,-5.999999999999062e-06
21455,-0.0049180000000000005,-0.002963,-0.061427,0.0002760000000000002,8.399999999999987e-05,-0.00023899999999999616
16815,0.0083,0.006864,-0.062926,-4.0000000000000105e-05,0.00018199999999999987,6.799999999999862e-05
19761,-0.003682,0.009818,-0.064453,2.1999999999999884e-05,0.00023300000000000057,-0.0002339999999999981
20112,-0.013090999999999998,0.000861,-0.069018,0.0001879999999999972,0.00021199999999999995,-4.700000000000537e-05
18515,0.015704,0.005136,-0.071665,-1.4999999999997654e-05,0.00014400000000000003,-0.0001739999999999936
19417,0.005538,-0.000215,-0.07209600000000001,5.999999999999062e-06,0.000338,-0.00013699999999999823
22748,0.0013720000000000002,-0.009583999999999999,-0.075017,0.00010999999999999985,0.00015899999999999768,-3.400000000000625e-05
22324,0.008475,-0.003543,-0.06478700000000001,0.000253999999999999,0.0002630000000000002,-0.0003029999999999977
22086,0.004931,-0.0024089999999999997,-0.063823,7.700000000000068e-05,0.00024899999999999966,-0.00025599999999999234
20520,-0.004553,-0.0079,-0.067253,0.00016099999999999969,0.00028400000000000127,-6.50000000000095e-05
20737,-0.012473000000000001,0.005552,-0.065064,0.00016000000000000042,0.00013500000000000057,5.8000000000002494e-05
22367,-0.003559,0.006158,-0.076833,-0.0001299999999999999,4.099999999999937e-05,-0.00019600000000000173
22680,0.014676999999999999,0.0062640000000000005,-0.064197,7.500000000000215e-05,0.0001479999999999997,0.0
22618,-0.003069,0.0035870000000000003,-0.07343300000000001,8.000000000000021e-05,0.00020899999999999955,-6.199999999999262e-05
13081,0.007268,0.009349,-0.074442,-0.0001010000000000004,5.800000000000076e-05,-0.00018100000000001448
19960,-0.007404,0.010058,-0.06686199999999999,-4.4000000000000636e-05,0.000197000000000001,-0.00013699999999999823
18897,-0.005418,0.012055999999999999,-0.06634000000000001,-2.599999999999998e-05,0.0002470000000000024,-0.00011099999999998611
22744,-0.0025729999999999998,0.008971999999999999,-0.07414,-0.00016300000000000038,8.900000000000054e-05,-0.0001810000000000006
21034,-0.002153,0.007292,-0.06267199999999999,5.600000000000006e-05,0.00022400000000000024,-3.500000000000725e-05
21041,-0.007538,0.006413,-0.064064,4.0000000000000105e-05,0.00023099999999999943,9.299999999999586e-05
16548,0.005468,-0.009323,-0.06701399999999999,0.00016600000000000035,3.799999999999984e-05,-0.00014800000000000924
20188,-0.015211,-0.004836,-0.071521,-9.999999999992654e-07,7.300000000000015e-05,-4.099999999999937e-05
19438,-0.0029230000000000003,0.011311,-0.073973,-0.00016999999999999958,1.6999999999999654e-05,-0.00010599999999999499
19946,-0.013717,0.0034609999999999997,-0.066219,-1.4000000000000123e-05,0.0002350000000000004,0.00011400000000000299
19436,0.013012000000000001,0.011711000000000001,-0.067563,-0.00011599999999999978,0.00022099999999999898,-0.00021300000000000485
21952,0.002835,0.00809,-0.066293,2.8000000000000247e-05,0.00024900000000000096,-7.499999999999174e-05
21785,0.016132999999999998,-0.005428,-0.06624200000000001,0.00011700000000000252,0.00015599999999999902,-4.299999999998749e-05
10129,0.014641999999999999,-0.004923,-0.07314,4.4000000000000636e-05,0.0001540000000000005,-8.100000000001162e-05
22703,-0.015888,0.005559000000000001,-0.071379,-1.1000000000000593e-05,8.599999999999927e-05,0.0001330000000000081
20784,-0.006674,0.010921,-0.074617,-4.0000000000000105e-05,0.00014699999999999956,-0.00010699999999999599
22729,0.014011,-0.009705,-0.064406,8.800000000000127e-05,8.000000000000021e-05,-2.4999999999997247e-05
20264,-0.005774,-0.010189,-0.07296599999999999,-2.599999999999998e-05,0.0001899999999999992,-0.00020600000000001173
22821,0.016744,-0.009106999999999999,-0.066259,0.00010800000000000046,9.39999999999986e-05,5.4999999999999494e-05
21090,0.000152,0.006286,-0.07201300000000001,-0.000131,0.0001380000000000001,-0.00011199999999998711
21144,0.004417,-0.004072,-0.068979,0.00014899999999999983,0.00029600000000000026,-0.00020100000000000673
19851,0.004216999999999999,-0.007148,-0.072479,0.00010700000000000032,7.699999999999981e-05,-0.00011799999999999311
21996,0.006756,-0.008882,-0.066427,2.199999999999945e-05,0.00014599999999999856,4.499999999998949e-05
9995,-0.00016,0.002372,-0.072889,0.000125,0.00018000000000000004,-9.499999999999786e-05
22322,0.010183,-0.002144,-0.06973399999999999,0.00025500000000000175,0.00019400000000000016,-0.00015700000000001824
21049,-0.010417999999999998,0.000934,-0.065333,0.00010099999999999866,0.00030199999999999986,-0.0001260000000000011
10462,0.013014,0.000804,-0.07192799999999999,3.799999999999984e-05,9.000000000000002e-05,-0.0001370000000000121
17413,-0.011426,0.002713,-0.071586,0.0001360000000000007,3.899999999999954e-05,-6.70000000000115e-05
20104,0.012241,0.0043879999999999995,-0.06661199999999999,4.799999999999943e-05,0.000256000000000001,-6.30000000000075e-05
22634,-0.010015000000000001,0.006507,-0.065861,5.600000000000223e-05,0.00013100000000000004,-2.000000000002e-06
21032,0.007187000000000001,0.009641,-0.07010599999999999,-0.0001860000000000004,0.00014699999999999956,-0.0001930000000000126
21758,0.012247999999999998,0.011085000000000001,-0.072711,-0.00010699999999999772,4.0999999999997636e-05,-0.00028400000000000647
22665,-0.014952,0.002007,-0.073475,0.0001410000000000005,0.00010800000000000002,-0.0001900000000000096
22445,0.006781,0.004360999999999999,-0.066371,0.00018400000000000014,0.00028200000000000013,-2.6000000000012125e-05
22622,-0.001921,-0.004024,-0.063109,0.00012100000000000001,0.00033,-0.00016800000000000148
21391,0.003528,0.009283,-0.071742,-5.3999999999999795e-05,6.399999999999982e-05,-8.199999999999874e-05
22366,0.013788,-0.002646,-0.074117,-8.699999999999854e-05,3.4999999999999875e-05,-5.6000000000000494e-05
19099,0.015122,-0.008624,-0.07200799999999999,-4.700000000000017e-05,0.00012000000000000031,-4.400000000001625e-05
21172,0.010029999999999999,-0.003776,-0.063035,9.900000000000013e-05,0.00011299999999999982,-0.00019900000000000473
20788,-0.003024,-0.0007830000000000001,-0.074982,6.499999999999995e-05,0.00010199999999999999,2.4999999999997247e-05
22419,-0.0012729999999999998,-0.00033400000000000004,-0.064973,8.99999999999998e-05,0.00021700000000000002,-6.1000000000005494e-05
20838,-0.008844,0.006352,-0.07267100000000001,2.199999999999945e-05,9.699999999999986e-05,-0.00011699999999997823
19746,-0.0020659999999999997,0.000425,-0.074234,8.59999999999997e-05,0.00013300000000000003,-5.300000000001137e-05
18078,-0.008478999999999999,-0.007127,-0.068508,5.599999999999876e-05,0.0002230000000000001,3.699999999999537e-05
22754,0.005135,-0.007625,-0.07136100000000001,0.00019700000000000013,0.00013299999999999944,-1.1999999999998123e-05
20484,-0.001646,0.009706,-0.065554,-5.999999999999929e-06,0.0002520000000000005,-9.900000000000186e-05
19094,-0.011131,0.007741,-0.063,1.899999999999992e-05,0.0002770000000000012,-1.4000000000000123e-05
22060,-0.009662,-0.002716,-0.061501,-1.799999999999892e-05,0.00026000000000000025,-0.00014000000000000123
21352,-0.0053360000000000005,0.003974,-0.069368,0.0001460000000000003,0.00010700000000000032,2.8000000000000247e-05
22305,0.004415,0.003242,-0.06553300000000001,0.0001380000000000001,0.00035000000000000005,-0.0001649999999999846
19172,0.010564,0.006939,-0.064185,-4.4000000000000636e-05,0.0002660000000000006,8.700000000000374e-05
11773,0.006938,0.01141,-0.070816,-0.00014199999999999977,6.899999999999962e-05,-0.00019299999999999873
22656,-0.002577,-0.007517,-0.06469799999999999,0.00010800000000000002,0.00021100000000000025,-0.00016500000000001236
21180,-0.013560000000000001,-0.01174,-0.068615,0.00011800000000000005,0.00018300000000000087,-0.00037700000000000233
22410,-0.004585,-0.005456000000000001,-0.058774,6.199999999999956e-05,0.00014600000000000116,-0.0001779999999999976
20981,0.015437,-0.0036880000000000003,-0.074452,-0.00016000000000000042,0.00010099999999999996,-9.199999999999486e-05
19480,-0.015767,-0.009185,-0.072616,1.5999999999998654e-05,0.0001520000000000011,-0.0001350000000000101
22426,-0.014587,0.00807,-0.07589499999999999,-7.700000000000068e-05,4.5999999999999167e-05,-3.800000000001025e-05
22120,-0.001156,-0.0017330000000000002,-0.060704,0.00010599999999999976,0.00016800000000000018,1.5000000000001124e-05
20782,-0.0031469999999999996,0.01001,-0.0713,-6.800000000000035e-05,0.0001510000000000001,-6.699999999999762e-05
10082,0.008573,0.011083,-0.07018,-0.00016500000000000195,-2.800000000000198e-05,-0.00012099999999999611
21494,-0.003643,-0.003879,-0.071395,0.00016499999999999978,0.0003159999999999999,-3.699999999999537e-05
17666,0.013661,-0.007562999999999999,-0.068103,-2.9999999999998778e-05,8.5e-05,3.899999999999737e-05
21735,-0.013317,0.003853,-0.067748,2.000000000002e-06,0.00021799999999999988,5.099999999999549e-05
22658,0.000983,-0.0022879999999999997,-0.075742,3.700000000000014e-05,0.00011999999999999945,2.000000000002e-06
22741,-0.006822,-0.011742,-0.06320300000000001,7.500000000000041e-05,0.0001460000000000003,-7.399999999999074e-05
22502,-0.015615,-0.007559,-0.07255800000000001,3.799999999999984e-05,0.00010699999999999946,-9.999999999998899e-05
16587,0.015399,-0.0039889999999999995,-0.06659699999999999,7.700000000000068e-05,0.00021599999999999918,-2.5000000000011124e-05
19843,-0.003115,0.00724,-0.068035,5.499999999999993e-05,0.0001250000000000001,-1.5000000000001124e-05
20750,0.006063,-0.00784,-0.066241,8.400000000000074e-05,0.00011299999999999939,-0.00021899999999999697
14446,-0.010664,0.001647,-0.06851399999999999,0.00011200000000000099,0.00015399999999999984,5.4999999999985616e-05
22337,-0.00038,-0.004673,-0.067065,0.00033200000000000005,0.0003049999999999997,-0.00017400000000000748
18856,-0.015044,0.006243,-0.074102,-6.299999999999882e-05,7.400000000000028e-05,-4.300000000000137e-05
18491,-0.006781,0.010497999999999999,-0.070465,-5.800000000000076e-05,0.000172000000000002,-0.0001239999999999991
22641,-0.000127,-0.011407,-0.06436499999999999,0.000155,0.00017400000000000054,-0.0003540000000000071
21052,0.003305,-0.00441,-0.066765,1.7999999999999787e-05,0.00019000000000000006,-0.00020299999999999485
20865,0.0015329999999999999,-0.0032069999999999998,-0.06757099999999999,8.400000000000009e-05,0.0003609999999999998,-0.00014500000000000624
22675,0.008766999999999999,-0.0083,-0.068985,0.00018500000000000114,-4.0000000000000105e-05,0.000126000000000015
21353,0.003432,0.0018080000000000001,-0.06704900000000001,0.00020199999999999992,0.0002369999999999998,-0.00010199999999999099
21376,-0.012673,0.000122,-0.071416,0.00012299999999999985,0.00011799999999999998,-6.20000000000065e-05
19080,-0.009687,0.002229,-0.072948,6.800000000000035e-05,5.3999999999999795e-05,-6.20000000000065e-05
22492,0.004527,-0.011525,-0.06459699999999999,6.700000000000022e-05,7.300000000000015e-05,-0.000124000000000013
22624,-0.008311,0.010917999999999999,-0.066444,6.000000000000796e-06,0.0002260000000000005,-0.00012699999999998823
21394,-0.015066000000000001,-0.0050880000000000005,-0.072158,-0.00016599999999999775,0.00013500000000000057,-2.5999999999998247e-05
20957,0.010914,-0.007418999999999999,-0.071033,4.4000000000000636e-05,8.899999999999967e-05,-1.9000000000005124e-05
16494,-0.005652,-0.000123,-0.063867,7.799999999999994e-05,0.000246,0.00015599999999998948
22676,-0.00638,-0.011615,-0.07101600000000001,-6.299999999999969e-05,0.0002149999999999999,1.3000000000013001e-05
9724,0.00588,0.006548,-0.06951399999999999,1.1000000000000593e-05,0.00013699999999999997,-8.900000000000574e-05
22303,0.0013,0.002917,-0.062934,0.0001119999999999999,0.00018499999999999983,-0.00018599999999999173
13766,-0.011574999999999998,-0.004077,-0.065932,1.4999999999997654e-05,0.0003079999999999997,4.000000000001225e-05
16325,-0.003671,-0.007524,-0.067501,0.0001479999999999997,0.00020300000000000092,-5.3999999999998494e-05
21703,-0.005376000000000001,-0.0044340000000000004,-0.071598,0.00011400000000000125,0.0002930000000000007,-1.3000000000013001e-05
16492,-0.005495,0.000734,-0.06580899999999999,3.199999999999991e-05,0.00016300000000000006,0.00020099999999999285
18178,0.004774,0.009079,-0.071714,-8.799999999999954e-05,7.799999999999994e-05,-7.900000000000962e-05
21155,0.005229,-0.010261,-0.071547,0.00024300000000000016,0.00013299999999999944,1.1999999999998123e-05
20647,-0.010846999999999999,0.009115999999999999,-0.064661,-6.300000000000056e-05,0.00015300000000000036,-9.300000000000974e-05
15632,0.006729,0.010371,-0.071379,-0.00018299999999999914,0.000168999999999999,-0.00022199999999999998
22666,0.004468,-0.0052569999999999995,-0.06683499999999999,0.00011000000000000072,0.0002219999999999991,-0.00027300000000000935
18094,-0.0030510000000000003,-0.002336,-0.06951900000000001,7.700000000000025e-05,0.00020500000000000032,0.00011900000000000799
16470,0.0031379999999999997,0.005972000000000001,-0.07228,-8.799999999999997e-05,0.00013799999999999923,-0.0001870000000000066
22727,-0.009369,-0.010535000000000001,-0.059747999999999996,9.900000000000186e-05,6.100000000000029e-05,-0.0002750000000000044
20411,0.009687,0.008835,-0.071494,-9.099999999999907e-05,0.0001410000000000005,-0.00015300000000000036
21103,-0.006753,0.0038050000000000002,-0.06810200000000001,8.700000000000027e-05,0.00023999999999999976,-2.799999999998637e-05
18218,-0.006777999999999999,0.010391,-0.066005,-4.900000000000043e-05,0.00021400000000000065,-0.00014500000000000624
22630,0.000589,0.0031320000000000002,-0.072025,7.700000000000003e-05,0.00022299999999999967,-3.399999999999237e-05
21999,-0.008455,0.007798,-0.074253,-4.099999999999937e-05,6.599999999999922e-05,-5.200000000001037e-05
20810,0.008209,-0.005296,-0.06392199999999999,6.900000000000135e-05,0.0002840000000000004,-0.0001340000000000091
22649,-0.003604,0.004931,-0.065548,0.00015799999999999972,0.0002650000000000005,7.999999999999674e-05
22759,0.012801,0.007588,-0.065636,-3.999999999998796e-06,0.00016899999999999988,-3.500000000000725e-05
22299,-0.0057469999999999995,-0.003659,-0.06748399999999999,5.4999999999999494e-05,0.00020399999999999975,-1.1000000000011001e-05
17276,0.016395,0.011481,-0.071006,-0.00014199999999999977,9.999999999999593e-06,-0.0002489999999999992
22615,-0.0050019999999999995,0.002267,-0.069089,0.00013099999999999917,8.000000000000021e-05,-8.999999999995123e-06
22632,-0.00227,-0.011576000000000001,-0.06375800000000001,0.00015899999999999985,0.00012200000000000058,-0.00026299999999998547
9675,0.008237,0.0077670000000000005,-0.07154,-7.300000000000015e-05,0.0001479999999999997,-0.0001779999999999976
19748,-0.006394,0.010244,-0.063582,-4.099999999999937e-05,0.0003010000000000009,-8.500000000000174e-05
20197,0.009590999999999999,-0.010083,-0.07018200000000001,0.00016100000000000142,-9.60000000000006e-05,-0.00014799999999999536
14131,0.015299,0.00048499999999999997,-0.070854,0.00010700000000000119,0.00014900000000000004,-0.00011300000000000199
19161,-0.013155,-0.0064930000000000005,-0.075773,-0.00015500000000000062,2.000000000000092e-05,-0.0001380000000000131
22619,0.0014830000000000002,-0.004190999999999999,-0.07330500000000001,-2.5000000000000282e-05,0.0001269999999999995,-5.1999999999996493e-05
10746,0.008009,0.011612,-0.071955,-7.000000000000062e-05,4.99999999999997e-05,-0.0001719999999999916
17431,-0.009185,0.003679,-0.070164,0.00019299999999999873,7.299999999999971e-05,5.6000000000000494e-05
18454,-0.012258,-0.000498,-0.068361,2.9000000000001247e-05,8.9e-05,0.00014500000000000624
18850,-0.007488000000000001,-0.001081,-0.06664,0.00011000000000000072,0.00010399999999999993,0.0001940000000000136
9764,0.013418,0.000199,-0.070427,0.00011199999999999925,0.00012800000000000002,-8.399999999998686e-05
22654,-0.010948000000000001,-0.010923,-0.072002,3.8000000000001574e-05,0.0002270000000000015,-0.0002460000000000101
21951,0.0018939999999999999,0.010322,-0.07001900000000001,-6.0999999999999856e-05,9.299999999999933e-05,7.000000000007001e-06
21978,-0.000992,0.006006,-0.06540800000000001,0.00013700000000000008,0.0001540000000000005,-0.00014499999999999236
21444,-0.007605000000000001,-0.009658,-0.06833199999999999,0.00014000000000000037,0.0002249999999999995,-0.0002430000000000071
18819,-0.000916,0.006815000000000001,-0.071679,-5.099999999999994e-05,0.0001449999999999993,-0.0001229999999999981
21161,0.006762,-0.002796,-0.072482,-5.500000000000036e-05,0.00014599999999999986,-2.4999999999997247e-05
22661,0.013033,0.005673,-0.073881,-0.00017099999999999928,0.00011399999999999952,-0.00014199999999998936
12914,0.013918,0.001516,-0.071597,0.00010399999999999993,0.00019300000000000003,-0.00016600000000001336
22635,0.008228999999999998,-0.012811,-0.06979300000000001,5.000000000000143e-05,9.000000000000327e-06,1.5000000000001124e-05
22340,0.0075,-0.008109,-0.065678,0.00011000000000000072,0.00017700000000000007,6.0999999999991616e-05
19554,0.006386,-0.012451,-0.067018,0.0002409999999999999,5.699999999999976e-05,0.0001250000000000001
12819,-0.006753,0.005811,-0.071092,8.400000000000074e-05,2.8000000000000247e-05,-7.099999999998774e-05
16960,-0.009468,-0.0005809999999999999,-0.068119,0.00011000000000000072,0.00023599999999999994,7.999999999999674e-05
9857,0.0044729999999999995,0.008029999999999999,-0.07177700000000001,-7.099999999999902e-05,0.00011300000000000199,-6.999999999998674e-05
19924,0.008308999999999999,-0.006606,-0.070326,0.00011900000000000278,8.399999999999987e-05,-4.400000000000237e-05
22733,0.0034879999999999998,-0.0075190000000000005,-0.061803,9.000000000000024e-05,0.00022200000000000084,-0.0004190000000000027
9845,0.015428,-0.003777,-0.072185,4.200000000000037e-05,9.000000000000024e-05,-8.500000000000174e-05
22669,0.01184,0.002016,-0.072102,3.400000000000104e-05,0.0001429999999999999,-0.00013299999999999423
20092,0.002516,-0.004386,-0.07268300000000001,-8.300000000000017e-05,0.00021199999999999952,-9.199999999999486e-05
18789,0.010334,0.000554,-0.065388,9.10000000000008e-05,0.0001429999999999999,-0.00020099999999999285
20807,0.003262,-0.006495,-0.06578700000000001,0.00014899999999999983,0.00033600000000000036,-0.00026599999999998847
17183,-0.001611,-0.001767,-0.067853,0.00015900000000000007,0.00019499999999999986,0.0001270000000000021
19195,-0.003089,-0.004625,-0.073482,1.7000000000000088e-05,9.99999999999994e-05,1.5000000000001124e-05
22651,-0.008167,-0.006738,-0.063723,0.00011200000000000099,9.000000000000067e-05,-0.00016299999999999648
21792,0.009153,0.01128,-0.07148499999999999,-0.00020199999999999906,-4.800000000000117e-05,-7.400000000000462e-05
21348,-0.000184,0.007554,-0.07175100000000001,-6.900000000000002e-05,0.00016899999999999988,-0.0001649999999999846
22791,0.002771,-0.011483,-0.063452,0.0,0.00025699999999999855,-0.0002510000000000151
13741,0.007385,0.000134,-0.068943,0.00022000000000000058,0.000194,-0.00020900000000000085
20098,0.009993,-0.001156,-0.065358,8.000000000000021e-05,9.299999999999998e-05,-7.500000000000562e-05
19530,-0.013996999999999999,-0.005886,-0.069331,4.39999999999989e-05,9.699999999999986e-05,0.00010900000000001187
17116,0.006656,-0.0023,-0.067503,0.00017599999999999994,0.00022099999999999984,-0.00022199999999999998
22400,-0.006494,-0.01125,-0.06580899999999999,0.0002349999999999991,0.0003099999999999995,-0.000123000000000012
21713,-0.010910999999999999,0.010699,-0.066793,8.99999999999998e-05,8.200000000000048e-05,-0.00010499999999999399
19425,-0.007654,-0.003706,-0.068586,8.99999999999998e-05,0.0002639999999999999,4.200000000000037e-05
18437,-0.012445,0.00779,-0.069069,0.00010199999999999966,3.9999999999996635e-06,1.8000000000004124e-05
16500,0.017764,0.002072,-0.07026900000000001,3.0000000000002247e-05,0.0001309999999999996,-7.999999999999674e-05
21957,-0.005243,-0.003091,-0.069052,4.0000000000000105e-05,0.00019300000000000003,-3.399999999999237e-05
19334,0.00811,0.000902,-0.06599200000000001,0.00012200000000000058,0.00024799999999999996,-0.00020999999999998797
19852,-0.005867,-0.001434,-0.063719,7.599999999999968e-05,0.00021600000000000005,0.00013599999999999723
19079,-0.0042060000000000005,-0.003128,-0.069588,7.400000000000115e-05,0.00012100000000000001,-2.000000000002e-06
17753,0.013233,0.003734,-0.07237,6.899999999999962e-05,9.39999999999999e-05,-0.0002209999999999851
12758,0.007154,-0.001456,-0.06856699999999999,0.0001299999999999999,0.00020800000000000007,-0.0001280000000000031
20732,0.008074,0.0024820000000000003,-0.06595699999999999,9.60000000000006e-05,0.00028699999999999993,-0.0001990000000000186
21350,-0.008796,0.0060750000000000005,-0.064619,2.499999999999898e-05,0.0001749999999999998,5.3999999999998494e-05
20713,-0.004607,-0.002418,-0.0707,0.00014800000000000056,0.0002369999999999998,0.00014799999999999536
21665,-0.008891999999999999,-0.002539,-0.066638,0.00011299999999999852,0.0002400000000000002,4.300000000000137e-05
15103,0.0047,0.000898,-0.068897,0.00013399999999999957,0.00033199999999999994,-0.0001830000000000026
20748,0.016146,0.0071790000000000005,-0.068544,-8.000000000000021e-05,0.0001719999999999994,-0.00016299999999999648
22383,-0.003827,-0.008302,-0.064192,0.0002509999999999999,0.00016799999999999975,1.2999999999999123e-05
22321,0.0061470000000000006,-0.005226,-0.069434,0.00023599999999999923,0.00021900000000000044,7.599999999999274e-05
20960,-0.008699,0.008661,-0.069073,7.700000000000068e-05,0.0001460000000000003,-0.0001250000000000001
20149,-0.006117,0.00436,-0.068167,2.599999999999998e-05,0.000196,-8.999999999995123e-06
16248,0.007017000000000001,0.007057000000000001,-0.073975,-0.00012400000000000085,-1.000000000001e-06,-0.00011200000000000099
18076,-0.009342000000000001,0.006139,-0.07052,0.0001420000000000015,2.9999999999999645e-05,-0.00016499999999999848
18073,-0.003447,-0.000472,-0.066851,6.000000000000016e-05,0.000287,4.699999999999149e-05
13640,0.014882,0.009173,-0.07179300000000001,-2.199999999999945e-05,7.399999999999941e-05,-9.499999999999786e-05
19423,-0.0064800000000000005,0.006385,-0.06347,5.6000000000000494e-05,0.00025799999999999955,-2.8000000000000247e-05
19509,0.0065060000000000005,-0.009205,-0.064113,2.3999999999999716e-05,0.00015899999999999942,-1.9000000000005124e-05
18177,0.009807999999999999,-0.0031509999999999997,-0.07123900000000001,-7.999999999999848e-05,8.90000000000001e-05,-2.999999999998837e-05
20992,0.008062,0.004874,-0.06596099999999999,0.0001460000000000003,0.00013900000000000023,7.499999999999174e-05
21390,0.00369,-0.002008,-0.065789,6.899999999999962e-05,0.0002869999999999997,-0.00016199999999999548
19432,-0.006626,-0.005836,-0.066885,6.999999999999975e-05,0.00029299999999999986,1.7000000000003124e-05
19825,-0.00151,0.000165,-0.069074,0.00010000000000000005,0.00026199999999999997,9.999999999998899e-05
17846,-0.00762,-0.0057599999999999995,-0.067241,7.500000000000041e-05,0.0002349999999999991,-1.5000000000001124e-05
19419,-0.008425,-0.002577,-0.0681,9.70000000000016e-05,0.00021399999999999978,0.00015400000000000136
22298,-0.014099,-0.003297,-0.06819499999999999,1.1000000000000593e-05,0.00029600000000000026,-2.1000000000007124e-05
19259,0.003163,0.00045200000000000004,-0.06848900000000001,6.699999999999979e-05,0.000289,-0.00014399999999999136
21977,-0.0006580000000000001,-0.0014910000000000001,-0.064185,0.00012600000000000003,0.00014499999999999995,2.5000000000011124e-05
19911,0.007869,-0.010992,-0.065956,0.0001899999999999992,0.00024799999999999996,6.499999999999562e-05
14468,-0.009502,-0.0027029999999999997,-0.066971,8.599999999999927e-05,0.00012100000000000001,9.400000000001074e-05
16935,0.003847,-0.005889,-0.06863,0.00012699999999999994,0.00025299999999999975,-0.00023100000000000898
21668,0.008108,-0.004893,-0.066547,0.00017700000000000007,9.900000000000013e-05,-3.499999999999337e-05
11113,0.0019190000000000001,-0.000769,-0.071083,-3.000000000000008e-05,0.00032800000000000006,-2.6999999999999247e-05
21776,0.006669,0.0039030000000000002,-0.06687699999999999,0.00022700000000000064,0.0003119999999999998,-6.0000000000004494e-05
21769,0.015564,0.0048,-0.067425,3.900000000000084e-05,0.0001380000000000001,-7.699999999999374e-05
21375,-0.003852,0.003319,-0.06765,3.399999999999974e-05,0.00024299999999999973,7.799999999999474e-05
21371,0.008015000000000001,-0.012289999999999999,-0.068147,0.0001779999999999976,0.0002249999999999995,0.0001769999999999966
15813,0.008293,0.006486,-0.068423,4.799999999999943e-05,0.00011000000000000072,-7.800000000000862e-05
16469,0.0022679999999999996,0.006216,-0.070028,8.300000000000017e-05,0.00015899999999999942,-0.0001810000000000006
17466,-0.012281,0.0036810000000000002,-0.066614,6.699999999999935e-05,0.00022199999999999998,3.400000000000625e-05
17124,0.009749,0.010284000000000001,-0.067466,-0.00010199999999999966,-1.700000000000139e-05,-8.199999999999874e-05
21656,-0.002614,0.001474,-0.066089,1.7000000000000088e-05,0.0003489999999999999,-1.8000000000004124e-05
22817,0.005013,0.003163,-0.06430899999999999,0.00014700000000000043,0.00021100000000000025,-0.00012100000000000999
10157,0.002937,-0.006071,-0.07338599999999999,2.5000000000000282e-05,0.0001879999999999998,-7.400000000000462e-05
22010,5.1e-05,-0.007684,-0.067885,0.00017900000000000001,0.00022199999999999998,-0.00031699999999999784
20709,0.00404,-0.003108,-0.06456300000000001,9.099999999999994e-05,0.00024200000000000003,-0.0001789999999999986
17489,0.007485,-0.007065,-0.06603,0.00010299999999999979,0.00022699999999999977,-8.999999999999286e-05
9772,0.013679,-0.0011330000000000001,-0.070413,9.200000000000007e-05,0.00010400000000000014,-0.00010899999999999799
22799,-0.004477,-0.010837,-0.066304,0.00014000000000000037,0.00027099999999999867,5.2999999999997494e-05
17123,0.011986,0.004861,-0.067375,4.000000000000531e-06,0.00022000000000000058,-6.699999999998374e-05
21412,-0.005013,0.00038700000000000003,-0.06879600000000001,4.0000000000000105e-05,0.00017000000000000007,0.00011600000000000499
20723,0.008843,0.001135,-0.063476,0.0001389999999999985,0.00031499999999999996,-0.00012599999999998723
15121,0.003432,-0.00027400000000000005,-0.066998,9.200000000000007e-05,0.00030100000000000005,-0.0001250000000000001
20570,0.0063360000000000005,-0.012693,-0.070535,0.000181999999999999,4.099999999999937e-05,3.600000000000825e-05
16139,-0.002937,0.00257,-0.07044299999999999,0.000134,0.00019700000000000013,7.799999999999474e-05
22096,-0.01493,-0.001494,-0.06865900000000001,0.00013299999999999944,0.0002509999999999999,-0.00025299999999998934
17102,-0.0026190000000000002,-0.00545,-0.072022,6.400000000000025e-05,0.00030100000000000005,6.20000000000065e-05
22358,0.0023220000000000003,-0.010063,-0.063588,7.200000000000002e-05,0.0002680000000000009,-0.00038499999999999646
15880,-0.007403,-0.00789,-0.06934799999999999,0.0001590000000000003,0.0001899999999999992,-0.00011200000000000099
