Particle,x,y,z,Vx,Vy,Vz
22302,-0.008035,0.002202,-0.07177,0.0,0.0,0.0
21570,0.011667,-0.0029620000000000002,-0.072402,0.0,0.0,0.0
22033,-0.014724000000000001,-0.011119,-0.07269199999999999,0.0,0.0,0.0
19783,0.007415,0.013067,-0.066055,0.0,0.0,0.0
22629,0.003673,-0.009654999999999999,-0.065594,0.0,0.0,0.0
20430,-0.004479,-0.00557,-0.066605,0.0,0.0,0.0
22746,0.005356,0.010015000000000001,-0.076192,0.0,0.0,0.0
18750,0.0029289999999999997,0.009389,-0.065679,0.0,0.0,0.0
22145,-0.006178,0.011661,-0.067536,0.0,0.0,0.0
22745,0.006900000000000001,0.010536,-0.060642,0.0,0.0,0.0
21986,-0.014891,0.0045839999999999995,-0.069229,0.0,0.0,0.0
22295,0.012239000000000002,-0.000307,-0.072655,0.0,0.0,0.0
21179,-0.014736,0.007753,-0.070445,0.0,0.0,0.0
22625,-0.013207,0.009810000000000001,-0.076605,0.0,0.0,0.0
22843,-0.013946,0.005923,-0.067744,0.0,0.0,0.0
22017,0.011760999999999999,-0.0094,-0.074911,0.0,0.0,0.0
21434,-0.005963,0.002191,-0.063514,0.0,0.0,0.0
22304,-0.008273999999999998,0.004958000000000001,-0.06976600000000001,0.0,0.0,0.0
19757,0.011525,0.011037000000000002,-0.065964,0.0,0.0,0.0
22855,-0.014089,-0.007535,-0.076086,0.0,0.0,0.0
22055,-0.00029099999999999997,-0.009777,-0.075796,0.0,0.0,0.0
19566,0.00662,-0.002857,-0.064922,0.0,0.0,0.0
20461,-0.000506,0.001532,-0.065791,0.0,0.0,0.0
22694,-0.013038000000000001,-0.010515,-0.066458,0.0,0.0,0.0
22732,0.012851000000000001,-0.010045,-0.064494,0.0,0.0,0.0
21367,-0.008906,-0.011237,-0.069327,0.0,0.0,0.0
21436,0.0070469999999999994,-0.006392,-0.07282,0.0,0.0,0.0
22653,0.00019800000000000002,-0.012718,-0.06560099999999999,0.0,0.0,0.0
20087,-0.002595,-0.004609,-0.06922,0.0,0.0,0.0
22323,0.010180999999999999,0.00902,-0.063996,0.0,0.0,0.0
17576,0.006636,-0.00121,-0.065114,0.0,0.0,0.0
15839,0.01573,-0.009167,-0.069175,0.0,0.0,0.0
22716,0.002251,0.013464,-0.06305,0.0,0.0,0.0
22650,0.006579,0.0052439999999999995,-0.06415900000000001,0.0,0.0,0.0
11107,0.016343,-0.001621,-0.071603,0.0,0.0,0.0
19258,0.013766,-0.00533,-0.065858,0.0,0.0,0.0
21126,0.013847,0.001627,-0.062473999999999995,0.0,0.0,0.0
22644,7.000000000000001e-05,0.0077729999999999995,-0.064212,0.0,0.0,0.0
21505,-0.008466,0.001177,-0.061839,0.0,0.0,0.0
22548,0.011318,0.008997,-0.068885,0.0,0.0,0.0
22616,0.004148,-0.0022229999999999997,-0.063933,0.0,0.0,0.0
21690,0.002176,0.010343,-0.0615,0.0,0.0,0.0
22210,0.007753,0.002009,-0.061917,0.0,0.0,0.0
22159,0.010625,-0.00545,-0.06622199999999999,0.0,0.0,0.0
21478,-0.009867,-0.00766,-0.061509,0.0,0.0,0.0
22652,0.008259,0.006503999999999999,-0.07135999999999999,0.0,0.0,0.0
21699,0.007964,0.008398,-0.066523,0.0,0.0,0.0
22354,0.000162,0.012794,-0.065371,0.0,0.0,0.0
22386,-0.009241,-0.009586,-0.060658000000000004,0.0,0.0,0.0
22726,-0.004893,0.011128,-0.074181,0.0,0.0,0.0
21678,-0.010161,-0.005450999999999999,-0.065012,0.0,0.0,0.0
22180,0.016372,-0.010041,-0.067178,0.0,0.0,0.0
22423,-0.001527,0.010686,-0.055859,0.0,0.0,0.0
21747,0.011181,-0.01292,-0.070868,0.0,0.0,0.0
22812,-0.007337,-0.0008990000000000001,-0.06795,0.0,0.0,0.0
22830,0.015634000000000002,0.00868,-0.065462,0.0,0.0,0.0
22864,0.00714,-0.003731,-0.071713,0.0,0.0,0.0
22580,0.015512,0.002642,-0.062168999999999995,0.0,0.0,0.0
8985,0.005762,0.010345,-0.073957,0.0,0.0,0.0
19747,0.008657999999999999,0.008964999999999999,-0.075594,0.0,0.0,0.0
20724,-0.009577,-0.007241,-0.074255,0.0,0.0,0.0
22294,-0.003756,-0.01002,-0.072368,0.0,0.0,0.0
21973,-0.013928000000000001,0.008311,-0.076683,0.0,0.0,0.0
18557,-0.01309,0.0063869999999999994,-0.066672,0.0,0.0,0.0
22139,-0.003258,0.012432,-0.064999,0.0,0.0,0.0
21702,0.01473,-0.012247999999999998,-0.073377,0.0,0.0,0.0
22333,-0.00073,0.001923,-0.06575,0.0,0.0,0.0
21971,-0.015985,0.007287,-0.074782,0.0,0.0,0.0
21174,0.015867,-0.000395,-0.0761,0.0,0.0,0.0
19424,0.001253,0.000449,-0.07062099999999999,-8.90000000000001e-05,0.00028999999999999995,0.0001679999999999876
22054,-0.004423,0.00225,-0.066875,1.700000000000052e-05,0.00023300000000000013,3.500000000000725e-05
17810,-0.000656,0.009463,-0.073545,-0.0001649999999999999,9.000000000000154e-05,-0.00016199999999999548
21424,-0.001585,-0.007698,-0.062906,0.0002090000000000002,0.00028999999999999946,-0.00014699999999999436
22296,-0.003353,0.012321,-0.070648,-0.0001290000000000002,7.099999999999988e-05,-1.6000000000002124e-05
22926,-0.0016200000000000001,0.010425,-0.061009,-6.999999999999845e-06,0.00011599999999999978,-0.0001820000000000016
11420,-0.009089999999999999,0.006829,-0.067285,4.099999999999937e-05,0.00014899999999999983,-3.100000000000325e-05
22627,0.010414,-0.005129,-0.065233,8.500000000000174e-05,7.999999999999934e-05,-0.00010300000000000586
15610,0.016624,0.010452999999999999,-0.071506,-8.199999999999874e-05,6.100000000000029e-05,-0.0002370000000000011
22736,-0.008943,-0.011994,-0.06488,-2.300000000000045e-05,0.00010399999999999819,-0.00027600000000001235
23180,0.000721,0.009385,-0.061792,3.700000000000003e-05,0.00029000000000000206,-7.700000000000068e-05
22750,-0.003124,-0.006575999999999999,-0.07752500000000001,8.399999999999987e-05,0.00010299999999999979,7.600000000000662e-05
21421,0.014678,0.005466,-0.064676,8.700000000000027e-05,0.0002649999999999996,-0.00014500000000000624
19459,0.006816,-0.002913,-0.069302,0.0002279999999999999,0.00032399999999999964,-4.599999999999049e-05
22472,0.008648999999999999,-0.007645,-0.073928,-2.7999999999998512e-05,0.00010500000000000006,-7.600000000000662e-05
22858,-0.009119,0.009859999999999999,-0.075159,-5.300000000000096e-05,7.500000000000215e-05,-0.00019999999999999185
22955,0.017189,0.009753999999999999,-0.068084,4.099999999999937e-05,5.000000000001531e-06,-0.00019899999999999085
21950,0.010039,0.003959,-0.063659,0.00011800000000000005,0.00026599999999999974,-0.00010999999999999899
22012,0.012861000000000001,0.006713,-0.063695,3.7999999999998105e-05,0.0002649999999999996,-8.199999999999874e-05
21551,0.0011870000000000001,-0.008298,-0.075712,0.00012199999999999971,7.799999999999994e-05,6.1000000000005494e-05
22614,0.001674,0.0065439999999999995,-0.067608,6.000000000000016e-05,0.0003450000000000007,-0.0001340000000000091
22384,0.00215,0.00536,-0.059872,0.00021300000000000008,0.0003649999999999999,0.00010500000000000093
22018,-0.00049,0.011508,-0.06429699999999999,7.0000000000000075e-06,0.00028900000000000106,9.999999999871223e-07
21810,-0.012583,0.011703,-0.066238,3.400000000000104e-05,7.099999999999988e-05,-3.100000000000325e-05
22078,-0.003018,-0.011045,-0.063624,0.0001780000000000002,0.00020799999999999985,-0.00020699999999999885
20899,-0.004439,-0.011396000000000002,-0.069449,3.000000000000398e-06,0.0001570000000000009,4.000000000004e-06
21992,-0.001928,0.009625,-0.07430400000000001,-0.00013999999999999993,0.00018099999999999887,1.2000000000012001e-05
21958,0.004743000000000001,-0.012478,-0.066628,0.00019899999999999952,-4.300000000000137e-05,0.0002470000000000111
16862,-0.006906,-0.000696,-0.062857,7.099999999999988e-05,0.0001339999999999999,8.800000000000474e-05
17752,0.002198,0.000804,-0.067225,-2.9999999999999645e-06,0.00025699999999999985,-2.6999999999999247e-05
22924,0.002799,0.010088,-0.07668000000000001,-0.00014199999999999977,7.500000000000041e-05,-8.099999999998386e-05
22639,0.003414,-0.002698,-0.07596299999999999,-1.999999999999962e-05,0.0002239999999999998,5.3999999999984616e-05
22429,-0.010282,-0.003105,-0.060073,-3.7000000000000574e-05,0.00010099999999999996,-0.00010299999999999893
20540,0.015192,-0.006817,-0.068856,-6.500000000000082e-05,9.900000000000013e-05,4.899999999999349e-05
22800,0.007413,0.000733,-0.061066,0.0002589999999999997,0.000298,-0.00013200000000000017
21700,0.015417,0.004596,-0.063718,0.00010500000000000093,0.00018099999999999974,0.00014200000000000323
23079,0.005621,-0.003041,-0.05849,0.0003039999999999996,0.00020699999999999972,-0.00022099999999999898
23035,-0.001388,-0.0045910000000000005,-0.065122,0.00021699999999999996,0.00020500000000000032,-0.00016500000000001236
20163,0.000211,-0.008551999999999999,-0.075759,5.500000000000001e-05,0.00016199999999999895,-2.2999999999995246e-05
22962,0.004714,0.00464,-0.059275,0.00016400000000000008,0.00031400000000000004,9.000000000002062e-06
22936,0.0018009999999999999,-0.011771,-0.06453,4.500000000000012e-05,0.00018800000000000067,-0.00010699999999999599
22235,-0.005473,-0.011689,-0.071999,2.7000000000000114e-05,0.00025699999999999855,0.0001759999999999956
22107,0.01602,-0.008556,-0.064983,0.00012799999999999964,0.00021000000000000012,-8.900000000000574e-05
22446,0.006069,-0.012119999999999999,-0.072449,7.200000000000002e-05,2.7999999999998512e-05,9.000000000000674e-05
16532,0.01573,0.007925,-0.065324,-8.100000000000121e-05,0.0001849999999999994,0.00015500000000000236
21795,-0.008747,0.010471999999999999,-0.063462,-1.899999999999992e-05,0.00022300000000000098,-0.0002380000000000021
20515,-0.004888,-0.010445,-0.06767100000000001,0.0002669999999999999,0.0003060000000000007,-0.00016299999999999648
21955,-0.013816,0.009739000000000001,-0.073669,5.400000000000023e-05,0.0001239999999999991,-1.6000000000002124e-05
21086,0.015151999999999999,-0.01043,-0.067891,8.6000000000001e-05,0.00010800000000000046,-8.799999999999086e-05
22725,0.009476,-0.003165,-0.062049,0.0002749999999999992,0.0003439999999999997,-0.000338999999999999
19515,-0.014005,0.003565,-0.065508,3.7000000000000574e-05,0.00022699999999999977,0.00013599999999999723
23007,-0.001439,-0.004441,-0.076902,3.199999999999991e-05,8.3999999999999e-05,0.00017400000000000748
22499,-0.006964000000000001,0.010031,-0.0603,-1.999999999999398e-06,0.00029900000000000065,-0.00015199999999999936
18756,0.007195,0.001789,-0.069444,0.0001810000000000006,0.00019900000000000018,-0.00019099999999999673
22685,0.001092,-0.005138,-0.06601800000000001,0.00010500000000000006,0.0002970000000000004,-7.399999999999074e-05
20398,-0.00912,0.00023300000000000003,-0.063963,4.999999999999796e-06,0.000259,5.7000000000001494e-05
22967,-0.013267,-0.007828,-0.065565,-4.200000000000037e-05,6.300000000000056e-05,-0.00010300000000000586
15187,-0.005307,0.008791,-0.073637,-8.399999999999987e-05,0.00014599999999999856,-0.00017500000000000848
21664,-0.014476000000000001,0.008037,-0.07186100000000001,-7.000000000000062e-06,6.299999999999882e-05,-6.899999999999962e-05
22755,-0.013375,0.009307000000000001,-0.07093200000000001,9.49999999999996e-05,6.399999999999982e-05,-8.099999999999774e-05
20554,-0.00939,0.01322,-0.066246,2.700000000000098e-05,9.39999999999986e-05,1.2999999999999123e-05
21201,0.015437,0.012252,-0.07102599999999999,-7.399999999999941e-05,-5.000000000000143e-05,-0.0001870000000000066
22881,-0.007638,0.007331000000000001,-0.074924,-2.1000000000000185e-05,5.1999999999999096e-05,4.500000000000337e-05
22066,-0.006163999999999999,0.008807,-0.06843300000000001,6.299999999999969e-05,9.699999999999986e-05,-0.00022199999999999998
22044,-0.008605,0.004992,-0.060295,0.0001360000000000007,0.00026900000000000014,0.00018800000000000067
21667,0.013534000000000001,0.010161,-0.070638,-2.3000000000002185e-05,-0.0001020000000000014,-5.3999999999984616e-05
23026,0.002411,0.0015309999999999998,-0.063595,0.0002639999999999999,0.0003390000000000003,-0.00010699999999999599
22699,-0.007148,0.012995,-0.063662,-0.00012900000000000064,0.00027000000000000114,-7.000000000007001e-06
22803,0.008127,-0.008079000000000001,-0.062256,9.099999999999907e-05,0.00019500000000000073,-1.8000000000004124e-05
23057,-0.009604,-0.008587999999999998,-0.074999,6.899999999999962e-05,5.2999999999997494e-05,-0.00016700000000000048
23091,0.015612000000000001,0.011291,-0.07348600000000001,-0.00016000000000000042,-0.000308000000000001,-6.699999999998374e-05
23116,-0.01116,-0.009481,-0.060323,8.99999999999998e-05,9.999999999999593e-06,-0.0003160000000000038
23179,-0.012897,-0.001678,-0.072935,-7.799999999999994e-05,0.0001119999999999999,-6.699999999999762e-05
11523,-0.007194,-0.0025470000000000002,-0.065286,5.3000000000000096e-05,0.0003020000000000002,-6.499999999999562e-05
22327,-0.006844,-0.006731,-0.06669599999999999,0.00019800000000000026,0.0002989999999999998,0.00012799999999998923
22320,-0.011554,-0.011459,-0.07417499999999999,-0.00011200000000000099,0.00011800000000000178,1.8999999999991246e-05
21235,-0.00128,0.006455,-0.067974,-1.5999999999999955e-05,0.0003129999999999999,1.0000000000010001e-05
22215,-0.015237,-0.009803000000000001,-0.071991,8.99999999999998e-05,0.0002210000000000007,-3.700000000000925e-05
22004,0.0036160000000000003,0.007424,-0.065337,2.099999999999975e-05,0.0002989999999999998,-4.999999999991123e-06
23435,-0.0039180000000000005,0.0055839999999999996,-0.07263800000000001,7.200000000000045e-05,0.00014200000000000063,-2.1999999999994246e-05
21646,-0.002983,0.012333,-0.068309,-0.00012000000000000031,0.00019500000000000073,-3.0000000000002247e-05
17118,-0.009124,0.009828,-0.067849,0.00010000000000000113,0.00010499999999999919,-0.0001749999999999946
23004,0.002581,-0.002408,-0.062304000000000005,0.00022199999999999998,0.00020899999999999998,-1.8999999999998185e-05
21956,0.015553,0.009175,-0.071045,5.299999999999923e-05,-4.000000000002266e-06,-0.00027000000000000635
22921,0.004679,0.0042380000000000004,-0.062931,9.60000000000006e-05,0.0002619999999999992,-7.300000000000362e-05
23226,0.0016970000000000002,-0.011628,-0.06939000000000001,0.00016199999999999982,0.00011299999999999852,-0.0003889999999999866
16705,0.012809,-0.006836,-0.06859900000000001,-1.9999999999999185e-05,0.00013500000000000057,2.8000000000014125e-05
22404,0.002412,-0.010037,-0.076614,0.00011599999999999978,-4.49999999999999e-05,5.0000000000050004e-06
21067,-0.007095,0.000615,-0.07173600000000001,0.00010999999999999985,1.9000000000000028e-05,2.6000000000012125e-05
23261,0.009947,-0.00873,-0.0593,0.00018800000000000067,0.00031400000000000004,7.599999999999968e-05
22947,-0.013409,0.0018549999999999999,-0.077048,2.6000000000001716e-05,2.099999999999997e-05,-3.799999999999637e-05
23236,-0.005011,-0.002286,-0.075382,-7.000000000000062e-05,0.00010899999999999972,1.1999999999998123e-05
22975,0.015885,-0.010276,-0.07131900000000001,-5.999999999999062e-06,0.00014199999999999977,4.700000000000537e-05
21104,0.011597,-0.005105,-0.06267199999999999,9.70000000000016e-05,0.00016299999999999995,5.6999999999987616e-05
23256,0.004122,0.012379,-0.07190600000000001,-0.00013100000000000004,0.00011400000000000125,-0.00011599999999999111
20080,0.005925,0.012861000000000001,-0.06700300000000001,-4.99999999999997e-05,0.0001510000000000001,-6.399999999998074e-05
23341,0.00671,-0.00791,-0.060526,0.0001590000000000003,0.00026700000000000074,-0.0003239999999999979
22414,-0.010715,-0.003527,-0.075584,2.5000000000000716e-05,-8.5e-05,-7.700000000000762e-05
22409,0.00135,0.012288,-0.063387,-5.100000000000005e-05,0.00026500000000000135,-8.700000000000374e-05
22667,-0.001693,-0.005368,-0.072863,5.999999999999929e-06,0.00013900000000000023,-3.100000000000325e-05
12971,-0.004485,0.012801,-0.066677,-8.099999999999948e-05,0.00019800000000000026,1.7999999999990246e-05
22949,0.003225,0.012313000000000001,-0.065278,1.9000000000000353e-05,0.000279999999999999,3.100000000000325e-05
23225,-0.011327,-0.009948,-0.062577,-4.4000000000000636e-05,0.00019899999999999952,-8.199999999999874e-05
20167,0.017794,0.00396,-0.06852899999999999,5.199999999999996e-05,8.000000000000021e-05,-3.700000000000925e-05
20302,0.013465999999999999,0.010249000000000001,-0.066726,-0.00010600000000000019,5.099999999999896e-05,-0.00014900000000001024
22954,0.006633,0.006854,-0.06417300000000001,0.00016199999999999982,0.0003020000000000002,0.00010500000000000786
23303,0.000342,-0.0068070000000000006,-0.061487,0.00014599999999999997,0.00013700000000000084,-0.00012000000000000205
23327,0.009607,0.009982,-0.06395300000000001,8.900000000000054e-05,0.00022699999999999977,1.7000000000003124e-05
21811,0.000716,0.013028,-0.062598,-9.8e-05,0.00022900000000000004,-0.00010300000000000586
15439,0.0027029999999999997,0.0033490000000000004,-0.07392900000000001,1.1000000000000159e-05,5.999999999999929e-05,-0.00024399999999999422
23222,-0.001054,-0.004949,-0.060049,6.7e-05,0.00016099999999999969,-3.200000000000425e-05
19106,0.010945,0.009227,-0.06895799999999999,5.599999999999876e-05,0.00010899999999999972,-0.000129000000000018
19490,-0.009476,0.009109,-0.06478400000000001,-4.900000000000043e-05,0.0001289999999999989,-7.499999999999174e-05
21422,-0.004490999999999999,-0.009939,-0.061492,8.5e-05,0.00015199999999999936,-4.799999999999943e-05
23325,-0.005078,-0.009071,-0.065433,0.00017900000000000034,0.00021799999999999944,-5.2999999999997494e-05
20086,0.008945999999999999,-0.0026230000000000003,-0.076465,3.500000000000031e-05,9.000000000000024e-05,-9.399999999999686e-05
12062,0.001178,0.0021219999999999998,-0.074797,0.0001020000000000001,3.300000000000004e-05,-0.00016800000000000148
19790,0.013914999999999999,-0.006186,-0.06657099999999999,9.500000000000133e-05,7.599999999999968e-05,-2.8000000000014125e-05
23246,0.004886,-0.010349,-0.068946,0.0001559999999999999,3.799999999999984e-05,0.00018899999999999473
22095,0.011792,-0.01248,-0.067356,0.00013699999999999997,-4.49999999999999e-05,6.999999999993123e-06
20170,-0.014405,-0.004668,-0.066875,7.000000000000062e-06,0.00026599999999999974,2.6999999999999247e-05
18826,-0.0052699999999999995,0.010180999999999999,-0.071978,-9.200000000000094e-05,0.0001480000000000023,-5.6000000000000494e-05
18101,-0.006006999999999999,0.012357,-0.065262,2.1999999999998583e-05,0.00021000000000000012,0.00011600000000000499
18834,0.0039310000000000005,-0.008241,-0.074973,6.799999999999948e-05,0.00011500000000000052,-3.0000000000002247e-05
22951,0.001903,0.011991,-0.074635,-0.00021300000000000008,1.6999999999999654e-05,-0.00014699999999999436
20677,-0.009736,0.008835,-0.067383,0.0001260000000000011,0.00010199999999999793,-0.00013699999999999823
22957,0.000406,-0.002012,-0.07561799999999999,1.8000000000000004e-05,0.000129,-1.4000000000014001e-05
23270,-0.00638,-0.004115000000000001,-0.075559,0.0001260000000000011,0.00013800000000000097,6.20000000000065e-05
22929,-0.0029980000000000002,0.009056,-0.065249,4.000000000000097e-06,0.0003420000000000003,-0.00015199999999999936
21115,-0.006993999999999999,0.012955,-0.067345,-4.7000000000001034e-05,0.00019000000000000093,-3.100000000000325e-05
21754,-0.009051,-0.008832000000000001,-0.064441,0.0002199999999999997,8.99999999999998e-05,-2.8000000000000247e-05
21682,0.015307000000000001,0.00405,-0.07077800000000001,6.0999999999998555e-05,0.00016699999999999961,-0.00014399999999999136
23043,0.002696,-0.000213,-0.061469,0.0001439999999999996,0.000276,-8.39999999999938e-05
18270,0.01097,0.010297,-0.073852,-0.00016599999999999948,1.799999999999892e-05,-0.0002239999999999881
23273,0.000244,0.003633,-0.074928,0.00010999999999999999,2.599999999999998e-05,-0.0004050000000000026
23124,0.011549,-0.010917,-0.065723,0.000168999999999999,6.199999999999956e-05,6.0000000000004494e-05
23324,-0.007909,0.002552,-0.060366,1.9999999999999185e-05,0.0002890000000000002,-1.0999999999997123e-05
23328,-0.005391,-0.0068520000000000005,-0.057968000000000006,3.899999999999997e-05,0.00014400000000000003,-0.00010699999999999599
23347,0.014794,-0.012757999999999999,-0.0687,0.0001399999999999995,0.00010299999999999893,3.400000000000625e-05
22690,-0.006941,-0.000734,-0.064314,7.500000000000041e-05,0.00012799999999999997,0.0001699999999999896
23080,0.010960000000000001,-0.007351,-0.065571,3.999999999999837e-05,-1.4999999999999389e-05,6.399999999999462e-05
23125,0.015764,-0.013124,-0.068386,0.00012799999999999964,0.0001010000000000004,2.4000000000010124e-05
23467,0.001229,-0.006157,-0.070733,0.0002180000000000001,0.0001730000000000004,9.499999999999786e-05
18906,0.012783,-0.01116,-0.064107,0.0003210000000000001,0.00016900000000000075,-2.6999999999999247e-05
22132,0.018312000000000002,-0.004912,-0.067925,-4.000000000000184e-05,8.799999999999954e-05,2.000000000002e-06
19093,-0.004492,0.002133,-0.063107,5.7000000000000627e-05,0.00028800000000000006,0.00012899999999999023
9660,0.005995,0.0041719999999999995,-0.071039,3.2999999999999176e-05,8.200000000000048e-05,-7.599999999999274e-05
20715,-0.005051,-0.003942,-0.06873,5.999999999999929e-06,0.00024200000000000003,-0.00010300000000000586
17947,-0.001693,0.008584,-0.070063,-6.199999999999977e-05,0.0002409999999999999,-0.00010200000000000486
22937,-0.005926,-0.003835,-0.066861,7.999999999999934e-05,0.00017399999999999968,-6.999999999993123e-06
20790,0.00421,-0.00907,-0.067468,0.00027699999999999947,0.00019399999999999973,-0.00016499999999999848
18110,-0.012993000000000001,-0.003645,-0.070087,4.200000000000037e-05,3.999999999999967e-05,0.00018499999999999073
23464,-0.003169,-0.0024140000000000003,-0.064004,7.200000000000002e-05,0.0001500000000000004,-0.00016199999999999548
15877,-0.011117,-0.006416000000000001,-0.068711,0.00012099999999999958,0.0001490000000000007,-3.200000000000425e-05
21659,0.009813,0.010893,-0.071534,-0.0002030000000000018,-7.200000000000088e-05,-0.00026099999999999735
21661,-0.012971,0.012202999999999999,-0.07246899999999999,8.000000000001062e-06,-1.9999999999985307e-06,-4.900000000000737e-05
22778,0.005843,-0.002353,-0.064984,1.700000000000052e-05,0.00031400000000000004,-0.0003530000000000061
18866,0.014001,-0.009629,-0.067604,0.0001510000000000001,-1.2999999999999123e-05,-9.000000000000674e-05
20298,0.014424,0.000275,-0.066947,1.000000000001e-06,0.00020399999999999997,-5.7999999999988616e-05
21697,-0.009786,0.004636,-0.06863899999999999,0.00017799999999999934,0.0001239999999999991,-0.00011300000000000199
21695,-0.014368,-0.008888,-0.07221899999999999,8.299999999999974e-05,4.4000000000000636e-05,-5.600000000001437e-05
23078,0.013359999999999999,-0.00281,-0.063749,7.600000000000141e-05,0.00013600000000000027,5.8000000000002494e-05
22338,-0.011517,0.009863,-0.069867,3.5999999999999574e-05,5.099999999999896e-05,2.0000000000006124e-05
21964,0.0025659999999999997,-0.000575,-0.063829,0.00014100000000000007,0.00025299999999999997,3.0000000000030003e-06
22974,-0.011603,0.0037519999999999997,-0.066766,0.0002599999999999998,0.0003410000000000006,6.80000000000125e-05
22029,-0.002383,0.005492,-0.075176,-8.300000000000017e-05,7.599999999999968e-05,-0.00020199999999999385
18753,0.010256,-0.003234,-0.071019,-0.00010800000000000046,9.500000000000003e-05,-1.2000000000012001e-05
18433,0.001063,0.00807,-0.07212099999999999,-6.499999999999995e-05,0.00013599999999999897,-5.200000000001037e-05
22374,-0.008421,0.007698,-0.06318,-2.599999999999998e-05,0.00029299999999999986,-1.1999999999998123e-05
22719,-0.003375,-0.002714,-0.064697,1.1000000000000159e-05,0.00012499999999999968,-7.299999999998974e-05
23050,-0.001874,-0.010855,-0.063049,0.00010900000000000016,0.00012799999999999964,-0.00022100000000001285
23000,0.00040699999999999997,-0.010942,-0.061005000000000004,2.500000000000001e-05,0.0003010000000000009,-0.0004390000000000019
23258,0.017013,0.002395,-0.06641899999999999,0.00013000000000000164,0.00013600000000000027,2.3999999999996247e-05
21847,0.001123,-0.012952,-0.064994,0.00031999999999999997,6.900000000000135e-05,-0.00033600000000000296
22673,0.014171,-0.002033,-0.06498000000000001,7.100000000000162e-05,0.00011800000000000005,3.800000000001025e-05
10413,0.004005,0.009748,-0.07171599999999999,-8.100000000000034e-05,9.599999999999886e-05,-5.800000000001637e-05
23365,0.011996,0.009702,-0.0621,9.000000000000327e-06,0.00027599999999999847,0.00011800000000000005
22396,0.011781,0.0036669999999999997,-0.063086,0.00012299999999999985,0.0003510000000000002,-0.00015799999999999148
23449,-0.015795,0.0011610000000000001,-0.076144,-7.000000000000062e-05,7.099999999999988e-05,-1.2999999999999123e-05
23432,0.0033090000000000003,-0.0051210000000000006,-0.066876,3.600000000000001e-05,0.0002630000000000011,-0.0001709999999999906
22916,0.007489,-2.5e-05,-0.075514,1.0999999999999725e-05,5.3e-05,-0.0002370000000000011
21399,-0.006934999999999999,0.009537,-0.068443,6.499999999999909e-05,0.00018199999999999987,-6.199999999999262e-05
23259,-0.008631,0.0037589999999999998,-0.067684,0.00010800000000000046,0.00022800000000000034,5.7000000000001494e-05
23389,0.013011,0.0011359999999999999,-0.064629,0.00017400000000000054,0.00016300000000000017,-0.00012299999999998423
21658,0.016364,-0.006729,-0.072503,5.8999999999996555e-05,0.0001399999999999995,-8.500000000000174e-05
23269,0.015177,0.011209,-0.067851,-6.399999999999982e-05,-9.099999999999907e-05,-5.000000000000837e-05
21902,0.017672999999999998,-0.00751,-0.074859,-7.899999999999574e-05,0.00011400000000000039,-6.0000000000004494e-05
22406,-0.014564,-0.0035499999999999998,-0.067143,-4.49999999999999e-05,0.0002209999999999994,-3.1000000000017125e-05
23498,-0.011949,0.012414,-0.07191299999999999,-1.5000000000001124e-05,-8.499999999999827e-05,6.0999999999991616e-05
22211,0.01498,-0.012699,-0.065508,0.00021299999999999965,0.00018699999999999967,0.00011999999999999511
23056,-0.009129,0.005444,-0.073976,1.899999999999992e-05,5.3000000000000096e-05,6.499999999999562e-05
21691,0.0009469999999999999,0.007017000000000001,-0.06962099999999999,0.00011200000000000012,0.0002559999999999993,-0.00012200000000001099
22079,0.008586,0.0034980000000000002,-0.073842,2.8000000000000247e-05,0.0001709999999999997,-0.00016099999999999448
22758,-0.003232,0.004763,-0.07209900000000001,2.1000000000000185e-05,0.0001319999999999993,4.000000000017878e-06
23016,-0.008499000000000001,-0.004515,-0.07255299999999999,6.200000000000129e-05,0.00016899999999999988,0.00011899999999999411
21714,-0.004227000000000001,0.002034,-0.065451,9.500000000000133e-05,0.0002670000000000003,0.00014799999999999536
23233,0.003471,0.004378999999999999,-0.060899999999999996,0.00011800000000000005,0.00025100000000000035,-9.000000000002062e-06
21035,-0.009429,0.012539,-0.065906,7.300000000000015e-05,0.00016099999999999969,-0.00010599999999999499
22991,-0.0034,-0.009432000000000001,-0.06756100000000001,0.00015599999999999946,0.00026100000000000255,-0.00018199999999998773
22633,0.00067,-0.006352,-0.06274199999999999,0.0002620000000000001,0.00022900000000000004,-9.699999999999986e-05
19468,-0.000869,0.007975,-0.06865600000000001,-6.700000000000011e-05,0.0002320000000000013,-0.00018999999999999573
19820,-0.006689,-0.005771,-0.06893600000000001,-1.700000000000052e-05,0.00013400000000000044,-0.00018599999999999173
22682,0.007273,-0.002746,-0.075203,-7.499999999999955e-05,8.200000000000004e-05,-3.099999999998937e-05
9183,0.009210000000000001,0.007679999999999999,-0.06933199999999999,-3.500000000000031e-05,0.0001420000000000015,-0.00017100000000000448
22718,-0.007885,-0.000332,-0.06657099999999999,7.699999999999981e-05,0.00016499999999999997,9.399999999998299e-05
23235,-0.003144,-0.000245,-0.07212099999999999,0.0002390000000000005,0.000177,-2.6000000000012125e-05
23354,-0.010058999999999998,-0.0077009999999999995,-0.061846,0.00012199999999999885,0.0002349999999999991,-0.00013300000000000117
22385,-0.0021669999999999997,-0.008493,-0.063249,0.00016299999999999952,0.00019400000000000146,-7.999999999999674e-05
21491,-0.004269,-0.0014479999999999999,-0.065857,0.00020199999999999992,0.00024299999999999973,9.099999999999386e-05
22807,-0.012792,0.010343999999999999,-0.064961,7.699999999999894e-05,6.700000000000109e-05,-6.399999999999462e-05
16490,-0.009112,0.01134,-0.06634699999999999,8.700000000000027e-05,0.000197000000000001,-0.0001310000000000061
22415,-0.004763,0.012621,-0.061499000000000005,-6.000000000000016e-05,0.00022699999999999977,6.0000000000060005e-06
21455,-0.004435,-0.002653,-0.061817,0.00027199999999999967,0.00010800000000000002,-0.00010000000000000286
16815,0.008232,0.007194,-0.06268,-4.699999999999843e-05,0.00015300000000000036,8.000000000008e-06
23203,-0.005509,0.003762,-0.073324,4.6000000000000034e-05,6.599999999999965e-05,1.5999999999988246e-05
19761,-0.003644,0.010333,-0.064808,-2.999999999999531e-06,0.00024799999999999996,-0.00010499999999999399
20112,-0.01271,0.001261,-0.068998,0.0002210000000000007,0.00019099999999999998,-9.999999999871223e-07
18515,0.015682,0.005395,-0.07202299999999999,-5.400000000000196e-05,0.00014800000000000056,-0.00019900000000000473
19417,0.005596,0.00041799999999999997,-0.072351,4.099999999999937e-05,0.000317,-0.0001350000000000101
23351,0.013921,0.003357,-0.064687,0.0001770000000000018,0.00021699999999999975,-0.00011700000000000599
22748,0.001685,-0.009210000000000001,-0.07513,0.00014399999999999981,0.00018000000000000134,-2.0999999999993246e-05
23264,-0.003778,-0.008622,-0.06765,0.000219,0.0003009999999999992,-7.100000000000162e-05
22324,0.00895,-0.0031190000000000002,-0.065414,0.00023399999999999983,0.00013900000000000023,-0.0002999999999999947
22086,0.005115000000000001,-0.001814,-0.064283,0.00010499999999999919,0.00029100000000000024,-0.00013899999999998636
20520,-0.004234,-0.007313,-0.067255,0.0001479999999999997,0.0002450000000000004,-9.800000000000086e-05
20737,-0.012138,0.005841,-0.06493600000000001,0.00017799999999999934,0.00016099999999999969,8.900000000001962e-05
23005,-0.003022,0.0012649999999999998,-0.060476999999999996,8.999999999999894e-06,0.00022500000000000016,-0.00014000000000000123
23064,-0.005841,0.006658000000000001,-0.063091,6.599999999999922e-05,0.00031099999999999964,-0.00010300000000000586
23227,0.0065899999999999995,-0.010718,-0.06725700000000001,0.0003240000000000005,0.00017900000000000034,3.900000000001125e-05
22367,-0.0037530000000000003,0.006214000000000001,-0.077195,-0.00012199999999999971,1.7999999999999787e-05,-0.0001900000000000096
22680,0.014832000000000001,0.006574,-0.064179,8.2999999999998e-05,0.00016100000000000055,3.499999999999337e-05
22618,-0.002941,0.003964,-0.073531,8.399999999999987e-05,0.00019000000000000006,-2.1999999999994246e-05
23331,0.012702999999999999,0.00509,-0.076281,-0.0001339999999999987,0.00011899999999999931,-3.699999999999537e-05
13081,0.007005,0.009471,-0.074828,-0.00013699999999999997,6.499999999999909e-05,-0.00019299999999999873
19960,-0.0075179999999999995,0.010447,-0.067041,-6.800000000000122e-05,0.00021700000000000018,-8.299999999998586e-05
23363,0.012422,0.000348,-0.076729,-0.0001320000000000019,8.100000000000002e-05,-5.5999999999986616e-05
18897,-0.005482,0.012542999999999999,-0.066411,-4.700000000000017e-05,0.00022300000000000098,-7.999999999999674e-05
22920,-0.00644,-0.009669,-0.070248,0.00022000000000000058,0.00013699999999999997,-7.899999999999574e-05
22744,-0.0028380000000000002,0.009227,-0.074437,-8.799999999999997e-05,9.099999999999907e-05,-5.4999999999999494e-05
21034,-0.0020299999999999997,0.007737,-0.062858,7.899999999999964e-05,0.0002569999999999994,-2.5999999999998247e-05
21041,-0.007499,0.006897,-0.063925,-1.1000000000000593e-05,0.0002509999999999995,4.099999999999937e-05
23204,-0.003453,0.003884,-0.068163,9.199999999999963e-05,8.699999999999984e-05,5.400000000001237e-05
22987,-0.008436,0.00015099999999999998,-0.06131,-6.699999999999935e-05,0.000292,3.500000000000725e-05
16548,0.005843,-0.009245,-0.067314,0.0002409999999999999,5.099999999999896e-05,-0.00014599999999999336
20188,-0.015209,-0.004694,-0.07163800000000001,9.999999999992654e-07,0.00012099999999999958,6.899999999999962e-05
23262,-0.003229,0.008532,-0.06553,3.300000000000004e-05,0.0003620000000000012,-6.199999999999262e-05
19438,-0.003216,0.011314999999999999,-0.07416299999999999,-0.0002149999999999999,-4.29999999999979e-05,-4.800000000000637e-05
23234,0.004129,-0.011364,-0.068732,0.00011700000000000078,6.100000000000029e-05,0.00015099999999999836
23232,-0.010156,0.0041470000000000005,-0.075724,9.800000000000086e-05,0.00010299999999999979,3.299999999999137e-05
23036,-0.009011,-0.010288,-0.062183,4.39999999999989e-05,0.0001860000000000004,-7.599999999999968e-05
19946,-0.013753999999999999,0.003976,-0.065993,-1.0000000000001327e-05,0.0002249999999999995,-1.000000000001e-06
19436,0.012766,0.012133,-0.067914,-0.0001910000000000002,0.00018899999999999993,-0.0002929999999999877
21952,0.002891,0.008698000000000001,-0.066387,8.999999999999894e-06,0.00024199999999999916,-6.499999999999562e-05
21785,0.016379,-0.005095,-0.06633,0.00010599999999999846,0.00014599999999999943,-6.30000000000075e-05
10129,0.014682,-0.004673,-0.07331900000000001,-1.700000000000139e-05,0.00011300000000000025,-9.999999999998899e-05
22703,-0.015888,0.005697,-0.071212,5.999999999999062e-06,4.900000000000043e-05,2.599999999998437e-05
20784,-0.0067859999999999995,0.011254,-0.07485800000000001,-6.100000000000116e-05,0.00017800000000000107,-0.00015099999999999836
23353,0.006549999999999999,-0.008531,-0.062529,2.2000000000000318e-05,9.60000000000006e-05,-0.00027599999999999847
22729,0.014185,-0.009525,-0.064393,9.60000000000006e-05,8.99999999999998e-05,5.500000000001337e-05
20264,-0.0058,-0.00994,-0.073416,5.999999999999929e-06,0.00017299999999999954,-0.00016500000000001236
22821,0.01693,-0.008943,-0.06618600000000001,6.699999999999762e-05,6.899999999999962e-05,8.000000000008e-06
21090,-6.2e-05,0.006485,-0.072343,-2.799999999999999e-05,0.0001719999999999994,-0.00013799999999998536
21144,0.00468,-0.003509,-0.06934,0.00012399999999999998,0.00028800000000000006,-0.00020200000000000773
19851,0.004386999999999999,-0.007006999999999999,-0.072687,9.400000000000033e-05,5.099999999999896e-05,-0.00010300000000000586
21996,0.006801,-0.008643000000000001,-0.066385,4.200000000000037e-05,5.000000000000143e-05,-1.7000000000003124e-05
9995,7.4e-05,0.002712,-0.0731,0.000119,0.00017199999999999984,-6.299999999999362e-05
23209,0.002917,0.007859,-0.063885,3.000000000000008e-05,0.00028100000000000173,-4.899999999999349e-05
22322,0.010665,-0.0017410000000000001,-0.070002,0.00020400000000000106,0.00017500000000000003,-0.00015000000000001124
21049,-0.010183,0.001557,-0.065598,0.00017599999999999907,0.00027500000000000007,-0.00011199999999998711
10462,0.013106,0.00101,-0.07219400000000001,7.500000000000041e-05,0.00013199999999999996,-0.00014399999999999136
23247,-0.012802,-0.0009220000000000001,-0.07141,3.699999999999884e-05,0.00014900000000000004,-7.799999999999474e-05
17413,-0.011183,0.002779,-0.07168300000000001,0.00012800000000000138,3.9000000000000406e-05,-6.199999999999262e-05
22979,-0.0005620000000000001,0.0035830000000000002,-0.07354999999999999,6.900000000000016e-05,0.000134,-7.500000000000562e-05
20104,0.012327999999999999,0.004878,-0.066683,2.5000000000000716e-05,0.00021299999999999965,-5.2999999999997494e-05
23284,-0.001804,-0.012706,-0.067096,0.00018099999999999995,0.00013800000000000097,-0.00020799999999999985
23224,0.0043040000000000005,-0.012063,-0.066202,0.00014599999999999943,7.0000000000017965e-06,7.399999999999074e-05
22634,-0.009867,0.006759,-0.065926,8.200000000000048e-05,0.0001479999999999997,-0.00012099999999999611
21032,0.0068390000000000005,0.009921,-0.070438,-0.00014200000000000063,0.00013699999999999997,-0.00017000000000000348
21758,0.012003,0.011184,-0.073232,-0.00011099999999999999,4.799999999999943e-05,-0.00026699999999998947
22665,-0.01466,0.00225,-0.073764,0.00012799999999999964,0.00013200000000000017,-6.0000000000004494e-05
22922,0.001082,0.002521,-0.07084399999999999,7.099999999999988e-05,0.0002620000000000001,-6.80000000000125e-05
22445,0.007123999999999999,0.004894,-0.066403,0.00020600000000000045,0.00034599999999999995,-3.0000000000002247e-05
22622,-0.001683,-0.003447,-0.06337,0.00011499999999999987,0.00028699999999999993,-0.00010400000000000686
21391,0.003385,0.009474,-0.071857,-5.199999999999996e-05,7.700000000000068e-05,-0.00010699999999999599
22366,0.013634,-0.002545,-0.074254,-0.00010600000000000019,7.399999999999985e-05,-1.2999999999999123e-05
19099,0.015018,-0.008362999999999999,-0.072088,-4.700000000000017e-05,0.00011899999999999931,-7.799999999999474e-05
21172,0.010176000000000001,-0.003549,-0.063458,9.79999999999974e-05,5.3999999999999795e-05,-0.0001290000000000041
20788,-0.002879,-0.000536,-0.074891,6.700000000000022e-05,0.00013299999999999998,7.300000000000362e-05
22419,-0.0011220000000000002,7.7e-05,-0.065036,5.5000000000000144e-05,0.00021099999999999995,6.199999999999262e-05
23237,-0.007029,-0.005889,-0.068513,-6.0000000000001025e-05,0.00019099999999999933,2.6999999999999247e-05
20838,-0.008787000000000001,0.006528,-0.072875,1.8000000000000654e-05,1.0999999999999725e-05,-0.00015800000000000536
23219,0.011179999999999999,0.0023279999999999998,-0.064593,0.00017300000000000128,0.0001740000000000001,-0.00010300000000000586
19746,-0.001905,0.0006929999999999999,-0.074303,9.299999999999998e-05,0.00015800000000000005,-0.00012000000000000899
18078,-0.00839,-0.006685,-0.068413,3.199999999999904e-05,0.00021600000000000005,7.800000000000862e-05
22754,0.00549,-0.0073490000000000005,-0.071382,0.00020500000000000032,0.0001410000000000005,-4.400000000000237e-05
20484,-0.0016359999999999999,0.010205,-0.065785,2.3999999999999716e-05,0.00024900000000000096,-0.0001360000000000111
19094,-0.01108,0.008288,-0.063065,3.299999999999831e-05,0.00026500000000000135,-3.699999999999537e-05
22060,-0.009703,-0.002186,-0.061776000000000005,-7.699999999999894e-05,0.0002849999999999999,-7.599999999999274e-05
21352,-0.005059999999999999,0.004214000000000001,-0.06938,0.0001319999999999993,0.0001549999999999989,-7.600000000000662e-05
22915,-0.012383,0.006498,-0.072552,-2.300000000000045e-05,6.600000000000009e-05,-8.999999999995123e-06
22305,0.00468,0.003932,-0.065801,0.00012700000000000038,0.0003430000000000004,-8.299999999999974e-05
22940,0.003283,-0.008298,-0.063854,0.00023499999999999997,0.00016699999999999875,-0.00029600000000001847
19172,0.010475,0.007427,-0.06402,-2.8999999999999512e-05,0.00020500000000000032,-1.3000000000013001e-05
11773,0.006601,0.011589,-0.07127700000000001,-0.0001749999999999998,7.499999999999868e-05,-0.00013699999999999823
22656,-0.0023580000000000003,-0.007049000000000001,-0.064968,0.00010800000000000046,0.00020300000000000092,-0.00020200000000000773
21180,-0.013352000000000001,-0.011356,-0.0692,7.400000000000115e-05,0.0002349999999999991,-7.500000000000562e-05
22410,-0.00445,-0.00518,-0.059156999999999994,4.4000000000000636e-05,0.0001330000000000003,-0.0002110000000000098
20981,0.015124,-0.003512,-0.07470600000000001,-0.00015399999999999962,8.399999999999987e-05,-0.00012799999999998923
19480,-0.015677,-0.008907,-0.07284399999999999,1.9000000000001654e-05,0.00015900000000000115,-0.00015800000000000536
22426,-0.014753,0.008173999999999999,-0.075961,-9.800000000000086e-05,3.900000000000084e-05,-2.5999999999998247e-05
22120,-0.0009379999999999999,-0.0014190000000000001,-0.060801,0.00016699999999999994,0.00016200000000000025,-5.099999999999549e-05
20782,-0.003285,0.010308999999999999,-0.071449,-6.699999999999979e-05,0.00012800000000000138,-0.0001719999999999916
23210,0.006847000000000001,-0.009263,-0.063734,-2.600000000000085e-05,0.0001310000000000009,5.0000000000050004e-06
10082,0.008286,0.010981,-0.070446,-0.00016000000000000042,-4.4000000000000636e-05,-0.00015099999999999836
21494,-0.003305,-0.00323,-0.071282,0.0001460000000000003,0.0002669999999999999,7.599999999999274e-05
23316,0.005539,-0.009047000000000001,-0.071518,0.00013700000000000084,4.300000000000137e-05,-0.00014499999999999236
17666,0.013604,-0.007392,-0.068005,-1.4000000000000123e-05,8.600000000000014e-05,5.7000000000001494e-05
21735,-0.013276,0.0042190000000000005,-0.06775,2.3999999999999716e-05,0.0001429999999999999,-3.799999999999637e-05
22658,0.001003,-0.0021000000000000003,-0.075745,1.299999999999999e-05,0.0001280000000000005,6.60000000000105e-05
23213,-0.007652,-0.002419,-0.064525,5.3000000000000096e-05,0.00018400000000000014,8.400000000000074e-05
22741,-0.006647,-0.011434,-0.06338,0.00010600000000000019,0.00015899999999999942,-0.0001250000000000001
23112,0.005131999999999999,-0.0013859999999999999,-0.073733,-8.299999999999887e-05,0.00010499999999999984,-3.599999999999437e-05
23081,-0.009425000000000001,-0.011256,-0.068013,4.900000000000217e-05,0.0002580000000000013,2.3000000000009124e-05
22502,-0.015505000000000001,-0.007352,-0.072738,8.900000000000054e-05,8.600000000000014e-05,-0.00021500000000000685
16587,0.015545,-0.003578,-0.066637,6.900000000000135e-05,0.00020399999999999975,-2.2000000000008124e-05
19843,-0.003006,0.007499,-0.068066,6.100000000000029e-05,0.00016100000000000055,-1.1999999999998123e-05
20750,0.006187000000000001,-0.007571,-0.06661,0.00012799999999999964,0.00014599999999999943,-0.0002999999999999947
22944,0.011228,0.008426,-0.06429399999999999,-2.2000000000001185e-05,0.00016300000000000169,-0.00010700000000000986
22941,0.01088,0.002477,-0.07589,-8.200000000000048e-05,0.00011000000000000029,-7.000000000000062e-05
14446,-0.010452,0.001932,-0.06833,0.00011899999999999931,0.00014400000000000025,3.600000000000825e-05
22337,0.000253,-0.004091,-0.067395,0.00026700000000000004,0.0002720000000000001,-0.00015900000000000636
18856,-0.015138,0.006376000000000001,-0.07413,-7.000000000000062e-05,0.00010899999999999972,-9.499999999999786e-05
18491,-0.006923,0.01082,-0.070769,-5.299999999999923e-05,0.00017799999999999934,-0.0001260000000000011
22641,0.00016700000000000002,-0.011035,-0.065038,0.00014099999999999998,0.00015399999999999962,-0.00026700000000000335
21052,0.003346,-0.004024,-0.067176,1.9000000000000353e-05,0.000196,-0.00018599999999999173
20865,0.0016870000000000001,-0.002509,-0.067845,7.299999999999993e-05,0.000343,-0.00011400000000000299
22675,0.009185,-0.008347,-0.06890099999999999,0.00022799999999999904,-1.1999999999999858e-05,0.0
21353,0.0037719999999999997,0.0022519999999999997,-0.06725,0.00012800000000000008,0.00021500000000000035,-0.00011799999999999311
22965,-0.001761,0.008908,-0.06766,6.799999999999992e-05,0.000366,-0.0002289999999999931
22968,-0.014063,0.004048,-0.07115,1.899999999999992e-05,4.99999999999997e-05,-5.9999999999990616e-05
21376,-0.012417,0.000348,-0.07154300000000001,8.099999999999948e-05,0.00010300000000000001,-0.00016199999999999548
19080,-0.009529,0.002341,-0.073139,6.199999999999956e-05,4.399999999999977e-05,-7.200000000000262e-05
23349,0.01119,6.8e-05,-0.06282800000000001,7.699999999999894e-05,0.00022499999999999997,-0.00024899999999998534
23110,0.015843,-0.006109,-0.071744,-2.999999999999531e-06,0.0001369999999999991,-4.999999999999449e-05
22492,0.004721,-0.011405,-0.064749,9.8e-05,9.799999999999913e-05,-0.00011899999999999411
22919,-0.0023090000000000003,-0.001676,-0.07133199999999999,5.1000000000000264e-05,0.000178,8.399999999998686e-05
23271,0.00275,-0.006851,-0.067885,9.100000000000037e-05,0.0003100000000000004,-0.0004230000000000067
22624,-0.008289999999999999,0.011367,-0.066668,1.8999999999998185e-05,0.0002349999999999991,-8.099999999998386e-05
21394,-0.015387,-0.004837,-0.07228,-0.00012099999999999958,0.0001410000000000005,-1.8000000000004124e-05
23205,-0.010955,0.003866,-0.070017,0.00016599999999999948,-3.4000000000000176e-05,3.499999999999337e-05
20957,0.011014,-0.00726,-0.071072,4.000000000000531e-06,0.0001349999999999997,-2.000000000002e-06
16494,-0.005507,0.000357,-0.063601,7.099999999999988e-05,0.00021999999999999993,3.999999999999837e-05
22676,-0.006486,-0.011165,-0.070965,-4.200000000000037e-05,0.0002589999999999988,7.900000000000962e-05
9724,0.005909,0.006851,-0.06970399999999999,1.0999999999999725e-05,0.0001719999999999994,-9.700000000001374e-05
22303,0.001554,0.003335,-0.063338,0.00013799999999999988,0.00023099999999999987,-0.00021599999999999397
13766,-0.011543,-0.003448,-0.065859,1.1999999999998123e-05,0.00032299999999999994,6.599999999999662e-05
16325,-0.003372,-0.007104,-0.067689,0.00015800000000000015,0.0002230000000000001,-9.800000000000086e-05
21703,-0.0051790000000000004,-0.003837,-0.07167799999999999,8.600000000000014e-05,0.000268,-7.600000000000662e-05
16492,-0.005417,0.001083,-0.065374,4.0000000000000105e-05,0.00015499999999999997,0.0001840000000000036
18178,0.004612,0.009219,-0.07192,-7.699999999999981e-05,0.00010700000000000119,-7.500000000000562e-05
21155,0.005625,-0.010032,-0.07145399999999999,0.00015800000000000015,5.4999999999999494e-05,-4.200000000000037e-05
20647,-0.010983,0.009462,-0.064869,-5.999999999999929e-05,0.00016399999999999922,-9.000000000000674e-05
23215,0.016309999999999998,-0.010632999999999998,-0.068809,8.400000000000074e-05,8.899999999999707e-05,-1.9999999999992246e-05
15632,0.006312,0.010648999999999999,-0.071748,-0.00033799999999999976,0.00020000000000000226,-0.00011499999999999011
23278,0.010901,0.002315,-0.068833,0.0002500000000000002,0.00014800000000000013,4.000000000017878e-06
22666,0.004686,-0.004784,-0.06744599999999999,0.00012399999999999998,0.0002710000000000004,-0.00034600000000001296
18094,-0.0029,-0.0019119999999999999,-0.06923,6.999999999999975e-05,0.000214,0.00011700000000000599
16470,0.002974,0.006213,-0.072565,-7.300000000000015e-05,0.00012200000000000058,-0.00025499999999999134
22727,-0.009163000000000001,-0.010406,-0.060307,0.00011400000000000125,8.99999999999998e-05,-0.00026600000000000235
20411,0.009478,0.009151999999999999,-0.071855,-9.300000000000107e-05,0.00014900000000000156,-0.00017300000000000648
23250,0.009651999999999999,-0.005684,-0.073462,-2.2999999999998716e-05,0.00010199999999999966,-5.8000000000002494e-05
21103,-0.006575,0.004353,-0.068145,4.100000000000024e-05,0.0002279999999999999,-6.599999999999662e-05
18218,-0.006886,0.01084,-0.066358,-4.8999999999999565e-05,0.00020599999999999785,-6.0999999999991616e-05
22992,-0.002184,-0.009788,-0.070638,0.00014500000000000016,0.00015699999999999915,-0.00014000000000000123
22630,0.000748,0.003591,-0.07212,7.700000000000003e-05,0.0002009999999999998,-8.099999999998386e-05
21999,-0.008589000000000001,0.007937,-0.07442499999999999,-5.599999999999876e-05,0.00011500000000000052,-6.799999999999862e-05
20810,0.008383,-0.004743000000000001,-0.064281,1.0000000000001327e-05,0.00032300000000000037,-8.199999999999874e-05
22649,-0.003269,0.005507,-0.065541,0.00016400000000000008,0.0003290000000000003,-4.099999999998549e-05
22759,0.012781,0.007932999999999999,-0.065748,-3.300000000000178e-05,0.0001860000000000004,-0.00016299999999999648
22299,-0.005622,-0.003243,-0.06750400000000001,7.800000000000081e-05,0.00021099999999999982,-1.5000000000001124e-05
17276,0.016162,0.011535,-0.071525,-0.00011199999999999752,-3.8999999999999105e-05,-0.00022600000000000398
22615,-0.004742,0.002434,-0.06911400000000001,0.0001369999999999991,5.099999999999983e-05,3.0000000000030003e-06
22632,-0.001952,-0.01129,-0.06428700000000001,0.00011399999999999995,0.00012799999999999964,-0.00020799999999999985
22932,0.008881,0.005474000000000001,-0.064869,0.00010800000000000046,0.00016099999999999882,6.799999999999862e-05
9675,0.008066,0.008065,-0.07190300000000001,-8.299999999999974e-05,0.00016900000000000075,-0.0001689999999999886
23230,-0.005127,0.004834,-0.062917,8.299999999999974e-05,0.0002669999999999999,-0.0001280000000000031
19748,-0.006483,0.01083,-0.063738,-4.8999999999999565e-05,0.00028500000000000053,-5.3999999999998494e-05
20197,0.009942,-0.010282999999999999,-0.070509,0.0001760000000000008,-1.9000000000001654e-05,-0.00012099999999999611
14131,0.015465999999999999,0.00082,-0.071072,9.500000000000133e-05,0.000152,-0.00011900000000000799
19161,-0.013428,-0.006442,-0.076006,-0.0001339999999999987,5.400000000000023e-05,-6.799999999999862e-05
22619,0.001445,-0.003929,-0.073397,-7.999999999999978e-06,0.00012800000000000008,-3.499999999999337e-05
10746,0.0078060000000000004,0.011657,-0.072207,-0.00013200000000000017,1.6999999999999654e-05,-0.00011200000000001487
17431,-0.008788,0.0038399999999999997,-0.070063,0.0002409999999999999,8.600000000000014e-05,-3.799999999999637e-05
18454,-0.012178000000000001,-0.000266,-0.06798799999999999,2.100000000000192e-05,0.00011500000000000003,0.00014999999999999736
23208,0.006199,-0.003642,-0.065749,8.99999999999998e-05,0.0003119999999999998,-0.0002269999999999911
18850,-0.007293999999999999,-0.00086,-0.066341,0.00011799999999999918,8.999999999999991e-05,0.00019600000000000173
9764,0.013657,0.000429,-0.070608,8.200000000000048e-05,6.199999999999999e-05,-8.999999999999286e-05
23419,-0.00027100000000000003,-0.012458,-0.066806,0.00011000000000000002,4.700000000000017e-05,-0.00032999999999999696
22654,-0.010846,-0.010494999999999999,-0.072453,2.0000000000002655e-06,0.0002299999999999993,-0.00022300000000000098
21951,0.00177,0.010496,-0.07003400000000001,-4.300000000000007e-05,0.00013200000000000017,2.000000000015878e-06
21978,-0.000629,0.006388,-0.06561700000000001,0.000176,0.00019700000000000013,-0.0001250000000000001
21444,-0.0073019999999999995,-0.009182000000000001,-0.06870399999999999,0.00017899999999999947,0.0002630000000000011,-0.00011900000000000799
18819,-0.00103,0.00713,-0.071945,-6.600000000000009e-05,0.00015200000000000023,-0.00013099999999999223
23072,-0.007267,-0.012433999999999999,-0.068793,-4.49999999999999e-05,0.0002310000000000003,8.300000000001362e-05
21161,0.0066749999999999995,-0.0025310000000000003,-0.072572,-5.1999999999999096e-05,0.00014800000000000013,-4.200000000000037e-05
22661,0.012695999999999999,0.0058390000000000004,-0.07430500000000001,-0.00016599999999999948,0.00010399999999999906,-0.0002219999999999861
12914,0.014070000000000001,0.001849,-0.07186400000000001,6.299999999999882e-05,0.0001519999999999998,-0.00013099999999999223
22635,0.008324,-0.012781,-0.06966800000000001,5.000000000000143e-05,3.600000000000131e-05,0.00010800000000001087
22340,0.0077080000000000004,-0.007769,-0.065563,9.399999999999947e-05,0.00021799999999999944,-1.2999999999999123e-05
19554,0.00687,-0.012326,-0.06676900000000001,0.0002199999999999997,6.600000000000009e-05,0.00010300000000000586
12819,-0.006592,0.005881,-0.071206,6.999999999999975e-05,5.199999999999996e-05,-4.999999999999449e-05
16960,-0.009237,-0.00010899999999999999,-0.067959,0.00014900000000000156,0.00025,0.00010600000000000886
9857,0.004328,0.008263,-0.071946,-7.600000000000055e-05,0.00012299999999999985,-9.499999999999786e-05
22978,-0.00428,0.006112,-0.070248,5.999999999999929e-06,0.00014899999999999983,-6.199999999999262e-05
23207,0.003815,0.00835,-0.065047,8.200000000000004e-05,0.0003709999999999998,-6.60000000000105e-05
19924,0.008625,-0.006416000000000001,-0.070431,0.00015999999999999868,7.800000000000081e-05,-5.200000000001037e-05
22733,0.003692,-0.007064,-0.062543,0.00011399999999999995,0.00022400000000000024,-0.00033600000000000296
9845,0.015524,-0.003605,-0.07235599999999999,3.300000000000004e-05,8.099999999999991e-05,-8.000000000001062e-05
22669,0.011917,0.002283,-0.072372,3.8999999999999105e-05,0.00013299999999999987,-0.0001250000000000001
20092,0.002333,-0.003945,-0.072821,-7.200000000000002e-05,0.00020499999999999945,-0.00014100000000000223
18789,0.010502000000000001,0.00082,-0.065705,7.399999999999941e-05,0.00011999999999999999,-8.099999999999774e-05
20807,0.003552,-0.005824,-0.066281,0.00013200000000000017,0.0003240000000000005,-0.00023599999999998622
17183,-0.001258,-0.001341,-0.067586,0.00015900000000000007,0.00018500000000000005,9.299999999999586e-05
23206,-0.000625,0.00948,-0.064149,9.500000000000003e-05,0.0002609999999999991,-0.000123000000000012
19195,-0.003049,-0.004403,-0.073531,7.000000000000062e-06,0.00010199999999999966,-5.1999999999996493e-05
22651,-0.007957,-0.006541,-0.064187,0.00011200000000000099,0.00010199999999999966,-0.0003029999999999977
23231,0.008886,-0.005767,-0.07348600000000001,-9.699999999999986e-05,8.600000000000014e-05,-0.00015599999999998948
21792,0.008888,0.011198,-0.071755,-0.00014199999999999977,-4.1999999999998636e-05,-0.00010200000000000486
21348,-0.000321,0.00788,-0.07207899999999999,-7.200000000000002e-05,0.00015500000000000062,-0.00016400000000001136
22791,0.0027519999999999997,-0.010994,-0.06386,-1.1999999999999424e-05,0.0002270000000000015,-0.00020399999999999585
13741,0.0078049999999999994,0.000526,-0.069336,0.00021000000000000185,0.00021100000000000003,-0.0001820000000000016
20098,0.010157,-0.000964,-0.065504,9.10000000000008e-05,0.00010500000000000006,-6.499999999999562e-05
19530,-0.013942,-0.00567,-0.06914100000000001,1.2999999999999123e-05,0.00011499999999999965,6.70000000000115e-05
17116,0.006993,-0.00186,-0.067899,0.0001559999999999999,0.00021000000000000012,-0.0001840000000000036
22400,-0.006084,-0.010701,-0.066041,0.0002260000000000005,0.0002599999999999998,-0.0002370000000000011
21713,-0.010735,0.010858000000000001,-0.067006,9.699999999999986e-05,8.299999999999974e-05,-0.00011600000000000499
23045,-0.003318,-0.004248,-0.070661,0.00015800000000000015,0.00011600000000000065,-9.399999999999686e-05
19425,-0.007458,-0.0032,-0.06854,0.00012000000000000031,0.00030900000000000025,9.599999999999886e-05
18437,-0.012257,0.0077729999999999995,-0.069045,9.799999999999913e-05,-9.999999999992654e-07,2.2999999999995246e-05
16500,0.017853,0.002337,-0.070466,1.8999999999998185e-05,0.00016799999999999975,-7.400000000000462e-05
22917,-0.003444,0.009039,-0.07106699999999999,-6.300000000000012e-05,0.00020399999999999932,-0.00016900000000001636
21957,-0.005176999999999999,-0.0027240000000000003,-0.069135,1.7999999999999787e-05,0.00017000000000000045,-7.799999999999474e-05
19334,0.008353999999999999,0.001361,-0.066423,0.00011900000000000278,0.00022400000000000002,-0.00022700000000000498
19852,-0.005712,-0.00098,-0.063442,7.300000000000015e-05,0.000223,0.00013699999999999823
19079,-0.0040490000000000005,-0.002866,-0.06960899999999999,5.800000000000076e-05,0.00013299999999999987,-4.100000000001325e-05
17753,0.013326000000000001,0.0039889999999999995,-0.072744,1.899999999999992e-05,0.00012700000000000038,-0.00015999999999999348
12758,0.007417,-0.001038,-0.06882200000000001,0.0001380000000000001,0.00021200000000000017,-0.00012999999999999123
20732,0.008259,0.003029,-0.066342,9.799999999999913e-05,0.00028699999999999993,-0.00020100000000000673
21350,-0.008741,0.006432,-0.06451699999999999,3.7000000000000574e-05,0.0001929999999999996,5.2999999999997494e-05
20713,-0.0043040000000000005,-0.0019850000000000002,-0.07048,0.0001380000000000001,0.00022800000000000034,0.00019099999999999673
21665,-0.008676999999999999,-0.002076,-0.066552,9.39999999999986e-05,0.00022500000000000016,1.1999999999998123e-05
15103,0.004961,0.001546,-0.069279,0.0001280000000000005,0.0003309999999999999,-0.0001870000000000066
20748,0.016014,0.007517,-0.068839,-5.4999999999999494e-05,0.00019399999999999973,-7.00000000000145e-05
22383,-0.003333,-0.007958999999999999,-0.064247,0.00028800000000000006,0.0002249999999999995,6.599999999999662e-05
23221,0.0011279999999999999,-0.007556,-0.063053,0.00011400000000000017,0.00015200000000000023,-0.0002450000000000091
22321,0.006593,-0.00484,-0.06934399999999999,0.00018400000000000014,0.0001429999999999999,-9.000000000009e-06
20960,-0.008548,0.008981,-0.069365,8.200000000000048e-05,0.0001410000000000005,-0.00016399999999999748
20149,-0.006057000000000001,0.004762,-0.068221,3.300000000000091e-05,0.0001990000000000004,-4.500000000000337e-05
16248,0.00684,0.0070999999999999995,-0.074306,-7.699999999999981e-05,7.000000000000929e-06,-0.00013299999999999423
18076,-0.008987,0.006228,-0.070726,0.00010899999999999972,2.0000000000002655e-06,-0.00015000000000001124
18073,-0.003291,0.000213,-0.066678,9.30000000000002e-05,0.000353,0.0001340000000000091
22923,0.000979,0.000864,-0.06614400000000001,9.599999999999995e-05,0.000273,2.5000000000011124e-05
13640,0.014827,0.009328,-0.071961,-1.600000000000039e-05,8.800000000000127e-05,-7.500000000000562e-05
19423,-0.006375,0.0069050000000000005,-0.063539,4.100000000000024e-05,0.0002429999999999993,-3.0000000000002247e-05
19509,0.006553,-0.008891,-0.06417300000000001,1.7999999999999787e-05,0.00016099999999999969,-3.599999999999437e-05
18177,0.009626,-0.002978,-0.071284,-7.299999999999841e-05,0.00011400000000000039,-2.4000000000010124e-05
20992,0.008362999999999999,0.005143,-0.06589700000000001,0.00014600000000000203,0.0001269999999999995,0.0001820000000000016
21390,0.003819,-0.001432,-0.06612699999999999,5.500000000000036e-05,0.00026199999999999986,-0.00021400000000000585
19432,-0.006456000000000001,-0.0052320000000000005,-0.066873,0.0001410000000000005,0.0003560000000000004,-1.8999999999991246e-05
19825,-0.001305,0.0007,-0.068884,9.899999999999991e-05,0.000267,7.999999999999674e-05
17846,-0.007483,-0.005285,-0.067275,8.700000000000027e-05,0.00024300000000000016,-8.199999999999874e-05
19419,-0.008208,-0.002126,-0.067761,9.39999999999986e-05,0.00022999999999999995,0.00020299999999999485
22298,-0.01408,-0.002699,-0.068261,0.0,0.000291,-6.299999999999362e-05
19259,0.0032930000000000004,0.001024,-0.06879600000000001,5.299999999999966e-05,0.0002840000000000002,-0.00014000000000000123
21977,-0.00043599999999999997,-0.001214,-0.064129,0.00011899999999999997,0.00017900000000000012,7.800000000000862e-05
19911,0.00825,-0.010503,-0.06568399999999999,0.0001299999999999999,0.0002970000000000004,0.00010599999999999499
14468,-0.009335000000000001,-0.0024500000000000004,-0.066777,7.100000000000162e-05,0.0001240000000000004,7.600000000000662e-05
16935,0.004125,-0.005339,-0.06907200000000001,0.00013400000000000044,0.0002620000000000001,-0.00023399999999998422
21668,0.008416,-0.004699,-0.066635,0.0001470000000000013,0.00010399999999999993,-4.600000000000437e-05
11113,0.001861,-0.000171,-0.07116700000000001,-5.6999999999999976e-05,0.00023300000000000003,-1.9999999999992246e-05
21776,0.007134000000000001,0.004549,-0.067125,0.0002269999999999989,0.00032499999999999977,-9.699999999998599e-05
21769,0.01564,0.005078,-0.067554,3.699999999999884e-05,0.00014999999999999996,-6.899999999999962e-05
21375,-0.003782,0.003776,-0.067613,5.600000000000006e-05,0.00025100000000000035,5.8000000000002494e-05
21371,0.008417,-0.011842,-0.067843,0.00017500000000000154,0.00021799999999999944,9.999999999996123e-06
15813,0.008377,0.006711,-0.068584,2.9999999999998778e-05,0.00011499999999999965,-7.100000000000162e-05
16469,0.002406,0.006533000000000001,-0.070383,-2.9999999999999645e-06,7.200000000000002e-05,-5.8999999999989616e-05
17466,-0.012095,0.004224,-0.066501,7.899999999999921e-05,0.00022400000000000024,2.6000000000012125e-05
17124,0.009542,0.01027,-0.067568,-8.6000000000001e-05,1.000000000001e-06,-6.499999999999562e-05
21656,-0.0025830000000000002,0.0021669999999999997,-0.066079,-1.7999999999999787e-05,0.00039300000000000055,-3.699999999999537e-05
22817,0.005331000000000001,0.0036309999999999997,-0.064622,0.00015999999999999868,0.0002500000000000002,-0.00015000000000001124
10157,0.002976,-0.00567,-0.073527,2.8999999999999946e-05,0.00021100000000000025,-6.50000000000095e-05
22010,0.000342,-0.007304000000000001,-0.0684,0.00012600000000000003,0.00018500000000000114,-0.0002339999999999981
20709,0.0042309999999999995,-0.002543,-0.064976,8.99999999999998e-05,0.00026000000000000025,-0.0002449999999999952
17489,0.0076760000000000005,-0.0066289999999999995,-0.066204,7.499999999999955e-05,0.0001999999999999988,-9.200000000000874e-05
9772,0.013865,-0.0009350000000000001,-0.070625,6.699999999999935e-05,0.000125,-5.2999999999997494e-05
22799,-0.004178,-0.010392,-0.066343,0.00019200000000000033,0.00023400000000000157,-0.0002470000000000111
17123,0.011984,0.005263,-0.067501,-2.0000000000002655e-06,0.00016600000000000035,-3.699999999999537e-05
21412,-0.0049299999999999995,0.000744,-0.06857200000000001,5.099999999999983e-05,0.00021299999999999997,0.00012100000000000999
20723,0.009087999999999999,0.001764,-0.063896,0.00011600000000000152,0.000281,-0.0002430000000000071
15121,0.0036070000000000004,0.000323,-0.067235,8.59999999999997e-05,0.00030700000000000004,-0.00011599999999999111
20570,0.006686,-0.012615,-0.070452,0.00015999999999999955,3.099999999999978e-05,2.2999999999995246e-05
16139,-0.002714,0.002944,-0.07029099999999999,0.0001309999999999996,0.00018199999999999987,8.899999999999186e-05
22096,-0.014658,-0.001054,-0.069202,0.00017799999999999934,0.00018600000000000008,-0.0002849999999999936
17102,-0.002454,-0.004902,-0.071998,8.799999999999997e-05,0.00033799999999999976,9.499999999999786e-05
22358,0.002562,-0.009583999999999999,-0.064279,0.00017500000000000024,0.00027099999999999867,-0.0004009999999999986
15880,-0.007098,-0.007445,-0.06945,0.00017100000000000014,0.00023800000000000036,-6.0999999999991616e-05
