Particle,x,y,z,Vx,Vy,Vz
41729,-0.002161,-0.002955,-0.06631699999999999,0.0,0.0,0.0
41450,-0.014009,-8.7e-05,-0.06704,0.0,0.0,0.0
41075,-0.011083,-0.012267,-0.067057,0.0,0.0,0.0
38375,0.013237,-0.004397,-0.069125,0.0,0.0,0.0
40457,-0.007730000000000001,-0.011131,-0.069559,0.0,0.0,0.0
41134,-0.015260999999999999,-0.003873,-0.070573,0.0,0.0,0.0
31968,0.003214,0.007542,-0.069463,0.0,0.0,0.0
37779,-0.013438,0.009953,-0.072724,0.0,0.0,0.0
40131,0.000347,-0.008759000000000001,-0.07097,0.0,0.0,0.0
40726,-0.008093,0.010164,-0.061228000000000005,0.0,0.0,0.0
31369,0.010121,-0.003862,-0.07291,0.0,0.0,0.0
40609,0.011425000000000001,-0.000878,-0.068054,0.0,0.0,0.0
41149,0.011833999999999999,-0.002856,-0.063808,0.0,0.0,0.0
40901,-8e-05,0.007569,-0.072972,0.0,0.0,0.0
41247,-0.008402,0.007963,-0.062574,0.0,0.0,0.0
41548,0.011704,0.008081,-0.06883,0.0,0.0,0.0
38027,-0.016027999999999997,-0.0069169999999999995,-0.074259,0.0,0.0,0.0
36602,-0.00019800000000000002,0.005324,-0.07402299999999999,0.0,0.0,0.0
41692,-0.003971,-0.001194,-0.06046,0.0,0.0,0.0
35681,-0.003855,0.000424,-0.071854,0.0,0.0,0.0
41689,0.005534,0.008614,-0.066814,0.0,0.0,0.0
39608,0.013099999999999999,0.006113,-0.0668,0.0,0.0,0.0
39848,0.016963000000000002,0.008052,-0.069165,0.0,0.0,0.0
36830,0.004717,0.01067,-0.077107,0.0,0.0,0.0
41475,0.004999,-0.009843999999999999,-0.062253,0.0,0.0,0.0
40876,-0.007573000000000001,0.0022930000000000003,-0.060988999999999995,0.0,0.0,0.0
41683,0.003143,-0.003443,-0.07542,0.0,0.0,0.0
38378,-0.004247,-0.009809,-0.06768600000000001,0.0,0.0,0.0
39953,-0.00073,0.011459,-0.059447,0.0,0.0,0.0
41332,-0.004541000000000001,-0.007496,-0.064082,0.0,0.0,0.0
40817,-0.013054,-0.009875,-0.070177,0.0,0.0,0.0
41119,0.01216,0.012551,-0.063105,0.0,0.0,0.0
40442,0.007187000000000001,0.003791,-0.06835,0.0,0.0,0.0
41027,-0.0034660000000000003,-0.001563,-0.06252,0.0,0.0,0.0
41650,0.006900000000000001,0.004794,-0.060801,0.0,0.0,0.0
38294,-0.014572,0.006351,-0.070305,0.0,0.0,0.0
41640,0.013260999999999998,-0.0083,-0.067113,0.0,0.0,0.0
40880,-0.00047799999999999996,0.002634,-0.07729000000000001,0.0,0.0,0.0
41778,0.0017900000000000001,-0.000609,-0.077042,0.0,0.0,0.0
41752,0.003979,-0.007183,-0.075916,0.0,0.0,0.0
40741,0.00933,0.0027440000000000003,-0.06809699999999999,0.0,0.0,0.0
40593,0.00898,0.008881,-0.062952,0.0,0.0,0.0
41487,0.007507,-0.013138,-0.06355,0.0,0.0,0.0
40611,-0.014853,0.000273,-0.07686899999999999,0.0,0.0,0.0
41506,0.006909,-0.00186,-0.060468,0.0,0.0,0.0
41661,-0.0053739999999999994,0.012197,-0.07481499999999999,0.0,0.0,0.0
41828,0.0038929999999999998,0.011525,-0.060034,0.0,0.0,0.0
41543,-0.01507,0.0014730000000000001,-0.069648,0.0,0.0,0.0
39071,-0.011353,0.009268,-0.062925,0.0,0.0,0.0
37678,-0.007956000000000001,0.008071,-0.075012,0.0,0.0,0.0
41825,-0.009364,-8.400000000000001e-05,-0.076648,0.0,0.0,0.0
24806,-0.003113,0.005678,-0.07251099999999999,0.0,0.0,0.0
41396,0.003779,-0.003499,-0.06895799999999999,0.0,0.0,0.0
39219,-0.005741,0.009788,-0.062658,0.0,0.0,0.0
41638,-0.011797,-0.004677,-0.07481600000000001,0.0,0.0,0.0
41643,0.015387,0.012142,-0.071422,0.0,0.0,0.0
38360,0.002247,-0.010874,-0.065681,0.0,0.0,0.0
34733,-0.004355,0.013460000000000001,-0.062004,0.0,0.0,0.0
39529,0.000748,0.012884,-0.071438,0.0,0.0,0.0
41493,0.007847999999999999,-0.005856,-0.065468,0.0,0.0,0.0
41349,0.009587,0.009052,-0.062265,0.0,0.0,0.0
36343,-0.008739,0.010555,-0.074782,0.0,0.0,0.0
41849,0.005638,-0.001106,-0.052327,0.0,0.0,0.0
41871,0.0053040000000000006,0.002113,-0.056173,0.0,0.0,0.0
41903,0.001093,-0.006043,-0.064164,0.0,0.0,0.0
41094,-0.014635,-0.011699999999999999,-0.06958,0.0,0.0,0.0
39210,7.199999999999999e-05,-0.0023090000000000003,-0.066911,0.00020200000000000006,0.00026000000000000025,-0.00039000000000000146
41006,-0.009454,-0.003101,-0.06775,0.0001870000000000014,0.00024100000000000033,-0.00026299999999999935
36785,0.0020729999999999998,-0.010173,-0.066282,0.00023300000000000013,2.199999999999945e-05,-8.700000000000374e-05
40526,-0.0030859999999999998,-0.003645,-0.06453,0.00011599999999999978,0.00015700000000000002,-0.00036599999999999133
33562,-0.000213,0.004875,-0.06704500000000001,-8.000000000000005e-06,0.00014999999999999996,1.0000000000010001e-05
41124,-0.008258,0.0031520000000000003,-0.06495999999999999,-2.300000000000045e-05,0.00014100000000000007,-0.00021700000000002273
36008,0.004525,0.003124,-0.07193600000000001,0.0001460000000000003,0.0002599999999999998,-0.00014699999999998048
41446,-0.015997,-0.010164999999999999,-0.07311100000000001,0.00010800000000000046,0.000279999999999999,7.000000000007001e-06
41926,0.004161,-0.001932,-0.064212,0.0003470000000000001,0.00012199999999999993,-0.00037199999999999733
41348,-0.010591,8.9e-05,-0.063912,0.0001760000000000008,0.000311,-0.00040100000000001246
41928,-0.005449,-0.006169,-0.061941,-2.3999999999999716e-05,0.0003119999999999998,-0.00018599999999999867
32995,-0.009199,0.005745,-0.073752,-3.199999999999904e-05,0.00019499999999999986,-4.000000000004e-06
39713,0.008431,0.00421,-0.070631,7.500000000000041e-05,0.00026099999999999995,-0.00026800000000000435
41139,0.0057469999999999995,0.008111,-0.06941599999999999,8.400000000000074e-05,0.00021800000000000118,-6.50000000000095e-05
41938,0.001072,-0.011534,-0.062795,0.00024799999999999996,8.400000000000074e-05,-4.800000000000637e-05
41674,-0.000745,-0.010725,-0.06487699999999999,0.00010599999999999997,0.00012200000000000058,-7.999999999999674e-05
42028,-0.013942,-0.00584,-0.067188,0.00016200000000000069,7.599999999999968e-05,-0.0003000000000000086
41744,0.004969,0.004299000000000001,-0.060552999999999996,0.00011900000000000018,9.799999999999913e-05,-0.0001320000000000071
39522,-0.00211,0.008142,-0.062395000000000006,-4.300000000000007e-05,0.00023399999999999983,0.00011700000000000599
41051,-0.01084,-0.00888,-0.075804,6.899999999999962e-05,0.00013900000000000023,-0.00010300000000000586
40201,0.005332,0.00259,-0.075704,9.49999999999996e-05,0.00015200000000000023,-0.00020200000000000773
39221,0.014195000000000001,-0.003919,-0.066619,0.00011499999999999878,8.59999999999997e-05,-0.0001290000000000041
42036,-0.003756,-0.009016,-0.06025,0.00011899999999999975,3.999999999999837e-05,-8.000000000000368e-05
34527,0.006108,-0.01165,-0.06982,5.0000000000000565e-05,6.300000000000056e-05,-0.0003530000000000061
41400,-0.006826,-0.008424,-0.064164,0.00021399999999999978,0.00021299999999999965,-0.00021200000000000385
41998,0.008201,0.011414,-0.061373,7.000000000000062e-06,0.00017699999999999834,-9.50000000000048e-05
41630,0.014331,0.008787000000000001,-0.07400799999999999,0.00020399999999999932,-1.0000000000001327e-05,-0.0004320000000000018
41912,-0.0015840000000000001,-0.0038450000000000003,-0.06455899999999999,0.0001600000000000002,0.00021100000000000025,-0.00044100000000001083
41625,0.011379,0.008228999999999998,-0.06278199999999999,7.599999999999968e-05,0.0002030000000000018,0.0
41111,0.002286,0.012235,-0.061564999999999995,-8.199999999999961e-05,0.00017400000000000054,-7.000000000007001e-06
41017,-0.0062770000000000005,0.0051790000000000004,-0.060857,-1.7999999999999787e-05,0.0001749999999999998,-0.0001409999999999953
36253,-0.006677,-0.011862,-0.069455,0.0001780000000000002,7.099999999999815e-05,-0.00016800000000000148
42013,-0.007111,-0.010449,-0.05942,0.00011800000000000005,-5.000000000000143e-05,-0.00015800000000000536
42005,-0.008411,-0.012874,-0.065974,0.00012000000000000031,8.900000000000054e-05,-4.299999999998749e-05
41980,-0.004727,-0.011071999999999999,-0.067283,0.0001590000000000003,0.00010099999999999866,-7.899999999999574e-05
16139,0.001542,0.012218999999999999,-0.066236,2.8999999999999946e-05,0.00013800000000000097,0.0002450000000000091
41984,-0.002868,0.007233,-0.061924,3.099999999999978e-05,0.00025299999999999975,0.00016000000000000042
42077,0.0009170000000000001,0.009809,-0.069802,-2.3000000000000017e-05,0.00023800000000000036,2.3999999999996247e-05
39968,0.012738,-0.001771,-0.063323,8.6000000000001e-05,0.000245,-0.00018099999999998673
41342,-0.0042190000000000005,-0.010103999999999998,-0.071838,0.00012199999999999971,2.399999999999798e-05,-0.00010899999999999799
41432,-0.014456,-0.007202,-0.075296,0.0001250000000000001,5.10000000000007e-05,1.1000000000011001e-05
41334,-0.005106,-0.0022400000000000002,-0.069321,0.0001540000000000005,0.00019300000000000003,-0.0003190000000000137
41036,0.012188000000000001,0.010891,-0.06214,4.39999999999989e-05,0.00016900000000000075,3.999999999999837e-05
38058,0.006068,0.007234,-0.074599,0.00012299999999999985,0.00014999999999999996,-0.00010700000000000986
41384,0.001787,0.0038610000000000003,-0.077655,-5.000000000000013e-06,0.0001709999999999997,-4.999999999991123e-06
41346,-0.00267,-0.0054009999999999996,-0.066219,0.0001919999999999999,0.00011200000000000012,-0.0003120000000000067
42129,0.015321999999999999,-0.003925,-0.062183999999999996,0.0001760000000000008,0.00027099999999999954,-0.00029900000000000065
41589,0.016773,-0.0024249999999999996,-0.064693,0.0001460000000000003,0.00021199999999999952,-7.999999999999674e-05
41941,0.01541,0.007985,-0.065898,0.00019199999999999946,0.00020599999999999959,-0.00010100000000000386
42033,-0.012959,-0.000968,-0.07131399999999999,0.00011899999999999931,0.00019099999999999998,-0.00022100000000001285
38331,0.013942999999999999,-0.006856,-0.066042,0.00012000000000000205,6.499999999999995e-05,-0.00028000000000000247
41178,0.001141,0.0050750000000000005,-0.07515300000000001,9.499999999999982e-05,0.00024399999999999943,-0.00026999999999999247
34940,-0.009361000000000001,0.0011719999999999999,-0.073968,6.0000000000001025e-05,0.00021100000000000025,-2.899999999998737e-05
41891,0.005696,-0.001702,-0.07133199999999999,0.00015100000000000096,0.00013799999999999988,-0.00017100000000000448
41356,0.010288,0.0076749999999999995,-0.071275,0.00020500000000000032,0.0001280000000000005,-0.00014000000000000123
41697,0.008062,0.001647,-0.074964,6.0000000000001025e-05,0.0002639999999999999,-0.00022099999999999898
42131,-0.002343,0.004322,-0.067525,5.999999999999929e-06,0.00020599999999999959,-3.600000000000825e-05
42166,-0.0039049999999999996,0.005197,-0.062354999999999994,-5.9000000000000025e-05,0.0001369999999999991,1.5999999999995185e-05
35901,0.008988,0.00086,-0.073549,0.00017500000000000154,0.00022099999999999995,-0.00022500000000000298
36482,0.012261,-0.000241,-0.068036,4.49999999999999e-05,0.000194,8.700000000000374e-05
30409,0.012747999999999999,-0.005307,-0.071422,0.00012800000000000138,-0.00010000000000000026,-0.00016399999999999748
39926,-0.000149,0.004945000000000001,-0.065603,1.9999999999999944e-06,0.00024200000000000003,-0.0001789999999999986
41746,0.0055179999999999995,0.0060609999999999995,-0.058174,0.00011000000000000072,0.0001540000000000005,0.0001409999999999953
40153,-0.01315,-0.009115999999999999,-0.067623,-6.899999999999962e-05,7.300000000000015e-05,-0.00026099999999999735
40137,-0.008926,-0.005545,-0.068106,0.00024300000000000016,0.00023099999999999943,5.9000000000003494e-05
41011,-0.009595000000000001,-0.003912,-0.067168,0.00017800000000000107,0.00034299999999999956,-0.0001270000000000021
33852,0.010421,-0.000753,-0.07339,0.00011600000000000152,0.00019499999999999997,-0.0002319999999999961
35929,0.018525,-0.005285,-0.069805,0.0001360000000000007,1.599999999999952e-05,-3.200000000000425e-05
42012,-0.008375,-0.0019690000000000003,-0.059622999999999995,2.599999999999998e-05,0.0003290000000000003,-0.0002559999999999993
39197,0.007723,-0.010196,-0.075632,0.0001879999999999998,8.099999999999948e-05,-0.00027100000000000735
41583,-0.000249,-0.010033,-0.076041,0.000159,6.299999999999882e-05,0.00011499999999999011
42068,-0.010924,0.004356,-0.063196,3.200000000000078e-05,0.0001299999999999999,6.0000000000004494e-05
42080,-0.006673,0.000515,-0.061687,0.00015399999999999962,0.00015300000000000003,-0.0003809999999999994
42112,0.007656,-0.002669,-0.079136,0.00017299999999999954,0.00021899999999999958,0.00016199999999999548
38861,0.003211,0.002156,-0.07481499999999999,0.00010300000000000023,0.000183,-8.100000000001162e-05
39008,-0.013807,0.013215999999999999,-0.06493,-8.099999999999948e-05,1.700000000000139e-05,0.0001250000000000001
41663,0.006959,-0.010108,-0.066384,0.00022599999999999964,6.300000000000056e-05,-0.0001239999999999991
41710,0.014403000000000001,-0.0019479999999999999,-0.074715,0.00015299999999999862,0.00016799999999999975,-8.999999999995123e-06
41646,0.0014990000000000001,0.008509000000000001,-0.05646,-6.400000000000004e-05,0.00020299999999999832,3.200000000000425e-05
37603,0.002787,0.012721999999999999,-0.07187600000000001,-8.90000000000001e-05,0.00023300000000000057,-0.00012199999999999711
39660,0.012994,-0.000579,-0.06423999999999999,0.00011899999999999931,0.00025899999999999995,-0.00016900000000001636
41002,-0.004326,-0.003609,-0.070875,1.899999999999992e-05,2.099999999999975e-05,-0.00034600000000001296
39837,0.005359,0.010082,-0.064748,7.000000000000062e-05,0.00016799999999999975,2.4999999999997247e-05
40245,0.0020499999999999997,0.000467,-0.06891,0.00014800000000000013,4.7000000000000004e-05,-0.0002400000000000041
40475,-0.00333,0.008054,-0.068028,4.000000000000097e-06,0.0001760000000000008,8.099999999999774e-05
32309,0.007175,-0.007305,-0.068963,0.00018899999999999993,0.00014899999999999983,-0.00019800000000000373
41952,-0.011087999999999999,-0.002782,-0.065556,0.00019199999999999773,0.00039300000000000055,-0.0005029999999999896
39829,-0.003359,-0.003156,-0.073794,4.9e-05,0.00020700000000000015,-8.200000000001262e-05
41401,0.007759,0.000104,-0.060695,4.99999999999997e-05,0.00012200000000000002,-0.00011800000000000005
42283,0.011401999999999999,0.00625,-0.07167100000000001,2.000000000000092e-05,-4.200000000000037e-05,-0.00011899999999999411
41924,-0.010676,0.0071920000000000005,-0.068721,0.00014899999999999983,0.0003359999999999995,-2.6999999999999247e-05
42256,0.0020800000000000003,-0.009367,-0.06952599999999999,0.00025299999999999975,-4.700000000000017e-05,8.099999999999774e-05
42023,-0.014315,0.00621,-0.076986,-0.0001810000000000006,0.00016399999999999922,2.9999999999891225e-06
40744,0.0073360000000000005,0.003422,-0.061475999999999996,0.00014400000000000003,0.00021199999999999995,-0.0001300000000000051
40886,0.003722,-0.002126,-0.07114,0.00022299999999999967,0.00020899999999999977,-3.500000000000725e-05
41380,-0.0025800000000000003,0.012682,-0.068011,-4.0999999999999804e-05,0.00018500000000000114,9.099999999999386e-05
41070,-0.012805,-0.005997,-0.067497,2.800000000000198e-05,2.799999999999938e-05,-0.00027299999999999547
41025,-0.012865,0.002265,-0.069517,2.9999999999998778e-05,0.0004360000000000002,-0.00026500000000000135
42227,0.0027,-0.004636,-0.075854,9.999999999999983e-05,9.200000000000094e-05,1.8000000000004124e-05
42030,-0.007448000000000001,0.003528,-0.075357,7.500000000000041e-05,0.000134,-0.00010999999999999899
42271,-0.009085000000000001,-0.012063,-0.074256,7.500000000000041e-05,0.00015600000000000162,-0.00021299999999999097
41992,-0.005149,0.005258,-0.065525,-2.5000000000000716e-05,0.00016300000000000082,0.00021499999999999297
33245,0.010594,0.002435,-0.07286100000000001,0.0001349999999999997,6.300000000000012e-05,-0.00013399999999999523
42182,-0.012686999999999999,-0.011551,-0.067586,-1.0000000000001327e-05,1.2000000000001593e-05,-0.0002530000000000032
41870,0.004777999999999999,-0.010768000000000002,-0.070695,0.00014200000000000063,2.000000000002e-06,-9.100000000000774e-05
42415,-0.0022010000000000003,-0.008925,-0.067596,9.70000000000003e-05,0.00012000000000000031,-4.299999999998749e-05
41942,0.010531,0.00443,-0.062181,0.00011699999999999905,0.00021000000000000012,-0.0001480000000000023
42411,-0.006836999999999999,-0.005598,-0.06988899999999999,7.499999999999955e-05,8.199999999999961e-05,-0.00011100000000001387
42199,-0.000307,-0.009321999999999999,-0.06444799999999999,0.000232,2.4999999999997247e-05,-0.0001900000000000096
40870,0.004861,-0.0025670000000000003,-0.06835200000000001,0.00028100000000000087,0.00035400000000000015,-0.0002789999999999876
36181,-0.001645,0.012558999999999999,-0.064938,-2.20000000000001e-05,0.0002220000000000017,0.00014699999999999436
40789,0.009246,-0.011519,-0.06369899999999999,0.00021099999999999938,3.8999999999999105e-05,-0.00027000000000000635
42263,-0.015304,0.002967,-0.076512,-8.6000000000001e-05,0.00017199999999999984,-7.899999999999574e-05
41324,-0.001297,-0.0006680000000000001,-0.069387,8.399999999999987e-05,0.00020700000000000004,-0.00016499999999999848
40708,-0.006826,-0.007660999999999999,-0.06834,4.19999999999995e-05,0.00017399999999999968,-0.00012099999999999611
41731,-0.006456000000000001,-0.012884,-0.067935,0.00018600000000000127,1.4000000000000123e-05,-0.00011400000000001687
41907,-0.0031,0.010387,-0.061369999999999994,-0.00010900000000000016,0.00012200000000000058,0.00019999999999999185
41708,-0.008232,0.006888,-0.062314,-4.4000000000000636e-05,0.0001559999999999999,-2.3000000000002185e-05
41636,-0.006811,0.007014,-0.060586,-7.200000000000002e-05,0.00011599999999999978,-1.000000000001e-06
41925,0.010108,0.0005560000000000001,-0.061442000000000004,2.599999999999998e-05,0.00021599999999999994,-9.699999999999986e-05
39251,0.004715,0.007932999999999999,-0.07739499999999999,0.00012100000000000045,0.00016500000000000195,-0.00014000000000000123
42107,0.015269,0.007674,-0.061594,9.999999999999593e-06,0.00029799999999999965,-0.00010600000000000193
40420,-0.015695999999999998,0.009181,-0.073275,-7.000000000000062e-05,0.00016700000000000048,-0.00015199999999999936
41394,-0.01248,-0.003104,-0.07180500000000001,0.00038900000000000046,0.00017399999999999968,-5.6000000000000494e-05
41945,0.013749,0.005552,-0.061753999999999996,-1.1000000000000593e-05,0.00019600000000000086,-7.500000000000562e-05
42422,-0.013359999999999999,-0.009389,-0.068292,5.6999999999998024e-05,0.00016599999999999948,-0.00016299999999999648
42405,-0.004214000000000001,0.01251,-0.06491,6.500000000000082e-05,4.89999999999987e-05,0.00011099999999998611
41944,0.003727,0.003069,-0.059982,0.0002030000000000005,0.00018199999999999987,-0.00023000000000000104
41631,0.008901,-0.004272000000000001,-0.075832,0.00010400000000000166,0.0001250000000000001,-0.00016099999999999448
41588,-0.003954,0.008268000000000001,-0.06761199999999999,0.0,0.0002639999999999986,0.00020699999999998497
38319,0.01579,0.009269999999999999,-0.073982,0.00010900000000000146,0.00011100000000000172,-0.00025499999999999134
41365,0.012811999999999999,0.007609,-0.07060899999999999,9.20000000000018e-05,-0.0001860000000000004,-0.00021100000000000285
42010,-0.002019,0.011193,-0.078045,-2.0000000000000052e-05,0.00018800000000000067,-0.00013699999999999823
35693,0.011549,-0.0027069999999999998,-0.06980599999999999,8.299999999999974e-05,0.00016199999999999982,-0.00011300000000000199
42223,-0.004647,-0.004001,-0.064261,0.0002650000000000005,0.00012699999999999994,-0.00037500000000000033
42235,-0.013166,0.0046029999999999995,-0.06854099999999999,3.0000000000002247e-05,0.0004480000000000005,-0.00010800000000001087
42236,0.013104,0.01175,-0.06347699999999999,0.0001410000000000005,0.00021400000000000065,-8.300000000001362e-05
42237,-0.00458,0.009189,-0.06339,-0.00011000000000000072,0.00019399999999999973,7.100000000000162e-05
41813,-0.016155000000000003,0.001978,-0.072003,3.500000000000031e-05,0.00023599999999999966,-0.00021200000000000385
38297,-0.006136,-0.002907,-0.075322,0.00011600000000000065,0.00025600000000000015,-6.799999999999862e-05
25418,0.001807,0.013202,-0.064098,5.5000000000000144e-05,0.00017900000000000034,0.0003630000000000022
41921,0.002888,0.0023079999999999997,-0.067908,0.00020100000000000022,0.0003250000000000002,-2.000000000002e-06
42065,-0.008521,-0.002143,-0.0643,9.70000000000016e-05,0.00015799999999999972,-0.00031899999999999984
42310,0.016397,0.009336,-0.072934,0.0001020000000000014,0.00016099999999999969,-2.2999999999995246e-05
40534,-0.001101,0.002027,-0.072093,7.800000000000016e-05,0.000356,-5.1999999999996493e-05
40955,0.004417,-0.002343,-0.07154300000000001,0.00018099999999999974,0.00023300000000000013,-0.00017699999999998273
42362,-0.002124,0.009272,-0.076509,5.8000000000000326e-05,0.00013299999999999944,-0.0002530000000000032
40181,-0.012922000000000001,0.01078,-0.06829500000000001,-9.599999999999886e-05,0.00038400000000000066,0.0001330000000000081
42143,-0.011134999999999999,0.009896,-0.07181799999999999,6.300000000000056e-05,0.00015299999999999862,6.999999999998674e-05
40461,-0.003947,-0.008252,-0.06922199999999999,-5.9000000000000025e-05,-4.89999999999987e-05,-0.00015300000000001424
41143,0.013945,-0.011314999999999999,-0.070806,0.00025699999999999855,0.00010999999999999899,2.2999999999995246e-05
41455,0.011534,0.005579,-0.07351300000000001,0.0001799999999999996,0.00011300000000000025,-0.0002249999999999891
41323,-0.011827,-0.002533,-0.070619,0.00021700000000000191,0.00011300000000000025,7.899999999999574e-05
41633,0.00639,-0.007211,-0.069006,0.00032499999999999977,9.8e-05,-0.00023300000000001098
41913,0.014846999999999999,0.003044,-0.072882,-0.00013699999999999823,-6.599999999999965e-05,3.0000000000002247e-05
41940,-0.003149,-0.007821,-0.069694,5.9999999999999724e-05,3.899999999999997e-05,-0.0002299999999999941
39206,0.004634,-0.008799,-0.065649,0.0001429999999999999,6.899999999999962e-05,-0.0001260000000000011
41832,0.00888,-0.003274,-0.06286,9.999999999999593e-06,0.00019300000000000003,-7.400000000000462e-05
36498,0.015321999999999999,0.010433,-0.068788,0.0001410000000000005,7.399999999999941e-05,-0.00011700000000000599
41658,-0.003972,-0.005545,-0.068026,0.00020899999999999998,3.199999999999991e-05,-0.0004330000000000028
39951,-0.010341,0.000699,-0.075436,8.99999999999998e-05,0.000254,-7.700000000000762e-05
41954,0.013259,-0.001135,-0.066239,0.0001239999999999991,0.00023499999999999997,-0.00017300000000000648
41953,0.001686,-0.005595,-0.067048,0.00022999999999999995,3.7000000000000574e-05,-0.0004890000000000033
41696,0.016023,0.000982,-0.068372,-2.1999999999997716e-05,6.0999999999999856e-05,-4.699999999999149e-05
38414,-0.012751,-0.00183,-0.07414,5.6000000000000494e-05,0.0002490000000000001,-8.799999999999086e-05
41007,-0.001294,-0.010571,-0.060655,0.0002410000000000001,-9.599999999999886e-05,-0.00021700000000000191
41341,-0.010215,-0.002519,-0.076704,-7.799999999999994e-05,0.0003600000000000001,-9.400000000001074e-05
41968,-0.001342,0.0064589999999999995,-0.069565,0.00012300000000000006,0.00037900000000000086,0.00014099999999998836
42202,-0.0046760000000000005,-0.007515,-0.065643,0.00019500000000000073,6.400000000000069e-05,-0.0002789999999999876
41427,0.01409,0.001045,-0.064312,0.00010699999999999946,0.0002810000000000002,-3.799999999999637e-05
40231,-0.01401,-0.012249000000000001,-0.06872700000000001,0.00016700000000000048,2.5000000000000716e-05,-5.5999999999986616e-05
41966,0.007775000000000001,0.012549,-0.06587900000000001,-4.4000000000000636e-05,0.0001460000000000003,4.700000000001925e-05
39625,0.013798999999999999,-0.004412,-0.07353900000000001,0.0002380000000000021,8.200000000000048e-05,-3.0000000000002247e-05
41186,-0.012132,0.0029460000000000003,-0.065842,-1.699999999999792e-05,0.00017700000000000007,-0.0002459999999999962
41376,0.016178,0.012842000000000001,-0.06708499999999999,7.499999999999868e-05,0.00017599999999999907,1.6999999999989246e-05
37698,0.009028000000000001,0.009303,-0.064403,2.2999999999998716e-05,0.0001410000000000005,-8.399999999998686e-05
39545,0.00919,-0.012199,-0.07231699999999999,0.00013199999999999844,7.000000000000062e-06,-0.00022200000000001385
41523,-0.002755,0.000896,-0.071003,0.0001919999999999999,0.00017299999999999987,-5.6000000000000494e-05
42160,-0.00011700000000000001,0.003544,-0.066899,8.900000000000001e-05,0.00022900000000000047,-5.100000000000937e-05
42307,-0.013241,-0.007243,-0.072184,0.00017099999999999928,0.00017599999999999994,-7.999999999999674e-05
40762,-0.008815,0.011053,-0.065379,-1.4000000000000123e-05,0.0004049999999999991,5.8000000000002494e-05
42318,0.004450999999999999,-0.004339000000000001,-0.06621200000000001,0.0003880000000000012,5.000000000001531e-06,-0.00037899999999999046
40495,-0.005045,0.006299000000000001,-0.070612,0.00013599999999999984,0.00021199999999999952,4.999999999991123e-06
42221,0.012944,-0.0009609999999999999,-0.07195399999999999,4.99999999999997e-05,7.199999999999991e-05,-4.100000000001325e-05
41037,0.008575,0.011649,-0.06559000000000001,-8.000000000000021e-05,7.300000000000015e-05,-3.499999999999337e-05
41372,0.008179,0.005632,-0.062452,0.00010500000000000093,0.0002390000000000005,-1.6000000000002124e-05
42244,0.011603,0.00047799999999999996,-0.06646200000000001,8.000000000000021e-05,0.00023500000000000002,1.3000000000013001e-05
34035,0.010365000000000001,-0.007742,-0.070854,7.899999999999921e-05,9.999999999999593e-06,-0.00011400000000000299
38691,-0.003173,0.001055,-0.068402,0.00015200000000000023,0.00022500000000000016,-0.00011300000000000199
41463,-0.01063,-0.011317,-0.069617,0.0002670000000000016,-1.6999999999999654e-05,-0.00010100000000000386
26013,-0.009753999999999999,0.003112,-0.07425799999999999,3.299999999999831e-05,0.00019399999999999973,-0.0001950000000000146
41550,-0.012237,0.011630000000000001,-0.061531999999999996,1.2999999999999123e-05,0.00022199999999999824,8.999999999999286e-05
41760,-0.006253999999999999,-0.005067,-0.068483,0.0002249999999999995,1.1000000000000593e-05,-0.00017300000000000648
38054,-0.012647,0.008841,-0.070467,-0.00012699999999999864,0.0004010000000000003,-4.099999999999937e-05
37683,-0.006838,0.004842,-0.069857,4.000000000000531e-06,0.00034599999999999995,-0.00015399999999998748
41082,0.002301,-0.005051,-0.066276,0.000271,0.00010599999999999932,-0.0004939999999999944
38280,0.007891,0.007752,-0.067101,6.100000000000029e-05,0.00021900000000000044,-0.0001320000000000071
42214,0.002877,-0.0053620000000000004,-0.076629,9.800000000000043e-05,8.000000000000021e-05,7.799999999999474e-05
40125,-0.007373,-0.007318,-0.06918,-1.0999999999999725e-05,0.00013200000000000017,-9.899999999998799e-05
42332,0.012765,0.011725,-0.07483,0.00018899999999999993,-2.399999999999798e-05,-9.400000000001074e-05
41338,0.008032,0.007546000000000001,-0.073967,0.00010399999999999993,0.00020899999999999912,-0.00021799999999999597
38571,0.006405,-0.005351,-0.074379,9.99999999999994e-05,0.0001799999999999996,-0.0002930000000000016
41357,0.014357,-0.000847,-0.063167,0.00012099999999999958,0.0002949999999999999,0.00010300000000000586
42198,0.0010409999999999998,-0.002819,-0.067079,0.00030600000000000007,0.00018499999999999983,-0.00039800000000000946
41784,0.012097,0.004097000000000001,-0.061903,7.899999999999921e-05,0.0002479999999999991,-4.400000000000237e-05
41385,-0.012237999999999999,-0.0078060000000000004,-0.067655,0.00016099999999999969,9.200000000000007e-05,-0.0003569999999999962
41038,0.014358000000000001,0.007539,-0.06736199999999999,0.00023799999999999863,2.600000000000085e-05,-0.00015100000000001224
42203,-0.000479,-0.003413,-0.069875,0.000322,0.0002289999999999996,-0.00013899999999998636
42253,-0.0021160000000000003,0.006178,-0.064241,-0.00011099999999999955,8.799999999999954e-05,1.8000000000004124e-05
41022,-0.006838,0.0016510000000000001,-0.06481,-7.799999999999994e-05,7.099999999999988e-05,-0.0001649999999999846
37500,0.017547999999999998,-0.004025,-0.06715600000000001,0.00015400000000000483,5.400000000000023e-05,-1.8000000000004124e-05
42201,0.002458,0.012725,-0.06831100000000001,-0.00020999999999999968,0.00012400000000000085,0.00010500000000000786
37741,0.005026,0.0014370000000000001,-0.065814,0.00011099999999999912,-2.1000000000000185e-05,-0.0002960000000000046
41188,-0.00319,-0.011364,-0.065655,0.00014500000000000016,-4.89999999999987e-05,-6.899999999999962e-05
35939,0.00642,0.00401,-0.07360599999999999,8.99999999999998e-05,0.00015600000000000076,-0.00026500000000000135
41248,0.008301,-0.013061999999999999,-0.061884999999999996,2.5000000000000716e-05,-0.00010500000000000093,-0.00035600000000000215
41908,-0.008125,0.012205,-0.065887,-3.500000000000031e-05,0.00027699999999999947,7.200000000000262e-05
42011,0.009231,0.001785,-0.075639,0.00016700000000000048,0.0003330000000000002,-0.00037800000000000333
42239,-0.008316,0.00132,-0.065236,2.8999999999999512e-05,0.00011399999999999995,-0.0002889999999999976
41606,-0.014653000000000001,0.011242,-0.072272,-1.0999999999998858e-05,5.4999999999999494e-05,3.300000000000525e-05
34231,0.008308,-0.001596,-0.072434,0.00013800000000000097,0.0002049999999999999,-0.0002849999999999936
25194,-0.0005420000000000001,0.012496,-0.068146,9.000000000000002e-06,0.00021200000000000038,9.800000000000086e-05
41680,0.003811,-0.0037,-0.06872199999999999,0.00019000000000000006,0.00015700000000000002,-0.00013699999999999823
31974,0.010426999999999999,0.008087,-0.069415,0.00017900000000000034,5.199999999999823e-05,-0.00018799999999999373
39928,-0.008227,0.0034649999999999998,-0.067388,-6.000000000000796e-06,0.0003210000000000001,-0.00014300000000000423
39456,-0.007037,-0.00501,-0.067437,0.00028499999999999966,0.00021000000000000012,-5.7000000000001494e-05
41353,0.014841,0.006618000000000001,-0.069593,0.00022199999999999998,4.099999999999937e-05,-0.00016100000000000836
42003,0.006704,3.7e-05,-0.07572799999999999,8.900000000000054e-05,0.00017999999999999998,-0.000124000000000013
39474,-0.001201,-0.01151,-0.069127,0.0001380000000000001,0.00011199999999999925,-3.400000000000625e-05
41651,0.014347,0.011359,-0.06453,0.00023099999999999857,0.00013900000000000023,-0.00010399999999999299
40785,0.003248,-0.006555,-0.069047,0.0002689999999999997,9.200000000000007e-05,-0.00028700000000000947
34250,-0.003689,0.00929,-0.061406,-8.59999999999997e-05,0.0002849999999999988,0.00011800000000000699
41937,-0.002471,-0.004013,-0.075355,0.00010399999999999993,0.00020100000000000022,-3.799999999999637e-05
40464,-0.010986000000000001,0.013054999999999999,-0.062625,4.200000000000037e-05,1.5000000000001124e-05,0.0001749999999999946
41313,0.006471,0.009309,-0.065066,4.6000000000000034e-05,6.0000000000001025e-05,9.999999999996123e-06
36320,0.002598,0.007291000000000001,-0.060971,5.499999999999993e-05,0.0002379999999999995,0.0001389999999999933
37391,0.001829,-0.010929,-0.068985,0.00017100000000000014,6.899999999999962e-05,-8.299999999999974e-05
42366,0.002512,-0.011833999999999999,-0.07167799999999999,0.00022400000000000024,1.4999999999997654e-05,4.799999999999249e-05
42345,0.010959,0.005327,-0.073098,0.00016399999999999922,8.399999999999987e-05,-0.00016500000000001236
41558,-0.013547,-7.9e-05,-0.072177,0.0001349999999999997,0.000227,-2.399999999998237e-05
42128,-0.002456,0.005515,-0.062695,-3.100000000000021e-05,0.00018300000000000087,-2.0000000000006124e-05
40481,-0.007660999999999999,0.00726,-0.064026,-2.8000000000000247e-05,0.00018199999999999987,-3.100000000000325e-05
38852,0.0062770000000000005,0.010366,-0.070132,-0.00010600000000000019,4.099999999999937e-05,4.400000000000237e-05
40998,-0.008097,-0.005059,-0.071195,-2.700000000000098e-05,8.100000000000034e-05,-0.0001260000000000011
41707,0.007562,0.009512,-0.065134,3.699999999999971e-05,0.00010699999999999946,5.4999999999999494e-05
41922,0.005483,-0.012561,-0.067723,0.00014000000000000037,4.799999999999943e-05,-8.099999999999774e-05
38870,-0.004098,0.007322,-0.062207,-6.000000000000016e-05,0.0002569999999999994,5.3999999999998494e-05
41426,0.010853999999999999,-0.006522,-0.073226,9.70000000000016e-05,-6.900000000000048e-05,-0.0002420000000000061
42414,-0.01599,0.0027930000000000003,-0.071256,8.299999999999974e-05,0.00029799999999999965,-0.00014400000000000523
40386,-0.005982,0.005039,-0.064274,1.2000000000000725e-05,0.00012499999999999924,-3.300000000000525e-05
41910,-0.008772,0.006838,-0.06487699999999999,-1.4000000000000123e-05,0.00016299999999999995,-5.000000000018878e-06
40257,0.012376,-0.00845,-0.07026600000000001,3.300000000000004e-05,0.00011999999999999858,-0.0002179999999999821
40574,-0.012425,-0.00424,-0.074687,8.5e-05,0.00020499999999999945,-0.0001860000000000056
39854,-0.01141,0.004523,-0.071655,0.00015900000000000115,0.00016299999999999995,-0.00017900000000001248
42360,-0.008433,-0.012461999999999999,-0.070195,0.00016900000000000075,1.0999999999998858e-05,-0.00020700000000001273
42215,-0.001258,-0.006914,-0.062654,0.00025100000000000014,0.0002469999999999998,-0.0001290000000000041
42311,0.0029,0.0018009999999999999,-0.06501,0.00017700000000000007,0.00013900000000000002,-0.00027900000000000147
42216,-0.014839,-0.001248,-0.072703,0.00016099999999999969,0.00024899999999999987,-0.00023000000000000798
41841,-0.013744,-0.005823,-0.069381,1.0999999999998858e-05,9.500000000000047e-05,-0.00038299999999999446
42268,-0.010974,-0.007566,-0.060932,0.00016500000000000022,0.00019700000000000013,-0.00046900000000000414
40539,0.000244,-0.004933,-0.064836,0.00021000000000000004,0.00019499999999999986,-0.00034100000000000796
42241,0.009420999999999999,0.012842000000000001,-0.068742,9.999999999999593e-06,-0.0001930000000000022,9.199999999999486e-05
35938,0.0062050000000000004,0.002812,-0.073669,3.8999999999999105e-05,0.00012800000000000008,-0.0002460000000000101
42450,0.003662,-0.012678,-0.074033,0.00014400000000000003,0.00013900000000000023,-7.200000000000262e-05
31131,0.010022999999999999,0.0063739999999999995,-0.070426,0.00016700000000000048,4.60000000000009e-05,-0.00014699999999999436
41049,-0.012273999999999998,-0.006246000000000001,-0.073037,0.0001889999999999982,6.000000000000796e-06,-0.00010299999999999199
41452,-0.005599,-0.012101,-0.067768,0.00017200000000000028,0.00014800000000000056,-8.800000000000474e-05
37360,0.006678,0.0035800000000000003,-0.06251,0.00021000000000000012,0.00017699999999999964,-4.000000000004e-06
39877,0.000619,0.009205,-0.062079,-5.100000000000005e-05,0.00011000000000000072,5.200000000000343e-05
40737,0.006098,0.001288,-0.072071,0.00011300000000000025,0.0001870000000000001,-0.00021300000000000485
36510,-0.012635,0.008316,-0.073749,-1.9999999999999185e-05,7.700000000000068e-05,-0.00010900000000001187
41754,0.014266,-0.012395,-0.062939,0.00012800000000000138,0.00016099999999999969,-0.00014400000000000523
40087,0.002347,0.008272,-0.076887,6.899999999999962e-05,0.00016500000000000022,-3.600000000000825e-05
41336,-0.005714,0.007271,-0.070445,0.00017400000000000054,0.0002409999999999999,-2.6000000000012125e-05
42329,0.003193,0.0026070000000000004,-0.060242,0.00020899999999999998,0.00016099999999999925,-0.00023300000000000404
42196,-0.002471,0.005117,-0.069672,0.00010599999999999976,0.0002329999999999997,-6.40000000000085e-05
37157,-0.009401,-0.007656,-0.069586,8.199999999999874e-05,0.00012299999999999898,-0.00019399999999999973
39546,-0.001052,-0.0006670000000000001,-0.073203,0.00017500000000000003,0.0002510000000000001,-0.0002779999999999866
41962,0.006502,0.00796,-0.073366,0.00011699999999999992,0.00022900000000000004,-0.0001719999999999916
41775,-0.004368,-0.0077339999999999996,-0.076435,0.00011500000000000052,0.00023999999999999976,-0.00010599999999999499
40711,-0.005736,0.006808,-0.065738,7.500000000000041e-05,0.00027999999999999987,2.5000000000011124e-05
37364,-0.002698,0.005063,-0.063634,-2.6000000000000415e-05,0.00014000000000000037,-8.199999999999874e-05
37980,0.0005989999999999999,0.00783,-0.06379,-3.200000000000002e-05,0.00014699999999999956,-1.8000000000004124e-05
42213,0.003532,-0.009007,-0.06713200000000001,0.000307,-9.999999999992654e-07,-7.199999999998874e-05
41762,-0.0050739999999999995,-0.004176,-0.06873900000000001,0.0001849999999999994,0.00010099999999999953,-0.0003349999999999881
36005,0.008072,-0.009965,-0.070893,0.00013800000000000097,5.699999999999976e-05,-0.0002500000000000002
40585,0.009022,-0.000755,-0.07259600000000001,8.700000000000027e-05,0.0001650000000000001,-0.0004719999999999863
41939,-0.008827,-0.009958999999999999,-0.065915,0.00022300000000000098,5.199999999999823e-05,-0.00025399999999999034
40760,0.000852,-0.011694000000000001,-0.07473,0.0002320000000000001,0.00015500000000000236,0.00011600000000000499
42247,0.000759,-0.00033400000000000004,-0.066265,0.00017700000000000007,0.00024200000000000003,-0.00016800000000000148
32320,0.010128999999999999,0.006699,-0.067333,3.400000000000104e-05,8.900000000000054e-05,-0.00013099999999999223
41107,0.007958,0.002078,-0.062279,0.00021000000000000012,0.00017700000000000007,-6.300000000000056e-05
41715,-0.002755,-0.012962999999999999,-0.06522499999999999,9.600000000000017e-05,4.0999999999997636e-05,-9.800000000000086e-05
39207,-0.001966,-0.011435,-0.07271899999999999,0.00011199999999999969,8.3999999999999e-05,-3.400000000000625e-05
41741,-0.00974,-0.0022949999999999997,-0.067078,0.00021000000000000185,0.0003269999999999996,-0.0005450000000000038
38346,0.001557,0.0062569999999999995,-0.077026,7.59999999999999e-05,0.00018000000000000047,-0.00016000000000000736
40709,0.007359,-0.007585,-0.071765,0.00017100000000000014,9.49999999999996e-05,-0.0004140000000000116
42433,0.001053,0.004489,-0.075834,6.000000000000146e-06,0.00021400000000000065,-0.0003090000000000037
38324,-0.001955,0.009359,-0.064134,-0.00012899999999999977,0.0002570000000000003,1.0999999999997123e-05
41542,0.016874,0.006392999999999999,-0.07259399999999999,0.00012900000000000064,7.000000000000062e-05,-9.600000000001274e-05
22096,-0.010253,0.011192,-0.070287,4.2999999999999636e-05,0.00032300000000000037,0.00015900000000000636
41763,0.012719,-0.005154,-0.069713,6.800000000000209e-05,3.9999999999996635e-06,-9.299999999999586e-05
41819,-0.01384,0.0072569999999999996,-0.06631999999999999,0.0001910000000000002,0.0001410000000000005,-5.000000000018878e-06
38683,-0.008968,-0.006557,-0.07075100000000001,4.5999999999999167e-05,7.300000000000015e-05,-8.499999999998786e-05
41067,0.010856,0.01142,-0.071629,0.00012299999999999985,-0.00022099999999999898,-0.00012099999999999611
40449,-0.001571,0.013284,-0.070162,2.0000000000000486e-06,0.0001999999999999988,-3.500000000000725e-05
36255,-0.008128999999999999,-0.004065,-0.068703,0.00026699999999999814,0.00016199999999999982,-0.00016700000000000048
41909,-0.004562,0.000161,-0.06714700000000001,0.00014300000000000077,0.000251,-0.00015299999999998648
36245,-0.011439,0.007943,-0.07576300000000001,-3.0000000000000512e-05,0.0001810000000000006,-0.00013899999999998636
41109,-0.0006039999999999999,-0.000231,-0.06876900000000001,6.899999999999994e-05,0.000299,-0.00036999999999998145
36250,0.009838,0.010093,-0.07404000000000001,7.200000000000088e-05,-7.499999999999868e-05,-0.00043499999999999095
40162,0.008422,-0.000867,-0.070205,0.00025199999999999875,0.0001780000000000001,-0.0002299999999999941
42242,0.011877,0.000634,-0.070927,-2.1000000000000185e-05,0.00017,-2.2999999999995246e-05
42142,0.011384,-0.010622,-0.061378999999999996,0.00015399999999999962,8.699999999999854e-05,-0.00015800000000000536
29657,0.0016539999999999999,0.007436,-0.069803,-4.399999999999977e-05,0.00019000000000000006,3.600000000000825e-05
41358,0.008867000000000002,0.00095,-0.06859,0.00024199999999999916,0.00019999999999999998,-9.200000000000874e-05
32657,-0.003104,0.009604,-0.068744,-3.799999999999984e-05,0.00020700000000000059,7.000000000007001e-06
41405,-0.009487,-0.008709,-0.067758,0.00016000000000000042,0.00010899999999999972,-0.00027000000000000635
41490,-0.015416000000000001,-0.006078999999999999,-0.07484099999999999,2.8000000000000247e-05,2.1999999999998583e-05,-0.00017700000000001048
41148,0.013845000000000001,0.008400000000000001,-0.06510099999999999,0.0001389999999999985,0.00019699999999999752,-0.00012000000000000899
41623,0.010836,-0.000906,-0.064477,0.00014699999999999956,0.000219,-6.499999999999562e-05
41959,-0.008871,0.000741,-0.064959,9.999999999999593e-06,0.0001910000000000001,-0.00031999999999998696
39195,0.001582,0.011271000000000002,-0.065277,-1.0000000000001327e-06,0.00018099999999999887,0.00013799999999999923
40376,-0.000828,-0.011281000000000001,-0.068235,0.00020199999999999992,0.00012100000000000131,-9.800000000000086e-05
41995,-0.0019219999999999999,-0.001147,-0.072733,0.00021099999999999982,0.0001510000000000001,-0.0001810000000000006
41041,-0.011907,0.004325,-0.07784300000000001,0.0001559999999999999,0.00024000000000000063,-9.399999999998299e-05
35897,0.017803,-0.003576,-0.07047400000000001,0.00011100000000000346,0.00010300000000000023,-9.399999999998299e-05
42309,0.00039600000000000003,0.011105,-0.058781,4.7999999999999974e-05,0.00014299999999999903,2.2999999999995246e-05
42007,-0.002512,0.0069240000000000005,-0.064238,-8.099999999999991e-05,0.00016299999999999908,-6.599999999999662e-05
42327,-0.005651,0.011151999999999999,-0.061609000000000004,4.999999999999796e-06,0.0003030000000000012,0.00016700000000000048
42291,-0.004386999999999999,-0.009616,-0.063985,0.00018899999999999906,0.0001349999999999997,-0.00011600000000000499
38440,0.0076820000000000005,-0.003967,-0.064683,0.0001890000000000008,0.0001990000000000004,-0.00010000000000000286
42058,-0.011087999999999999,0.008074999999999999,-0.072714,-5.000000000001531e-06,0.0002380000000000021,-2.4999999999997247e-05
40999,-0.002012,-0.009972,-0.065555,7.799999999999994e-05,9.300000000000107e-05,-3.9999999999901226e-06
42055,0.00737,0.008435,-0.062314999999999995,-2.999999999999531e-06,0.00020599999999999959,7.899999999999574e-05
41914,0.0037530000000000003,-0.0027890000000000002,-0.070377,0.00036099999999999934,0.0002040000000000002,-0.0001330000000000081
41564,0.004732,0.012327,-0.067845,-0.00010600000000000019,0.00011500000000000052,8.199999999999874e-05
42034,0.016189,-0.007885,-0.07409600000000001,0.00016000000000000042,7.999999999999327e-06,-7.899999999998186e-05
42367,0.000757,0.0060220000000000004,-0.061301,0.00010500000000000006,8.599999999999927e-05,-0.00020499999999999685
41695,-0.0022029999999999997,-0.005409,-0.07264100000000001,0.0001309999999999996,0.0002349999999999991,-5.5999999999986616e-05
42090,0.012077,0.00567,-0.066422,0.00012100000000000131,0.00027700000000000034,-0.0001390000000000141
41617,0.002764,-0.003639,-0.06712699999999999,0.00032899999999999987,6.499999999999995e-05,-0.0003630000000000022
41776,-0.009166,0.008048999999999999,-0.061806,-6.299999999999882e-05,0.0001799999999999996,-5.100000000000243e-05
27255,-0.010395,0.008444,-0.067543,4.200000000000037e-05,0.0002760000000000002,8.000000000001062e-05
34753,-0.015888,0.006665,-0.07298600000000001,-9.800000000000086e-05,0.00013599999999999984,3.600000000000825e-05
41146,-0.014480999999999999,-0.001371,-0.06803400000000001,6.600000000000009e-05,0.00016399999999999987,-0.0002969999999999917
40052,0.009034,0.006757,-0.06681999999999999,1.6999999999999654e-05,0.00024999999999999935,-0.0001420000000000171
40724,-0.013784000000000001,0.011045999999999999,-0.068369,-3.299999999999831e-05,0.0002370000000000011,9.800000000000086e-05
39224,0.009476,0.011032,-0.063764,-8.100000000000121e-05,0.00012599999999999938,4.899999999999349e-05
39534,-0.004212,-0.0053289999999999995,-0.070797,0.00010799999999999959,-3.600000000000044e-05,-0.00025599999999999234
36426,0.005123,-0.011234,-0.067884,0.00020000000000000052,4.799999999999943e-05,-0.00018299999999998873
41688,-0.013456,0.011202,-0.071744,-9.000000000000327e-06,0.00014000000000000123,3.799999999999637e-05
42316,-0.014240000000000001,-0.007667,-0.07468999999999999,0.00014900000000000156,3.899999999999997e-05,-3.600000000000825e-05
40860,0.015929,-0.005418999999999999,-0.06547,0.00013600000000000417,0.00015599999999999902,1.8000000000004124e-05
42212,0.015710000000000002,0.004039,-0.068793,0.00022900000000000004,5.099999999999983e-05,-0.00016199999999999548
29467,0.010925,0.0037080000000000004,-0.073874,0.00010199999999999793,9.49999999999996e-05,-0.00022099999999999898
42225,-0.005730000000000001,0.00916,-0.072181,7.200000000000002e-05,0.00018800000000000067,1.8000000000004124e-05
41915,-0.002872,-0.009826,-0.065246,0.00012399999999999998,9.699999999999986e-05,-0.00015100000000001224
33296,0.000902,-0.001941,-0.069518,7.099999999999999e-05,0.00010300000000000001,-0.0002530000000000032
36512,0.010435999999999999,-0.0018189999999999999,-0.070835,7.300000000000188e-05,9.199999999999985e-05,-0.00017800000000001148
38869,0.00435,0.011631,-0.072127,-0.0001559999999999999,4.4000000000000636e-05,-0.0001280000000000031
40490,-0.0017829999999999999,-0.007295,-0.068908,0.000147,-8.199999999999961e-05,-0.0002410000000000051
40308,0.008901999999999998,-0.002763,-0.069214,0.00024000000000000063,0.00010899999999999972,-0.00028100000000000347
33298,-0.008548,0.010558,-0.067584,-6.199999999999956e-05,0.00025500000000000175,0.00016700000000000048
41009,-0.003849,-0.003883,-0.065688,0.000258,1.9000000000000353e-05,-0.0004100000000000076
40178,-0.007197,0.000609,-0.063436,-5.999999999999929e-06,9.000000000000002e-05,-0.00025299999999998934
34139,0.006494,-0.004687,-0.06827599999999999,0.00026599999999999974,0.00014500000000000016,-0.00015500000000000236
41930,-0.007535999999999999,-0.009695,-0.061395000000000005,0.0002299999999999993,3.5999999999999574e-05,-0.0003379999999999911
39204,-0.00785,-0.0065650000000000005,-0.069074,0.00013099999999999917,0.00016800000000000061,-9.199999999999486e-05
29876,-0.0061790000000000005,0.002227,-0.07604000000000001,0.00012000000000000031,0.00011000000000000029,-0.00013199999999999323
41014,0.006889,-0.0037370000000000003,-0.06506999999999999,0.00027399999999999994,0.0001330000000000003,-0.0001990000000000186
41325,-0.0031509999999999997,-0.008031,-0.069059,9.999999999999593e-06,-6.600000000000009e-05,-0.0001789999999999986
39232,0.000323,0.008468999999999999,-0.067041,5.6000000000000006e-05,0.0001510000000000001,0.00014200000000000323
39517,0.006006999999999999,-0.000165,-0.076033,7.700000000000068e-05,0.000246,-9.999999999998899e-05
40704,0.006687,0.008441,-0.077012,0.00011699999999999992,0.000168999999999999,-0.0003520000000000051
34746,0.010078,0.001593,-0.068611,3.4999999999998574e-05,0.00032400000000000007,-0.00012899999999999023
38949,-0.013885,-0.005934,-0.072865,0.00014899999999999983,5.199999999999996e-05,-0.00014699999999999436
39875,-0.007683,0.005551,-0.076367,9.999999999992654e-07,0.0001349999999999997,-4.800000000000637e-05
41951,0.013996,-0.007494,-0.069593,-5.999999999999062e-06,0.00011399999999999952,-1.4000000000000123e-05
41366,-0.00796,0.005533000000000001,-0.069525,0.00015200000000000023,0.00041399999999999944,-0.00025399999999999034
37192,-5.2e-05,-0.009651,-0.071601,0.000144,5.599999999999876e-05,-0.00017300000000000648
42387,-0.01282,0.010478,-0.06508199999999999,-0.00011300000000000025,0.00023300000000000057,3.499999999999337e-05
41045,-0.010207,-0.005331000000000001,-0.06717100000000001,0.00013300000000000117,7.500000000000041e-05,-0.00011399999999998911
41728,0.014839999999999999,-0.01033,-0.06995799999999999,0.00013900000000000023,5.300000000000096e-05,2.3999999999996247e-05
41177,0.012228999999999999,0.008981,-0.07006399999999999,0.00019500000000000073,-1.2999999999999123e-05,-0.0002480000000000121
40126,0.001332,0.00529,-0.073394,0.00011099999999999999,0.00021299999999999965,-0.00016000000000000736
41079,0.001452,0.010551999999999999,-0.07174,-2.6999999999999897e-05,0.0002480000000000017,-3.700000000000925e-05
39275,-0.005391,-0.000252,-0.065778,-3.199999999999991e-05,0.000254,-0.0004499999999999921
40621,0.002094,-0.012632999999999998,-0.06536499999999999,0.00012399999999999998,7.399999999999941e-05,1.9999999999881224e-06
41932,-0.014493,-0.008182,-0.072667,4.4000000000000636e-05,0.00011299999999999852,-0.0001310000000000061
33543,-0.007233,0.009264,-0.06439199999999999,-4.49999999999999e-05,0.00029900000000000065,7.299999999998974e-05
41947,-0.013125999999999999,-0.003464,-0.06704399999999999,0.00015699999999999915,0.00015700000000000002,-0.0003700000000000092
42471,-0.005513,0.001873,-0.067533,0.00016500000000000022,0.0003389999999999999,-0.00021800000000000985
37397,0.012019,-0.000498,-0.073052,0.00011699999999999905,9.599999999999995e-05,-7.299999999998974e-05
42355,-0.005428,0.004785,-0.063908,3.199999999999991e-05,0.00017,-5.4999999999999494e-05
39674,-0.012128,0.00575,-0.071518,7.599999999999968e-05,0.00028300000000000027,-8.799999999999086e-05
28570,-0.006104,0.012202999999999999,-0.068119,7.200000000000002e-05,8.300000000000148e-05,9.299999999999586e-05
39899,-0.004522,0.005797,-0.072241,0.00015999999999999955,0.0002360000000000001,-0.00016399999999999748
39191,0.001173,0.010224,-0.07465000000000001,4.2000000000000154e-05,0.00020199999999999906,-9.999999999871223e-07
40199,-0.000635,-0.005592,-0.068703,0.00015200000000000006,8.399999999999987e-05,-0.00014900000000001024
41020,0.003839,0.008764,-0.064764,-4.199999999999994e-05,0.00018199999999999987,-3.100000000000325e-05
42266,0.013814,-0.007906,-0.067976,0.00018199999999999987,1.4999999999999389e-05,-0.0001890000000000086
36506,0.016581,0.00413,-0.068854,0.00013100000000000264,8.80000000000004e-05,-7.400000000000462e-05
40716,-0.008474,0.002798,-0.066468,-4.49999999999999e-05,0.00017299999999999998,-0.00015300000000000036
40839,-0.005469,-0.009210000000000001,-0.065197,0.00019399999999999973,4.800000000000117e-05,-0.00025599999999999234
41552,-0.010726000000000001,0.00614,-0.074544,3.300000000000178e-05,0.0002840000000000004,-0.00015300000000000036
39859,-0.00949,0.00048699999999999997,-0.07201300000000001,9.999999999999593e-06,0.00022899999999999998,-0.00011300000000000199
38573,-0.011776,0.00147,-0.06979,0.0001299999999999999,0.000361,-0.00021199999999998997
41906,0.007527,0.004061,-0.074225,0.0001540000000000005,0.00024499999999999956,-0.0002339999999999981
39212,-0.007678,0.008006000000000001,-0.06905,6.200000000000042e-05,0.0003109999999999988,8.400000000000074e-05
38854,-0.004539,0.006073,-0.063857,-1.4000000000000123e-05,0.00021599999999999918,5.3999999999998494e-05
41220,0.005714,0.010141,-0.064146,-2.3999999999999716e-05,0.00013199999999999844,2.1999999999994246e-05
41010,-0.010295,-0.000539,-0.073769,4.200000000000037e-05,0.00025100000000000003,-0.00015300000000000036
41918,0.004717,0.009288000000000001,-0.07311100000000001,-6.499999999999995e-05,0.00010299999999999893,-0.00018899999999999473
36266,0.012243,-0.0035110000000000002,-0.06510200000000001,8.700000000000027e-05,0.0002030000000000005,-0.00010499999999998011
38281,-0.011911,0.006012,-0.066224,3.5999999999999574e-05,0.00019300000000000046,5.0000000000050004e-06
40996,-0.004516,-0.010461,-0.07131699999999999,5.400000000000023e-05,0.00016699999999999875,-0.0001880000000000076
41528,-0.011640000000000001,-0.007199,-0.07442499999999999,0.00016299999999999995,0.00024399999999999943,-0.00010200000000000486
41355,0.008319,-0.002644,-0.07022400000000001,0.0002689999999999984,0.00010900000000000016,-0.00030799999999998884
39196,0.0061719999999999995,0.0075309999999999995,-0.063822,-4.2999999999999636e-05,0.00016900000000000075,2.000000000002e-06
32050,0.005292,-0.011417,-0.069595,7.900000000000094e-05,8.000000000000021e-05,-0.00012099999999999611
40183,-0.014199,0.00561,-0.07406,-7.300000000000015e-05,0.0001349999999999997,-0.00012199999999999711
41029,-0.014788,0.009266,-0.07167100000000001,-1.0999999999998858e-05,0.0002680000000000009,-7.499999999997786e-05
37740,0.004423,-0.008112,-0.06625199999999999,0.0002660000000000006,8.5e-05,-0.00016000000000002124
41057,0.015602,-0.0007930000000000001,-0.06929900000000001,-5.7999999999999025e-05,5.100000000000005e-05,-3.199999999999037e-05
38885,0.0023090000000000003,-0.002695,-0.06665399999999999,0.00016299999999999952,6.499999999999995e-05,-0.0003010000000000096
42257,-0.003189,0.009678,-0.06720699999999999,0.00011299999999999982,0.00020799999999999812,6.799999999999862e-05
41081,0.007932,0.011796,-0.06988899999999999,-8.400000000000074e-05,-0.0002299999999999993,-0.00011300000000000199
39523,-0.011566,0.005004,-0.063524,5.6000000000000494e-05,7.499999999999955e-05,-0.00014500000000000624
30446,-0.008400000000000001,0.010917,-0.070424,-1.9999999999985307e-06,0.00012700000000000038,0.00011500000000000399
36494,0.009597,-0.0073620000000000005,-0.070555,8.100000000000121e-05,1.700000000000052e-05,-0.00026299999999998547
38872,-0.0009360000000000001,-0.007214000000000001,-0.06794,0.000152,-9.899999999999926e-05,-0.00023100000000000898
41905,0.001016,0.010878,-0.069298,6.000000000000146e-06,0.00020999999999999838,2.3999999999996247e-05
42228,0.0014370000000000001,-0.002837,-0.059103,0.00015299999999999992,0.0002040000000000002,-0.0004580000000000001
40437,-0.01077,-0.009285999999999999,-0.06916800000000001,4.99999999999997e-05,1.6999999999999654e-05,-0.00025899999999999535
38582,0.01053,5e-05,-0.065372,0.00010899999999999972,0.000233,-3.0000000000002247e-05
42364,0.011472,-0.011741,-0.064861,0.00021000000000000012,-8.800000000000127e-05,-0.00015700000000000436
42014,0.012975,0.001471,-0.072607,5.6000000000000494e-05,0.00020600000000000002,-7.999999999994123e-06
41003,0.006552,0.012407999999999999,-0.06911199999999999,-9.8e-05,-5.7999999999999025e-05,-6.80000000000125e-05
38874,0.00175,-0.009063,-0.069743,0.00018599999999999997,7.300000000000015e-05,-0.0001890000000000086
40727,-0.008471,-0.00185,-0.06669,0.00023300000000000057,0.00019300000000000003,-0.00043699999999999295
37975,-0.003311,0.011239,-0.066831,5.000000000000013e-05,0.00011799999999999831,0.00012100000000000999
35102,-0.006889999999999999,-0.006269,-0.068774,0.0001469999999999987,0.00016000000000000042,-0.00014400000000000523
41042,-0.011412,0.008106,-0.071024,-8.400000000000074e-05,0.00025699999999999855,0.00013299999999999423
42207,0.0009649999999999999,0.0020510000000000003,-0.065584,7.10000000000001e-05,6.399999999999982e-05,-0.00019099999999999673
41766,0.0022429999999999998,-0.002843,-0.063308,0.0003840000000000002,4.0999999999999804e-05,-0.0004959999999999964
40234,-0.009162,-0.006486,-0.067236,7.099999999999988e-05,0.00015700000000000002,-0.00016700000000000048
41402,-0.012589000000000001,0.005125,-0.064303,6.900000000000135e-05,3.699999999999971e-05,-3.499999999999337e-05
37423,0.003128,0.003435,-0.06979099999999999,0.0001839999999999997,0.0002460000000000001,-0.00012200000000001099
36723,0.015354,0.003197,-0.06714700000000001,2.1000000000000185e-05,0.00020199999999999992,4.500000000000337e-05
41363,0.015452,0.001991,-0.06585200000000001,0.00010199999999999966,0.00021199999999999952,5.7000000000001494e-05
39663,0.014553,-0.012257,-0.06993600000000001,0.00010300000000000066,0.0001370000000000017,-3.399999999999237e-05
36549,0.0031669999999999997,0.005998,-0.062739,5.8000000000000326e-05,0.00018000000000000047,4.300000000000137e-05
29830,0.001655,0.011845000000000001,-0.06901600000000001,2.3000000000000017e-05,0.00011899999999999931,7.900000000000962e-05
41092,-0.010724000000000001,0.001817,-0.06401000000000001,-1.3999999999998389e-05,0.00013999999999999993,-0.00037299999999998446
41933,-0.009958,-0.0069429999999999995,-0.06555200000000001,0.00010800000000000046,7.099999999999988e-05,-0.00029499999999997584
37470,0.00441,0.004997,-0.066652,6.000000000000016e-05,0.00020100000000000066,-4.000000000004e-06
35610,-0.006341,-0.000482,-0.073467,-2.8999999999999512e-05,0.000266,-3.100000000000325e-05
39404,0.005104,0.006854,-0.06626900000000001,5.3000000000000096e-05,0.0002149999999999999,2.2000000000008124e-05
17102,0.00034399999999999996,0.009519,-0.06799,1.9000000000000028e-05,0.00019300000000000046,3.699999999999537e-05
41706,-0.006894999999999999,-0.006234,-0.06704900000000001,0.000266999999999999,0.00016099999999999969,-0.00017599999999998173
34728,0.000771,0.009986,-0.06782200000000001,-5.999999999999929e-06,0.00019000000000000093,6.90000000000135e-05
42234,3.9e-05,0.010895,-0.068554,-2.2e-05,0.0001460000000000003,3.700000000000925e-05
35113,0.011378000000000001,0.004271,-0.06756100000000001,7.899999999999921e-05,0.0001860000000000004,-0.00013099999999997836
41649,0.000771,-0.009424,-0.06861199999999999,0.0001650000000000001,8.99999999999998e-05,-0.0001260000000000011
40720,-0.004312,-0.006673,-0.06900400000000001,0.0002520000000000005,2.2999999999999583e-05,-0.00024299999999999322
39835,0.0026379999999999997,0.002426,-0.067668,0.0001780000000000002,0.00023999999999999976,-1.2999999999985246e-05
42041,0.006136999999999999,0.0024980000000000002,-0.061344,0.00015900000000000115,0.00013599999999999984,-0.0001460000000000003
40997,-0.005059999999999999,0.008465,-0.07241,6.199999999999956e-05,0.00017800000000000107,-1.1999999999998123e-05
41416,0.011977999999999999,-0.012619,-0.062100999999999996,-4.49999999999999e-05,0.00016500000000000022,-0.00013400000000000217
42218,-0.012683999999999999,0.006764999999999999,-0.06903000000000001,3.399999999999931e-05,0.0003630000000000005,-0.00013499999999999623
39337,0.016374,0.003254,-0.068767,7.400000000000115e-05,7.200000000000002e-05,1.6999999999989246e-05
42020,-0.015502,-0.007871000000000001,-0.073241,6.300000000000056e-05,0.00021100000000000112,-9.800000000000086e-05
37358,0.010335,0.005842,-0.068319,7.799999999999994e-05,0.00016100000000000055,-0.00015500000000000236
40008,6.1e-05,-0.007008,-0.069884,0.00010200000000000001,4.1000000000001105e-05,-5.4999999999985616e-05
36082,0.003791,4.2999999999999995e-05,-0.06662,0.0001510000000000001,4.6e-05,-0.0004040000000000016
22358,0.009747,0.003625,-0.07011400000000001,0.00014400000000000003,0.00035300000000000045,-0.0002229999999999871
41665,0.011597,-0.008112999999999999,-0.066718,4.200000000000037e-05,0.00016499999999999848,-0.00014699999999999436
27266,0.0019479999999999999,0.008594,-0.072499,-6.400000000000004e-05,0.0001930000000000022,-8.999999999995123e-06
41703,-0.005568,-0.001206,-0.069147,0.0002040000000000002,0.00025600000000000004,-0.0004100000000000076
39521,0.004685,0.00316,-0.065488,9.000000000000067e-05,8.5e-05,-0.00011599999999999111
28193,-0.000244,0.007794,-0.071244,6.9e-05,0.00021200000000000125,5.6000000000000494e-05
37366,0.010024,0.00552,-0.063984,0.00010600000000000019,0.0002620000000000001,-6.599999999999662e-05
41977,0.0006760000000000001,0.00217,-0.065314,5.39999999999999e-05,7.800000000000038e-05,-0.0001840000000000036
42285,-0.010005,-0.00835,-0.066229,5.699999999999976e-05,6.100000000000029e-05,-0.0004060000000000036
39954,0.0014750000000000002,-0.00145,-0.06564199999999999,0.00021699999999999975,0.00014399999999999981,-0.00031799999999999884
40735,-0.013014,-0.0005819999999999999,-0.072889,-4.999999999999796e-06,0.00022099999999999995,-0.00011899999999999411
39510,0.004404,0.00392,-0.070243,0.0002230000000000001,0.0002919999999999997,-0.00011400000000000299
39923,-0.000118,0.005791,-0.069615,0.00011899999999999999,0.0002279999999999999,-7.10000000000155e-05
29483,0.007091,0.0072770000000000005,-0.069088,4.99999999999997e-05,0.000181999999999999,-0.0001850000000000046
42137,-0.014335,0.0009649999999999999,-0.066473,8.599999999999927e-05,0.00021400000000000021,-0.0004079999999999917
41935,-0.013128,-0.002812,-0.06629600000000001,0.00022600000000000224,0.0001929999999999996,-0.0004669999999999952
41005,0.000414,-0.0042699999999999995,-0.06985,0.000219,0.00017899999999999947,-0.00021200000000000385
32999,0.001686,0.009826,-0.067391,-2.5000000000000066e-05,0.00018900000000000167,6.40000000000085e-05
38631,0.0058319999999999995,-0.008365000000000001,-0.069687,0.00025100000000000035,0.00010400000000000166,-0.00016599999999999948
41032,0.003505,0.006392999999999999,-0.06800400000000001,8.999999999999894e-06,0.00011500000000000052,-0.00010499999999998011
37988,0.008993000000000001,0.007462,-0.06612699999999999,0.00010099999999999866,0.00019000000000000006,-6.70000000000115e-05
39077,0.008487,-0.0034750000000000002,-0.06560500000000001,3.400000000000104e-05,0.00018700000000000053,-0.00015599999999998948
39605,-0.001893,0.001053,-0.065333,2.599999999999998e-05,7.000000000000018e-05,-8.700000000000374e-05
36518,0.014346,-0.003699,-0.06820999999999999,0.00014300000000000077,5.700000000000019e-05,-4.400000000001625e-05
41320,0.008149,0.005707,-0.067092,-0.00010399999999999993,0.0002329999999999997,-5.200000000001037e-05
39962,0.009278,0.005411,-0.06735200000000001,-2.8999999999999512e-05,0.0003020000000000002,-5.999999999992123e-06
37982,0.009083,-0.000262,-0.06699200000000001,9.699999999999813e-05,0.00017400000000000003,-0.00010199999999999099
42298,-0.0005110000000000001,-0.003813,-0.064121,0.00024200000000000003,0.00020199999999999992,-0.0004650000000000071
41546,0.013026999999999999,-0.010331,-0.069134,0.00020500000000000032,0.00019300000000000046,-1.0999999999997123e-05
36191,-0.000789,0.007423,-0.066135,-2.8999999999999946e-05,0.00026700000000000074,3.899999999999737e-05
34145,0.014452,0.000972,-0.069048,2.2000000000001185e-05,2.3999999999999933e-05,-6.30000000000075e-05
42205,-0.010681,-0.001512,-0.062322,0.00010899999999999972,0.0002450000000000002,-0.0003019999999999967
41393,-0.0013839999999999998,0.0020310000000000003,-0.069623,0.00020399999999999997,0.00032499999999999977,-0.0003379999999999911
35128,0.013429,0.002742,-0.067179,0.0001020000000000014,0.0002949999999999997,-1.000000000001e-06
41343,-0.0011040000000000002,-0.003512,-0.06563899999999999,0.00018400000000000014,0.00017599999999999994,-0.0004920000000000063
41735,0.015613,-0.00491,-0.0664,0.00010499999999999919,9.8e-05,-3.600000000000825e-05
37734,0.011662,-0.003661,-0.066918,0.0001789999999999986,0.00026800000000000044,-0.00021199999999998997
37969,-0.003258,0.003236,-0.06766,1.7000000000000088e-05,0.0002159999999999996,8.900000000000574e-05
35618,-0.007128,0.003718,-0.065455,4.49999999999999e-05,0.00015999999999999999,-0.0001350000000000101
39005,-0.012331,0.0005340000000000001,-0.072489,7.099999999999988e-05,0.0003029999999999999,-0.00010599999999999499
42330,-0.011495,-0.008764,-0.06617,-2.599999999999998e-05,7.899999999999921e-05,-0.00030499999999998584
15880,-0.000838,0.006046,-0.070858,2.6999999999999897e-05,0.0001719999999999994,-5.3999999999998494e-05
40196,-0.007444,0.006376000000000001,-0.063891,-3.699999999999971e-05,0.0001499999999999991,-4.899999999999349e-05
41620,0.000375,0.001967,-0.063296,0.00019299999999999992,0.0003060000000000003,-7.699999999999374e-05
34833,0.012099,-0.002074,-0.065301,7.300000000000015e-05,0.00019499999999999986,-7.700000000000762e-05
38585,0.007399,-0.010084,-0.067275,0.00021400000000000065,-2.2000000000001185e-05,-0.00018199999999998773
34209,0.004365,0.007669,-0.069352,7.799999999999994e-05,0.00028999999999999946,8.800000000000474e-05
40132,-0.002282,0.002441,-0.06644499999999999,7.100000000000032e-05,0.0003210000000000001,-8.300000000001362e-05
41004,0.001676,0.001177,-0.06743500000000001,0.0001789999999999999,0.0003489999999999999,-0.0005089999999999956
33280,0.010276,0.001066,-0.067982,6.300000000000056e-05,0.000307,2.5999999999998247e-05
