Particle,x,y,z,Vx,Vy,Vz
36003,-0.013057000000000001,0.00132,-0.077042,0.0,0.0,0.0
36780,0.00076,0.013094,-0.063981,0.0,0.0,0.0
34508,-0.005221,0.005404,-0.064046,0.0,0.0,0.0
29943,0.013589,0.006043,-0.06694599999999999,0.0,0.0,0.0
36890,-0.010721999999999999,-0.004529,-0.07248600000000001,0.0,0.0,0.0
36481,0.0047729999999999995,-0.008356,-0.066048,0.0,0.0,0.0
36573,0.0049169999999999995,-0.00325,-0.064373,0.0,0.0,0.0
36934,-0.005068,-0.009487,-0.077901,0.0,0.0,0.0
25119,0.009063,0.004358,-0.07097400000000001,0.0,0.0,0.0
34188,-0.0064470000000000005,0.008326,-0.075789,0.0,0.0,0.0
25108,0.006974999999999999,0.008829,-0.07566500000000001,0.0,0.0,0.0
35314,-0.003904,0.005545,-0.063851,0.0,0.0,0.0
27005,9.4e-05,-0.006267,-0.073146,0.0,0.0,0.0
35337,0.008872,0.010772,-0.06534699999999999,0.0,0.0,0.0
35900,-0.009311,-0.007099,-0.068747,0.0,0.0,0.0
35345,-0.00040699999999999997,0.00034599999999999995,-0.07679699999999999,0.0,0.0,0.0
35200,-0.006739,0.011896,-0.069252,0.0,0.0,0.0
35770,-0.013184,0.000443,-0.06551699999999999,0.0,0.0,0.0
36428,0.003316,0.009741,-0.071794,0.0,0.0,0.0
32679,0.004297,-0.003709,-0.072782,0.0,0.0,0.0
36883,-0.008467,7.3e-05,-0.06531,0.0,0.0,0.0
34744,0.004476,-0.003661,-0.074423,0.0,0.0,0.0
36616,-0.016367,-0.009621000000000001,-0.074068,0.0,0.0,0.0
34141,-0.003643,0.008603,-0.062256,0.0,0.0,0.0
36884,-4.7e-05,-0.000977,-0.060523,0.0,0.0,0.0
34829,0.018543,-0.005647,-0.068307,0.0,0.0,0.0
36566,-0.00475,-0.006473,-0.06456300000000001,0.0,0.0,0.0
36849,-0.004746,0.006855000000000001,-0.060943,0.0,0.0,0.0
36542,-0.003817,-0.009913,-0.060707000000000004,0.0,0.0,0.0
36783,-0.013179999999999999,0.002054,-0.066717,0.0,0.0,0.0
36817,0.013742,-0.007041,-0.06576399999999999,0.0,0.0,0.0
29818,0.002939,-0.007808,-0.071331,0.0,0.0,0.0
36953,0.011488,0.011732,-0.06597700000000001,0.0,0.0,0.0
36262,-0.003755,-0.007656,-0.072813,0.0,0.0,0.0
36781,-0.009334,0.006382,-0.073974,0.0,0.0,0.0
35894,-0.0030600000000000002,0.002958,-0.061384,0.0,0.0,0.0
35903,-0.003581,0.001853,-0.071832,0.0,0.0,0.0
32672,0.000875,0.0034590000000000003,-0.076209,0.0,0.0,0.0
36596,-0.003106,-0.011345000000000001,-0.064785,0.0,0.0,0.0
36214,0.008733000000000001,-0.003113,-0.062208,0.0,0.0,0.0
36965,0.013279,0.011927,-0.065478,0.0,0.0,0.0
36991,-0.015854,0.005900000000000001,-0.073052,0.0,0.0,0.0
36812,0.011866,0.000584,-0.063096,0.0,0.0,0.0
36504,-0.013015,0.011874000000000001,-0.06610200000000001,0.0,0.0,0.0
36924,-0.011564,0.010191,-0.061209000000000006,0.0,0.0,0.0
35611,-0.006001,0.012650999999999999,-0.060344999999999996,0.0,0.0,0.0
36525,-0.001008,0.009733,-0.07518899999999999,0.0,0.0,0.0
35918,0.016664,-0.00662,-0.071369,0.0,0.0,0.0
36285,-0.005759,-0.0010149999999999998,-0.06428400000000001,0.0,0.0,0.0
36519,-0.013553,0.011387000000000001,-0.072445,0.0,0.0,0.0
35130,0.008052,0.012410000000000001,-0.069154,0.0,0.0,0.0
36301,0.004148,-0.003432,-0.068054,0.0,0.0,0.0
36818,-0.006641,-0.009724,-0.060915,0.0,0.0,0.0
36574,-0.003311,-0.007532,-0.06461499999999999,0.0,0.0,0.0
36618,0.010513999999999999,0.005891,-0.069589,0.0,0.0,0.0
36877,0.001074,-0.008249000000000001,-0.063283,0.0,0.0,0.0
34967,0.003314,0.007753,-0.06822,0.0,0.0,0.0
36571,0.015991,-0.010249000000000001,-0.063764,0.0,0.0,0.0
35041,-0.0038290000000000004,-0.006571,-0.069492,0.0,0.0,0.0
35312,0.007702,-0.009031,-0.068025,0.0,0.0,0.0
36302,0.000997,-0.010323,-0.06984,0.0,0.0,0.0
36539,-0.009136,0.000772,-0.077616,0.0,0.0,0.0
32285,0.005837,-0.009983,-0.0723,0.00014800000000000056,4.4000000000000636e-05,-0.0004159999999999858
27240,-0.007397,0.002767,-0.069165,0.00010199999999999966,0.00021399999999999978,-0.00019799999999998985
36906,0.008565,-0.0039,-0.064035,0.00014300000000000077,0.00027699999999999947,-2.6999999999999247e-05
29543,0.002406,-0.010146,-0.067652,0.00019599999999999956,0.00010600000000000193,-0.00014799999999999536
36875,0.008667999999999999,0.005019999999999999,-0.060396,6.600000000000182e-05,0.00025200000000000135,-8.000000000000368e-05
37159,-0.0011690000000000001,-0.003722,-0.060566,0.00022800000000000012,2.1999999999999884e-05,-0.0003039999999999987
35615,-0.012958,-0.0038740000000000003,-0.070525,1.5000000000001124e-05,0.0001780000000000002,-0.00026500000000000135
36195,-0.014353999999999999,0.002644,-0.067978,4.39999999999989e-05,0.0001559999999999999,-0.0001759999999999956
35907,-0.006597,-0.004443,-0.067949,0.00020700000000000059,0.00016199999999999982,-0.0002940000000000026
37314,-0.004607,-0.009425000000000001,-0.07098399999999999,0.00018000000000000047,0.00021700000000000018,0.0
37175,0.010409,-0.00036199999999999996,-0.060963,0.00010600000000000019,0.00029199999999999994,-0.00016499999999999848
36507,-0.008719,-0.004543999999999999,-0.06570699999999999,0.0002599999999999998,0.000183,-0.00035100000000001796
36485,0.004621,-0.009285999999999999,-0.068403,5.500000000000036e-05,0.00013599999999999897,-0.0001739999999999936
34443,-0.00894,0.005685,-0.06567100000000001,1.4000000000000123e-05,0.000255,-7.799999999999474e-05
36719,-0.014893,-0.00588,-0.07506,-7.099999999999988e-05,0.0002950000000000001,-3.099999999998937e-05
36892,-0.004182,0.01104,-0.074136,-1.000000000000046e-05,0.00015699999999999915,-6.799999999999862e-05
37105,-0.013457,0.007644,-0.070248,2.8000000000000247e-05,0.0002870000000000008,-8.699999999998986e-05
33952,0.011586,0.0058460000000000005,-0.067496,0.00020999999999999838,9.900000000000013e-05,-0.00014599999999999336
36882,0.011734999999999999,-0.010766999999999999,-0.064393,-0.00010799999999999872,0.00017,-0.0002289999999999931
36159,-0.013937,-0.001306,-0.066565,8.700000000000027e-05,0.0004550000000000001,-8.099999999999774e-05
35069,-0.008609,-0.0024649999999999997,-0.073764,0.00011899999999999931,0.0001519999999999998,-0.00017200000000000548
33724,-0.0028250000000000003,0.004084,-0.068125,0.00020100000000000022,0.0003100000000000004,5.0000000000050004e-06
37188,0.010137,-0.012216,-0.070941,8.299999999999974e-05,7.799999999999994e-05,0.00014600000000000724
37277,0.005774,0.007261,-0.063186,-7.999999999999327e-06,0.00019500000000000073,-0.0002489999999999992
37130,0.013865,0.009877,-0.070015,0.00011599999999999978,-0.0002009999999999998,-0.00016299999999999648
37131,-0.0024129999999999998,-0.005108,-0.07282999999999999,3.899999999999954e-05,0.00023999999999999976,9.999999999996123e-06
37220,-0.00367,-0.012268000000000001,-0.074604,6.600000000000009e-05,8.800000000000127e-05,-7.999999999994123e-06
36714,0.012665,0.007282,-0.063267,0.0001580000000000019,0.0002649999999999996,-8.899999999999186e-05
35888,-0.002943,0.012507999999999998,-0.06614400000000001,7.200000000000002e-05,0.00018000000000000307,-0.00011699999999999211
33252,0.010371,-0.005757,-0.066713,0.00010500000000000093,0.0002249999999999995,-0.00019800000000000373
37103,-0.0016699999999999998,-0.002983,-0.07548300000000001,0.00011999999999999988,9.99999999999699e-07,-5.999999999992123e-06
37097,-0.005909,0.006829,-0.062612,-0.00010399999999999993,0.00028499999999999966,0.0001460000000000003
37144,-0.008698000000000001,-0.004566,-0.063278,0.00017,0.0001269999999999995,-0.0004050000000000026
35999,0.015723,-0.012851000000000001,-0.073519,0.00014999999999999736,-7.799999999999821e-05,4.300000000000137e-05
35596,0.007742,0.0028450000000000003,-0.06513,6.400000000000069e-05,0.00036599999999999957,5.4999999999985616e-05
33310,-0.005745,0.005862,-0.063509,-3.799999999999984e-05,0.0003099999999999995,-2.4000000000010124e-05
36074,0.000656,0.004311,-0.075953,4.199999999999994e-05,0.0001479999999999997,4.500000000000337e-05
36995,0.011526,-0.003661,-0.063046,0.0001250000000000001,0.0002900000000000003,3.100000000000325e-05
36430,0.014894000000000001,0.001536,-0.063928,-8.800000000000127e-05,0.00024400000000000008,0.0001310000000000061
36798,-0.013279,0.012192,-0.067944,-0.0001410000000000005,0.00016099999999999969,-6.899999999999962e-05
36989,0.003615,0.006723,-0.075438,0.0001259999999999998,0.0003180000000000006,6.0000000000060005e-06
36788,-0.006874,0.003828,-0.063059,1.1999999999999858e-05,0.00014099999999999963,3.599999999999437e-05
31976,-0.009986,0.003822,-0.071712,-6.899999999999962e-05,0.0002840000000000004,5.2999999999997494e-05
33042,-0.003451,-0.007195,-0.07423300000000001,7.699999999999981e-05,0.00020100000000000066,1.0000000000148779e-06
35045,0.011141,-0.011625,-0.071816,0.00018199999999999987,-1.2999999999999123e-05,6.0000000000004494e-05
34286,0.011038000000000001,-0.00734,-0.06492700000000001,0.0001839999999999984,0.000183,-6.499999999999562e-05
33644,0.009069,0.00359,-0.069825,0.00020799999999999812,0.0001870000000000001,-0.00032500000000000584
35305,-0.009035999999999999,0.0027400000000000002,-0.06831100000000001,6.299999999999882e-05,0.0003849999999999999,-7.099999999998774e-05
37129,0.017057,-0.0010680000000000002,-0.06684699999999999,5.400000000000196e-05,6.600000000000009e-05,5.8999999999989616e-05
36665,0.0069619999999999994,0.004986,-0.060402000000000004,5.400000000000023e-05,0.00024999999999999935,-0.00017299999999999954
31966,0.00626,0.009012000000000001,-0.075969,-2.900000000000038e-05,0.00011999999999999858,-0.00019399999999999973
36674,0.0015580000000000001,0.005474000000000001,-0.076824,7.099999999999988e-05,0.00018099999999999974,4.899999999999349e-05
33652,-0.007051,0.011297,-0.075327,3.699999999999971e-05,0.0001250000000000001,-8.999999999995123e-06
37229,0.011751,0.011571,-0.060693,9.200000000000007e-05,0.0002320000000000013,3.799999999999637e-05
35916,0.002142,-0.0037280000000000004,-0.066989,0.00024200000000000003,0.00016300000000000038,-0.0004109999999999947
36224,0.015798,0.010853,-0.06465900000000001,0.0001250000000000001,0.00020300000000000006,-0.0003029999999999977
37064,0.001075,-0.012339000000000001,-0.064609,0.000263,-5.699999999999976e-05,-8.299999999999974e-05
36524,-0.008542,-0.008216,-0.06545000000000001,0.00018299999999999914,0.00017700000000000007,-3.699999999998149e-05
37089,-0.004133,0.012101,-0.074553,-5.1999999999999096e-05,8.099999999999948e-05,-2.6999999999999247e-05
33273,0.013317,-0.005607999999999999,-0.07427800000000001,7.099999999999988e-05,-2.2000000000000318e-05,-5.3999999999984616e-05
37106,-0.005417,-0.00764,-0.07188599999999999,0.0001230000000000007,0.00016700000000000048,-0.00017200000000001936
37125,0.008398999999999998,0.009778,-0.061246,-1.9999999999985307e-06,0.00022400000000000024,0.00017299999999999954
35034,-0.008282,-0.006271,-0.06822700000000001,6.300000000000056e-05,8.299999999999974e-05,-0.00021199999999998997
37185,-0.001597,0.012551,-0.07080299999999999,-8.100000000000013e-05,0.0001370000000000017,6.599999999999662e-05
36291,0.0074470000000000005,-0.010698000000000001,-0.065258,0.00010599999999999932,6.600000000000182e-05,-0.0004780000000000062
37238,1.4999999999999999e-05,-0.0055179999999999995,-0.06385,0.000156,0.00020199999999999992,-0.0004019999999999857
37252,0.0015400000000000001,-0.000739,-0.072624,7.799999999999994e-05,0.00016600000000000002,4.999999999991123e-06
32292,0.012299,-0.011432000000000001,-0.07009699999999999,0.00012000000000000205,5.400000000000023e-05,3.0000000000002247e-05
36438,0.003617,-0.000242,-0.067468,0.00012700000000000038,0.000158,-0.0001239999999999991
37046,0.006141,0.008631,-0.0674,0.00012600000000000024,0.00019500000000000073,0.0
37348,-0.013500999999999999,-0.0017980000000000001,-0.07728499999999999,-2.000000000000092e-05,0.0001240000000000002,-7.500000000000562e-05
36208,0.008489,0.006118,-0.06633499999999999,0.0001510000000000001,0.00021899999999999958,-0.00017000000000000348
36520,-0.006958,-0.004008,-0.077597,0.00010199999999999966,3.4000000000000176e-05,-8.500000000000174e-05
36796,-0.011061,-0.0021880000000000003,-0.06423999999999999,0.00016599999999999948,0.00024700000000000026,-0.00026600000000000235
36530,-0.013396000000000002,-0.0026520000000000003,-0.07642700000000001,8.000000000001062e-06,0.00021100000000000025,-0.00013999999999998736
36330,0.007585,-0.002153,-0.065494,0.00010399999999999993,0.0002149999999999999,-0.00014100000000000223
37467,-0.010676999999999999,-0.006099,-0.07706,-4.800000000000117e-05,0.0001250000000000001,-1.6999999999989246e-05
34451,-0.004284,-0.0075650000000000005,-0.067579,0.0002599999999999998,0.00015100000000000096,-2.9000000000001247e-05
35326,-0.012697,0.001616,-0.069283,4.800000000000117e-05,0.0002180000000000001,-0.00014300000000000423
32929,0.00117,0.008233,-0.066948,4.199999999999994e-05,0.00021099999999999938,7.499999999999174e-05
36575,-0.0019950000000000002,-0.004791,-0.064873,9.400000000000012e-05,0.00022000000000000058,-5.7000000000001494e-05
36800,0.0050940000000000004,0.011288,-0.06341,4.399999999999977e-05,0.0002710000000000004,1.4000000000000123e-05
37365,-0.00764,0.008475,-0.063391,3.9999999999996635e-06,0.00035899999999999994,-0.00011500000000000399
35322,-0.0063620000000000005,0.0010149999999999998,-0.066175,-1.0000000000001327e-06,0.0002900000000000001,6.399999999999462e-05
35721,0.000115,0.0009649999999999999,-0.07345099999999999,8.6e-05,0.00021600000000000005,-0.00011800000000002087
37402,-0.004436,0.003914,-0.076913,8.099999999999948e-05,0.00017599999999999994,-0.00011400000000000299
34811,-0.009948,0.005636,-0.064343,-2.6999999999999247e-05,0.00032899999999999943,-7.599999999999274e-05
32318,-0.013563,0.011843999999999999,-0.074409,7.900000000000094e-05,0.00010600000000000019,0.00014599999999999336
30838,0.004208,-0.008336,-0.06945799999999999,0.00012399999999999998,0.00015899999999999942,-0.00026099999999999735
34205,-0.0014570000000000002,0.011246,-0.065548,4.3000000000000286e-05,0.00018899999999999993,6.899999999999962e-05
37575,0.016049,-0.01132,-0.07452299999999999,9.499999999999786e-05,-8.799999999999954e-05,1.3999999999986246e-05
37104,0.012522,-0.005682,-0.06487699999999999,4.799999999999943e-05,0.00022800000000000077,6.699999999998374e-05
36238,0.002574,0.010144,-0.06467400000000001,8.000000000000021e-05,0.00033000000000000043,0.0001820000000000016
36478,-0.0026579999999999998,-0.005647999999999999,-0.077769,5.3999999999999795e-05,-3.000000000000398e-06,5.4999999999999494e-05
36784,0.010863,-0.009014,-0.064953,0.00020500000000000032,6.399999999999982e-05,-0.00016299999999999648
37509,0.008092,0.012566,-0.068995,-0.00019000000000000093,-6.100000000000029e-05,-9.599999999999886e-05
35906,-0.011618999999999999,0.0031669999999999997,-0.07494100000000001,6.599999999999835e-05,0.00017600000000000037,-0.00010499999999999399
37280,-0.0010149999999999998,-0.012891,-0.067176,0.0001569999999999998,0.00011999999999999858,-9.000000000000674e-05
36189,-0.006541,-0.009356,-0.06626,-2.199999999999945e-05,6.0000000000001025e-05,-0.00021799999999999597
35320,-0.011749,-0.008230000000000001,-0.067224,8.6000000000001e-05,9.900000000000013e-05,-5.6000000000000494e-05
37236,-0.0032589999999999997,-0.002797,-0.060025,0.00030199999999999975,0.000196,-0.0002009999999999998
36404,-0.008765,0.001897,-0.06367,8.299999999999974e-05,0.00019500000000000008,-8.299999999999974e-05
36975,-8.1e-05,-0.001673,-0.063334,0.000173,2.7000000000000114e-05,-0.00037600000000000133
36651,0.011624,0.012733000000000001,-0.063944,9.699999999999986e-05,3.299999999999831e-05,7.200000000000262e-05
37430,0.002969,0.003227,-0.057119,6.499999999999995e-05,0.0001870000000000001,-0.00016899999999999554
36869,0.014353,-0.000977,-0.062176999999999996,0.0001520000000000011,0.00015700000000000002,-0.00011900000000000105
37212,-0.001443,-0.009446999999999999,-0.07453,2.0000000000000052e-05,0.00016599999999999775,-1.5000000000001124e-05
37002,0.005154,0.003222,-0.071625,0.00025600000000000015,0.0003119999999999998,-9.900000000001574e-05
37525,-0.005156,-0.0022,-0.068703,9.200000000000007e-05,0.0001550000000000002,-0.00022100000000001285
37403,0.01277,-0.0006979999999999999,-0.076597,4.999999999999796e-06,0.00011299999999999993,-0.00019700000000000273
36603,0.017575,0.002568,-0.06909699999999999,6.699999999999762e-05,2.8999999999999946e-05,-4.200000000000037e-05
35657,0.011876,0.011741,-0.07388,5.900000000000176e-05,-0.0001299999999999999,-5.3999999999998494e-05
28716,0.00862,0.011762,-0.074445,-5.999999999999929e-05,0.00010500000000000093,-0.00028400000000000647
36201,0.010979,0.003821,-0.075447,8.900000000000054e-05,0.00024100000000000033,-0.0002869999999999956
36895,-0.001325,-0.011729,-0.065141,0.00022499999999999994,8.299999999999974e-05,3.0000000000002247e-05
37371,-0.015309,0.009954000000000001,-0.07813200000000001,9.999999999999593e-06,-3.300000000000178e-05,0.00010999999999999899
34490,-0.008035,0.0038,-0.07589499999999999,9.900000000000013e-05,0.00011399999999999995,-1.7000000000017e-05
37381,-0.004973,-0.0040490000000000005,-0.068257,0.0002699999999999994,0.0001500000000000004,-0.0003150000000000097
37382,-0.006353,-0.008771000000000001,-0.06731999999999999,-6.199999999999956e-05,2.3000000000002185e-05,-0.00014899999999999636
36944,0.011484999999999999,-0.0030600000000000002,-0.074291,0.0001320000000000019,0.00017100000000000058,-9.900000000000186e-05
37386,-0.001103,-0.011631,-0.070298,0.00011300000000000004,1.3000000000000858e-05,-0.00032899999999999596
37404,-0.006861,0.007203,-0.062881,-4.900000000000043e-05,0.00028500000000000053,0.0001300000000000051
37407,0.007383,-0.008811999999999999,-0.066958,1.5000000000000256e-05,0.00011499999999999878,-0.0001689999999999886
37424,-0.006490999999999999,0.008534,-0.061493,-0.00014300000000000077,0.00012800000000000138,0.0002030000000000018
37472,-0.014153,-0.008910999999999999,-0.073422,2.000000000000092e-05,3.299999999999831e-05,-0.00025899999999999535
37477,0.007398,0.00421,-0.07581399999999999,0.00011499999999999965,0.00027599999999999934,-0.00016900000000001636
36303,0.007564,0.012419000000000001,-0.064275,-3.4000000000000176e-05,0.00019800000000000026,-0.00011000000000001287
37482,-0.005763,-0.011641,-0.071754,0.00012099999999999958,0.00014400000000000003,-2.9000000000001247e-05
37504,0.005607999999999999,-0.005717,-0.059447,9.60000000000006e-05,9.999999999992654e-07,-0.0003769999999999954
37524,-0.000432,0.008218,-0.057970999999999995,5.099999999999999e-05,0.00025400000000000075,-0.00019600000000000867
37526,-0.005652,0.003038,-0.059843,-2.1000000000000185e-05,0.00011900000000000018,-4.600000000000437e-05
37574,-0.00786,-0.010295,-0.056862,9.10000000000008e-05,4.800000000000117e-05,-0.00029900000000000065
34483,-0.016311,-0.00661,-0.07554300000000001,-1.6000000000002124e-05,0.0003180000000000006,-0.00010999999999999899
37265,0.017168,-0.001591,-0.069015,-0.0001229999999999981,4.9e-05,-5.2999999999997494e-05
37049,-0.010843,0.012593,-0.067763,3.100000000000151e-05,0.00014699999999999956,-1.1999999999998123e-05
32122,0.000155,-0.006307,-0.065432,0.00013599999999999997,0.0002589999999999997,-0.00019299999999999873
27014,0.004668,-0.004314,-0.07251600000000001,0.00011299999999999939,0.00011900000000000018,-0.0002249999999999891
33341,0.007844,-0.006189,-0.073958,0.000255,9.599999999999973e-05,-0.000123000000000012
35473,-0.014314,-0.009414,-0.07374800000000001,1.8000000000000654e-05,0.0001360000000000007,-8.199999999998486e-05
36703,0.00289,0.0078,-0.05963,-1.000000000000046e-05,0.00017799999999999934,8.000000000000368e-05
36823,0.014975,0.002722,-0.076356,-9.000000000000327e-06,0.00022999999999999974,-0.00023300000000001098
34522,0.015924,-0.009840999999999999,-0.069185,0.0001470000000000013,4.0999999999997636e-05,-0.0001769999999999966
36308,0.016658000000000003,-0.003036,-0.063376,0.00016099999999999795,0.00016599999999999991,0.00011500000000000399
35087,-0.014846999999999999,-0.0034159999999999998,-0.069676,8.000000000000021e-05,0.00018999999999999963,-0.00020300000000000873
34149,0.007305,0.007312,-0.072286,1.0000000000001327e-06,0.0001330000000000003,-0.00014999999999999736
34863,0.003677,-0.007947,-0.07398,9.600000000000017e-05,0.00012799999999999964,-0.00026299999999998547
35728,-0.00632,-0.009776,-0.073612,2.8000000000000247e-05,0.00012700000000000038,-8.200000000001262e-05
36526,0.002562,-0.011814,-0.06823699999999999,9.900000000000013e-05,7.699999999999894e-05,-0.0001890000000000086
37138,-0.000782,0.000253,-0.06400499999999999,0.00013699999999999997,0.00022199999999999998,9.999999999871223e-07
36546,-0.005984,0.007678,-0.061677,-2.599999999999998e-05,0.0001780000000000002,0.0
37091,-0.004267,-0.00184,-0.063636,3.4000000000000176e-05,0.00031400000000000004,-0.00039500000000000646
35711,-0.010446,0.00181,-0.071491,-5.6000000000000494e-05,0.00022699999999999977,-0.00014100000000000223
37561,-0.0073230000000000005,-0.009656000000000001,-0.059299,0.00017700000000000094,0.00018300000000000087,-9.90000000000088e-05
35977,0.003,-0.011683,-0.065005,0.00016299999999999995,0.0001410000000000005,-5.7000000000001494e-05
22799,0.003451,-0.00028100000000000005,-0.073639,0.00010999999999999985,0.00018700000000000005,-0.00017100000000000448
35923,-0.000149,-0.000449,-0.062976,9.599999999999999e-05,-4.4999999999999955e-05,-0.00019099999999999673
35430,-0.008942,0.012457000000000001,-0.064076,0.00010800000000000046,0.0003289999999999977,1.7000000000003124e-05
37374,-0.009758,-0.0069039999999999995,-0.06276,0.00026400000000000035,0.0002139999999999989,-0.0003080000000000027
36104,0.002049,0.001406,-0.06435500000000001,0.00011299999999999982,0.00022900000000000004,-9.999999999982245e-06
37239,0.014626,-0.007279,-0.074087,2.599999999999998e-05,-4.900000000000043e-05,5.2999999999997494e-05
37489,0.010369,0.011339,-0.061398,6.100000000000029e-05,0.00021699999999999844,0.00012300000000000505
36980,0.012202999999999999,-0.005157,-0.062338,0.00012900000000000238,0.0002729999999999998,-0.00015600000000000336
37478,0.007634,0.007553,-0.06006,4.700000000000017e-05,0.00024600000000000056,-0.0003399999999999931
33563,0.010345,0.004752,-0.062076,2.6999999999999247e-05,0.0002700000000000003,-0.0002909999999999996
35607,-0.011946,0.011949,-0.064978,0.00016600000000000122,0.00011300000000000025,0.00013699999999999823
37490,0.000578,-0.010796,-0.073436,0.00012399999999999998,0.00017099999999999928,6.999999999993123e-06
37537,-0.015104,-0.010669,-0.077622,-5.699999999999976e-05,0.00023800000000000036,-9.000000000009e-06
32312,0.010858000000000001,8.5e-05,-0.065064,6.799999999999862e-05,0.00038300000000000004,2.000000000002e-06
32864,-0.013938,-0.004054,-0.070395,-4.200000000000037e-05,0.00027300000000000024,-0.00019099999999999673
36237,-0.005438,0.0010429999999999999,-0.072427,9.399999999999947e-05,0.00023999999999999998,-8.399999999998686e-05
27869,0.006775000000000001,-0.000513,-0.07192,0.0001879999999999998,0.000178,-0.0002279999999999921
37609,-0.013257,-0.001496,-0.06417400000000001,3.799999999999984e-05,0.000322,-0.00025699999999999334
37451,-0.000438,0.000322,-0.063966,9.400000000000006e-05,0.00024299999999999994,0.0001840000000000036
37626,-0.002326,0.008156,-0.070587,7.299999999999971e-05,0.0003549999999999994,-5.6000000000000494e-05
34502,-0.000506,-0.01055,-0.065728,0.00011200000000000001,0.00016000000000000042,9.999999999996123e-06
36900,0.001572,-0.006261,-0.068804,0.00017500000000000003,0.00023499999999999997,-0.00015099999999999836
36801,0.007051999999999999,0.009217000000000001,-0.07376300000000001,5.900000000000089e-05,0.00011499999999999878,-0.00023899999999998922
35133,0.005674,-0.012241,-0.06674200000000001,-1.000000000000046e-05,7.500000000000041e-05,-0.00023299999999998322
37569,0.008725,0.005261,-0.069602,7.799999999999994e-05,0.0001380000000000001,-8.999999999999286e-05
36966,-0.0136,-0.011637,-0.06758499999999999,0.00016099999999999969,2.999999999999531e-06,-0.00014800000000000924
37447,0.007466,0.007915,-0.062046,3.500000000000031e-05,0.0002360000000000001,-0.0002040000000000028
37572,0.009564999999999999,0.009302,-0.056125999999999995,-1.6999999999999654e-05,0.0001520000000000011,0.0001389999999999933
36166,-0.010528000000000001,0.012516,-0.068098,2.000000000000092e-05,0.00011900000000000105,1.0000000000148779e-06
36946,0.011902,0.005579,-0.07633100000000001,6.800000000000209e-05,0.0002920000000000006,-0.0002959999999999907
37135,-0.009760999999999999,-0.01044,-0.062497,0.00017199999999999854,-4.000000000000531e-06,-0.00017600000000000948
37186,-0.013385999999999999,0.010932,-0.066892,-0.00011000000000000246,0.00026299999999999935,0.00011599999999999111
37297,0.010277,-0.0063289999999999996,-0.066994,9.299999999999933e-05,0.000268,-6.40000000000085e-05
37426,-0.008958,-0.0065309999999999995,-0.06565900000000001,0.0002460000000000014,0.00015099999999999923,-0.0003449999999999981
36887,-0.009201,-0.009106999999999999,-0.077015,9.999999999999593e-06,0.00013099999999999744,7.500000000000562e-05
37095,-0.007371000000000001,-0.009601,-0.068803,6.300000000000056e-05,0.00011399999999999952,-0.00013099999999999223
35308,0.005416000000000001,0.0038050000000000002,-0.07144400000000001,0.0001879999999999998,0.000268,-0.00015699999999999048
35669,-0.00034599999999999995,-0.001859,-0.063762,0.00019099999999999995,8.200000000000004e-05,-0.0004170000000000007
32592,-0.001106,0.012509000000000001,-0.065634,6.500000000000017e-05,0.00017599999999999907,4.300000000000137e-05
36639,-0.004296,0.006738,-0.068535,3.800000000000071e-05,0.0001879999999999998,0.0001270000000000021
36200,0.009476,-0.006066,-0.070125,0.00012700000000000038,6.400000000000069e-05,-8.400000000000074e-05
30919,0.011689999999999999,-0.003024,-0.068628,-5.599999999999876e-05,7.000000000000018e-05,8.299999999999974e-05
37189,0.01008,-0.010683999999999999,-0.064814,0.0001449999999999993,0.00013599999999999897,-0.0001900000000000096
32605,0.01503,0.007093,-0.06747199999999999,0.00017200000000000028,0.00015700000000000002,-0.0001250000000000001
36496,-0.009829000000000001,-0.010372999999999999,-0.074144,5.300000000000096e-05,8.199999999999874e-05,-0.00019800000000000373
33173,-0.011602,0.011356,-0.06603400000000001,-3.0000000000000512e-05,0.0001799999999999996,0.00014700000000000824
37548,-0.013104,0.002432,-0.073522,-1.0000000000001327e-05,0.00032899999999999987,0.00022700000000000498
37332,-0.01348,0.0033889999999999997,-0.074575,0.00012700000000000038,2.0000000000000052e-05,-0.00018899999999999473
36052,-0.0048070000000000005,0.012022,-0.06801600000000001,8.900000000000054e-05,0.00019300000000000046,7.900000000000962e-05
37080,-0.009791000000000001,0.00492,-0.062506,-3.199999999999904e-05,0.00025400000000000075,1.2000000000005062e-05
32793,0.003476,-0.011388,-0.06515900000000001,0.0001299999999999999,0.0001370000000000017,-8.999999999999286e-05
26996,0.005974,0.010992,-0.07016599999999999,-8.600000000000014e-05,0.00012099999999999958,-0.00018000000000001348
34449,-0.011685000000000001,-0.000118,-0.066285,6.800000000000035e-05,0.000337,-0.00039700000000000846
34146,-0.005415,0.00239,-0.064444,8.99999999999998e-05,0.00022999999999999974,1.000000000001e-06
37164,-0.015783,-0.0057350000000000005,-0.070613,0.00016599999999999775,0.0002580000000000004,-4.099999999999937e-05
36271,-0.005256,0.0053040000000000006,-0.060391,-0.00011099999999999999,6.299999999999969e-05,-0.00013300000000000117
36577,-0.001951,-0.009596,-0.06834799999999999,0.000152,3.200000000000078e-05,-0.00011700000000000599
32596,0.007432,0.009923999999999999,-0.06947,-5.5999999999999626e-05,1.1000000000002327e-05,-0.00011099999999999999
37200,-0.002669,-0.012226,-0.064903,0.00028800000000000006,0.00015500000000000062,-4.999999999999449e-05
36791,-0.0077339999999999996,-0.011723,-0.076268,0.00015999999999999955,0.00014300000000000077,-0.00018999999999999573
33567,-0.013325,0.010546,-0.068685,-7.899999999999921e-05,0.00032100000000000184,-3.100000000000325e-05
35163,0.0067469999999999995,-0.001549,-0.065748,0.00016700000000000048,0.0003650000000000001,-0.0003470000000000001
31450,0.007453,0.0029100000000000003,-0.069884,0.00018099999999999974,0.00017399999999999968,-0.0001810000000000006
37555,0.001818,0.0011719999999999999,-0.07722499999999999,1.0999999999999942e-05,0.0001460000000000003,3.9999999999901226e-06
37177,0.014681,0.002299,-0.069173,-7.999999999999848e-05,-1.1000000000000159e-05,-7.000000000000062e-05
33266,0.016350999999999997,0.003971,-0.071662,2.8000000000003716e-05,5.799999999999989e-05,-0.00012199999999999711
31132,0.017011,0.008254,-0.066988,0.00017500000000000154,0.00017700000000000007,-2.1999999999994246e-05
36185,0.006113,0.00512,-0.07484600000000001,4.49999999999999e-05,0.0002889999999999993,-0.00019099999999999673
36582,0.014125,0.011749,-0.068584,7.000000000000062e-05,-0.00012000000000000205,3.100000000000325e-05
36815,-0.002932,-0.0023580000000000003,-0.071929,6.499999999999995e-05,0.0002620000000000001,-6.699999999998374e-05
36388,-0.015676,0.007171,-0.075832,-7.000000000000062e-06,-1.899999999999992e-05,0.00014999999999999736
33250,0.011616,0.0023239999999999997,-0.065625,1.9999999999999185e-05,0.00026400000000000035,-6.399999999999462e-05
37492,0.012101,0.010052,-0.06947199999999999,9.099999999999907e-05,-0.00020500000000000032,-0.0002960000000000046
37638,-0.0023740000000000002,0.001926,-0.061386,3.0000000000000512e-05,0.00024400000000000008,-0.00015999999999999348
33114,0.000583,0.008074999999999999,-0.076516,0.0,0.0001820000000000016,-8.600000000000274e-05
30474,-0.007394,0.002493,-0.070801,0.00016900000000000075,0.0002230000000000001,-2.9000000000001247e-05
37394,0.011796,0.006324,-0.065566,0.00011099999999999999,0.0001429999999999999,-0.00012199999999999711
36210,0.006513,-0.007214000000000001,-0.063437,0.00017100000000000014,0.00023300000000000057,-0.00020699999999999885
34366,-0.005364,0.00173,-0.063466,1.999999999999398e-06,0.00018999999999999985,-3.500000000000725e-05
35372,0.008201,-0.0077480000000000005,-0.072852,0.00020500000000000032,5.500000000000123e-05,-0.00018599999999999173
36492,0.003455,-0.0027679999999999996,-0.065143,0.00035000000000000005,0.00024899999999999966,-0.0002500000000000002
37511,-0.000772,-0.013130000000000001,-0.063721,1.8000000000000004e-05,7.900000000000094e-05,4.200000000000037e-05
34062,0.011342000000000001,0.0013620000000000001,-0.071548,4.999999999999796e-05,0.00011300000000000004,-0.00019500000000000073
27870,-0.001821,0.011904999999999999,-0.07511799999999999,-5.800000000000011e-05,8.7000000000002e-05,-9.300000000000974e-05
37513,0.016209,0.0022440000000000003,-0.075924,-1.5999999999998654e-05,0.00016399999999999965,-0.00019399999999998585
37480,0.011654999999999999,-0.0047539999999999995,-0.066995,0.00016200000000000069,7.599999999999968e-05,5.0000000000050004e-06
37127,-0.011141,-0.007135,-0.07515000000000001,4.49999999999999e-05,0.0002509999999999995,-0.00012699999999998823
37115,-0.0007790000000000001,0.004879,-0.06691,9.600000000000006e-05,0.00010500000000000006,6.999999999993123e-06
37385,0.005301999999999999,-0.011031000000000001,-0.070642,0.00016800000000000061,0.00015600000000000162,-0.00032600000000000684
36941,0.0044859999999999995,0.005072,-0.073794,0.00013900000000000023,0.00022099999999999984,-0.00014400000000000523
35042,-0.003422,-0.006391,-0.072859,-5.3000000000000096e-05,0.00022099999999999984,-3.800000000001025e-05
25717,0.009464,0.012042,-0.066197,2.5000000000000716e-05,5.299999999999923e-05,5.7000000000001494e-05
37216,-0.013484,-0.006758,-0.07266800000000001,6.999999999998327e-06,0.0002009999999999998,-9.199999999999486e-05
35625,0.01042,0.002436,-0.062609,9.800000000000086e-05,0.0003210000000000001,4.999999999999449e-05
36477,0.006638,-0.005714,-0.07317900000000001,0.00023000000000000017,0.00011600000000000065,-9.999999999998899e-05
24541,-0.011372,0.0049429999999999995,-0.069798,-7.000000000000062e-05,0.00035400000000000015,2.899999999998737e-05
36593,-0.007313,0.00159,-0.061425,-2.499999999999985e-05,0.00015999999999999999,-9.900000000000186e-05
29472,-0.0007379999999999999,0.011079,-0.07033,-1.100000000000005e-05,0.0001899999999999992,3.0000000000030003e-06
37096,0.009353,0.002426,-0.064652,-3.0000000000000512e-05,0.0002899999999999999,-0.00013599999999999723
28869,0.005315,0.011557,-0.075049,-5.9000000000000025e-05,4.49999999999999e-05,-0.0001729999999999926
37432,-0.0023929999999999997,0.01151,-0.062842,7.299999999999971e-05,0.00013000000000000164,0.00027299999999999547
37024,-0.000435,0.005829,-0.074411,9.000000000000002e-05,0.00028800000000000006,-2.4999999999997247e-05
26631,0.01464,0.004568,-0.070643,0.00020899999999999912,0.00016499999999999935,-0.0001779999999999976
37550,-0.00959,-0.00788,-0.06553300000000001,0.0001289999999999989,0.0002249999999999995,-7.699999999999374e-05
37453,0.0020510000000000003,-0.009493999999999999,-0.063124,0.00020499999999999945,2.199999999999945e-05,-0.00019099999999999673
36810,0.004698000000000001,0.009413,-0.075303,-0.00010700000000000032,0.00018699999999999967,-0.00022700000000000498
35772,0.017267,0.011425000000000001,-0.069262,0.00011299999999999852,-1.1000000000000593e-05,-0.00020299999999999485
33597,0.004125,-0.0011819999999999999,-0.07141700000000001,7.200000000000002e-05,0.00022699999999999988,-0.0001729999999999926
37384,-0.000434,-0.004081,-0.072737,7.299999999999999e-05,0.00020200000000000036,-3.100000000000325e-05
36479,-0.01105,0.011628999999999999,-0.072628,-1.1999999999998123e-05,0.00014300000000000077,7.000000000007001e-06
35912,0.0062889999999999995,-0.000402,-0.06656999999999999,0.00016100000000000055,0.00018600000000000002,-0.0003160000000000107
36499,0.014896000000000001,-0.005381,-0.070265,0.00020399999999999759,4.49999999999999e-05,5.8000000000002494e-05
29851,-0.005411,0.006215,-0.073902,5.3000000000000096e-05,0.00015999999999999955,2.2999999999995246e-05
36666,0.002457,0.006742,-0.064826,7.900000000000008e-05,0.00016199999999999982,-1.1000000000011001e-05
33566,0.013323,0.0017629999999999998,-0.067392,0.0001310000000000009,0.00017000000000000023,-6.1000000000005494e-05
17123,0.015002000000000001,0.008032,-0.071525,0.00017699999999999834,8.099999999999948e-05,-0.0003309999999999841
37594,0.007566,-0.013265,-0.068732,7.500000000000041e-05,9.900000000000013e-05,-0.0001789999999999986
35893,-0.005188,0.012091,-0.066515,8.599999999999927e-05,0.00023300000000000057,7.999999999994123e-06
36598,-0.000584,0.004762,-0.073324,3.9999999999999996e-05,0.00021700000000000018,8.700000000000374e-05
34561,-0.002314,0.010944,-0.06968099999999999,5.8000000000000326e-05,9.89999999999984e-05,-1.3000000000013001e-05
35383,0.017405,0.011567000000000001,-0.073677,0.0002030000000000018,0.0001999999999999988,-0.00013299999999999423
37408,0.003913,0.003362,-0.07157899999999999,0.00014199999999999977,0.00028899999999999976,-4.400000000001625e-05
37416,-0.004144999999999999,-0.011876,-0.07684,0.00019599999999999913,9.900000000000013e-05,-8.499999999998786e-05
37003,-0.005972000000000001,0.00063,-0.060884,-7.999999999999848e-05,0.00015099999999999998,-0.00013099999999999917
35706,0.0006979999999999999,-0.00044,-0.06826,0.000263,0.00026100000000000006,-0.00019399999999998585
36182,-0.010112,0.0062640000000000005,-0.07435599999999999,8.599999999999927e-05,6.999999999999888e-05,-0.00010000000000001674
36891,0.004562999999999999,-0.009046,-0.06934900000000001,0.00015300000000000123,0.00017400000000000054,-0.00025799999999999434
35909,-0.005535,-0.005085,-0.075955,0.00015700000000000002,0.00011800000000000005,2.899999999998737e-05
36612,-0.002885,0.001618,-0.069045,0.0001789999999999999,0.0002719999999999999,-2.4000000000010124e-05
34453,-0.015111000000000001,0.003769,-0.07110999999999999,4.300000000000137e-05,0.00022199999999999954,2.4999999999997247e-05
36827,-0.010898999999999999,0.008865,-0.069324,0.00010499999999999919,0.00045500000000000054,0.00013299999999999423
34138,-0.0020870000000000003,0.010914,-0.071991,0.00013500000000000035,0.00024900000000000096,-5.8000000000002494e-05
29920,0.008993000000000001,-0.000317,-0.06678,2.8000000000000247e-05,0.000359,-8.299999999999974e-05
25719,-0.001392,0.0009419999999999999,-0.07163800000000001,0.00018899999999999993,0.000258,-2.799999999998637e-05
37118,0.0022440000000000003,0.008626,-0.068895,0.00013199999999999974,0.00011199999999999925,9.199999999999486e-05
37620,0.001017,-0.005299000000000001,-0.06788899999999999,0.00023500000000000018,5.900000000000089e-05,-0.0001370000000000121
34437,-0.001163,-0.008569,-0.070462,0.00014099999999999985,0.00015400000000000136,-0.00014699999999999436
36904,-0.010099,-0.008808,-0.06492,0.00014900000000000156,3.8999999999999105e-05,-0.00011799999999999311
37464,-0.0016359999999999999,0.002222,-0.060547,0.00016299999999999973,0.00021700000000000018,-3.900000000000431e-05
27600,-0.006029,0.0061059999999999994,-0.07251300000000001,7.399999999999941e-05,0.00013200000000000104,-1.0999999999997123e-05
33241,-0.012247999999999998,0.000728,-0.067407,-2.7000000000002716e-05,0.00038200000000000007,-0.0003599999999999992
37148,0.00428,-0.008231,-0.074612,0.00018500000000000027,0.00012100000000000131,-0.00020299999999999485
37111,0.0010500000000000002,0.010532999999999999,-0.062491,2.9999999999999862e-05,0.00020600000000000132,-0.00022200000000000691
36126,-0.003287,0.001428,-0.067149,0.00010400000000000036,0.000219,7.000000000000062e-05
35857,0.006412,0.008506,-0.065373,5.999999999999929e-06,0.00018899999999999993,4.900000000000737e-05
37633,-0.00444,0.002009,-0.065791,-1.8999999999999052e-05,0.000245,-0.0001719999999999916
37414,-0.006849,-0.012694,-0.069218,0.00014000000000000037,0.00019900000000000126,-0.0003049999999999997
30414,-0.00844,0.000245,-0.068944,0.00017299999999999954,0.000429,-0.0002869999999999956
37152,-0.005637,-0.010676,-0.061369999999999994,0.0001749999999999998,7.900000000000094e-05,-8.300000000000668e-05
21412,-0.0012350000000000002,0.011424,-0.064114,2.0000000000000486e-06,0.00023699999999999936,0.00010900000000001187
37369,-0.014161,0.012001,-0.067405,-8.900000000000054e-05,5.20000000000017e-05,0.00010700000000000986
37380,-0.015164,0.008565,-0.069755,-0.0001739999999999988,6.300000000000056e-05,3.200000000000425e-05
26625,0.004467,0.0064340000000000005,-0.071629,3.699999999999971e-05,0.00020399999999999932,-5.400000000001237e-05
37000,-0.012148999999999998,0.007672,-0.071427,4.1999999999998636e-05,0.00015500000000000062,-5.2999999999997494e-05
37083,0.000414,-0.008087,-0.06981399999999999,0.00018000000000000004,0.00026400000000000035,-4.200000000001425e-05
36488,0.0035870000000000003,-0.005005,-0.064604,0.00033299999999999953,0.00017399999999999968,-0.0004650000000000071
35606,-0.001053,0.000754,-0.06487699999999999,0.00010899999999999994,0.00031400000000000015,-4.400000000001625e-05
35032,-0.0039380000000000005,0.005655,-0.06997199999999999,9.20000000000005e-05,8.599999999999927e-05,3.0000000000002247e-05
20723,0.012817,0.008282,-0.072597,0.00020500000000000032,-4.700000000000017e-05,-0.00015300000000000036
36118,0.01423,0.007312,-0.07068899999999999,0.00015400000000000136,6.199999999999956e-05,-9.300000000000974e-05
33874,-0.0022949999999999997,-0.007907,-0.069351,0.00015899999999999942,0.00010800000000000046,4.999999999991123e-06
37677,-0.0067480000000000005,0.011798,-0.069096,0.00012400000000000085,0.00013000000000000164,-0.00012299999999998423
28871,-0.002592,0.008551,-0.061414,0.0001299999999999999,0.00021599999999999918,0.00018900000000000167
36497,-0.0029980000000000002,-0.003212,-0.07151099999999999,0.00014700000000000043,0.00032899999999999987,-1.5000000000001124e-05
36495,-0.013267,0.000642,-0.075936,-0.00010500000000000093,0.00013600000000000005,-8.999999999999286e-05
37367,0.007285,-0.001703,-0.07241800000000001,0.00022900000000000004,0.000214,-0.00024499999999998134
29965,0.005821,-0.0011,-0.07266,0.00019300000000000046,0.00025600000000000004,-0.00025999999999999635
36856,-0.00239,0.010958,-0.073503,-8.999999999999894e-06,9.200000000000007e-05,-5.9000000000003494e-05
36282,0.011337999999999999,0.011625,-0.07034699999999999,8.400000000000074e-05,-0.0001910000000000002,-6.40000000000085e-05
32937,0.003716,0.007208,-0.06470000000000001,0.0001349999999999997,0.0002009999999999998,-5.999999999992123e-06
15121,0.0032930000000000004,0.011536,-0.070422,-0.00013600000000000027,0.00017700000000000007,1.1999999999998123e-05
36790,-0.010285,-0.002402,-0.070223,5.10000000000007e-05,0.00010899999999999972,-8.700000000000374e-05
31430,-0.0006490000000000001,0.010744,-0.072085,6.600000000000009e-05,0.00021799999999999944,-9.400000000001074e-05
31815,-0.0008020000000000001,0.009103,-0.074532,5.900000000000013e-05,0.0002620000000000001,-0.00011200000000000099
37205,-0.008849000000000001,-0.006253999999999999,-0.072022,0.00010000000000000113,0.0003039999999999987,-0.00030399999999998484
37086,-0.009634,-0.011492,-0.06704399999999999,8.000000000000021e-05,2.700000000000098e-05,-0.00016800000000001536
37497,0.0064139999999999996,0.010681,-0.071458,-4.099999999999937e-05,0.00011500000000000052,-9.499999999999786e-05
34173,-0.010701,-6.6e-05,-0.071602,6.200000000000129e-05,0.00016800000000000002,-0.0002440000000000081
32590,0.006165,-0.00034,-0.072587,0.00019899999999999952,0.00029200000000000005,-0.00017500000000000848
37356,-0.00023400000000000002,0.005017000000000001,-0.076143,3.600000000000001e-05,0.0001369999999999991,-7.699999999999374e-05
35400,-0.015586000000000001,-0.004856,-0.07063599999999999,9.900000000000013e-05,0.0002509999999999995,6.499999999999562e-05
28579,0.0039049999999999996,0.011176,-0.069978,-6.599999999999965e-05,0.00023199999999999957,-2.6000000000012125e-05
33540,-0.009930999999999999,0.011139,-0.06631100000000001,-2.100000000000192e-05,0.00032000000000000084,2.0000000000006124e-05
36789,-0.000683,-0.005899,-0.070225,0.000293,0.00031599999999999944,-3.599999999999437e-05
37410,-0.006373,0.0027679999999999996,-0.06313,3.300000000000004e-05,0.00012800000000000008,-0.0001749999999999946
34494,-0.00198,-0.003395,-0.06547199999999999,6.900000000000005e-05,0.00019200000000000033,-0.0002500000000000002
35598,-0.003915,-0.0060279999999999995,-0.064165,0.0001299999999999999,1.0999999999998858e-05,-0.0001739999999999936
35931,-0.004118999999999999,0.009678,-0.072225,5.7999999999999025e-05,0.00014299999999999903,-6.20000000000065e-05
36505,-0.002503,0.007827,-0.07393899999999999,0.00014499999999999973,0.00016399999999999922,-9.400000000001074e-05
31183,-0.00014299999999999998,0.001673,-0.072176,0.00013,0.000227,-0.00016199999999999548
36632,0.000884,0.010962,-0.06951900000000001,-8.299999999999996e-05,0.00021000000000000185,5.400000000001237e-05
35038,-0.003343,-0.002477,-0.066494,8.400000000000031e-05,0.00021199999999999995,-0.00013299999999999423
37488,-0.002255,0.009894,-0.06779,6.699999999999979e-05,0.00022699999999999977,0.00012199999999999711
36060,0.013736,0.004223,-0.071493,0.0002009999999999998,0.00012799999999999964,-0.00018799999999999373
35327,0.006817999999999999,-0.003992,-0.066468,0.00021900000000000044,0.00021899999999999958,-0.00033299999999999996
37517,0.016864,0.00391,-0.065322,2.6999999999999247e-05,1.299999999999999e-05,4.700000000000537e-05
24195,-0.003801,-0.0011799999999999998,-0.07088599999999999,7.400000000000028e-05,0.00036399999999999985,-1.5000000000001124e-05
31679,0.004011,-0.01091,-0.068229,0.00017100000000000014,7.200000000000088e-05,-0.0002469999999999972
31513,0.011639,0.008751,-0.069976,4.60000000000009e-05,-0.00022299999999999924,2.8000000000000247e-05
35221,0.004128,-0.0013830000000000001,-0.068955,0.00010500000000000006,0.0001330000000000001,-0.0001830000000000026
37458,-0.010544000000000001,-0.0005629999999999999,-0.064042,0.00014400000000000177,0.00035899999999999994,-0.0005570000000000019
36822,-0.013579,0.007548,-0.06834699999999999,-7.199999999999915e-05,0.00024399999999999943,-8.300000000001362e-05
36836,0.005099,0.0049640000000000005,-0.063216,1.1999999999999858e-05,0.00027399999999999994,-5.8000000000002494e-05
35675,0.016788,-0.000325,-0.067576,-4.60000000000009e-05,8.9e-05,-9.999999999996123e-06
30741,-0.010655,0.01062,-0.070327,0.00010300000000000066,0.0001870000000000014,-4.200000000000037e-05
34791,0.000331,0.008137,-0.064579,3.5999999999999953e-05,0.00019300000000000046,0.00016199999999999548
35892,0.009712,0.010099,-0.068132,0.00011899999999999931,0.00018299999999999914,-0.00011400000000000299
34762,0.012055999999999999,0.010345,-0.067937,-4.200000000000037e-05,-0.00014500000000000103,-2.9000000000001247e-05
36346,0.004053,0.00518,-0.063414,0.0,0.00024200000000000003,-9.699999999999986e-05
33849,0.0016979999999999999,0.00656,-0.07196,-4.999999999999796e-06,0.00023399999999999983,-1.000000000001e-06
31057,0.0029140000000000004,0.00477,-0.065845,5.9999999999999724e-05,0.00011400000000000039,-0.00013599999999999723
32953,-0.00046899999999999996,-0.005777999999999999,-0.068271,0.000185,0.0001399999999999995,-0.00016500000000001236
37636,0.018355,-0.0077859999999999995,-0.068928,7.099999999999815e-05,6.899999999999962e-05,-7.699999999999374e-05
37359,-0.003402,0.0008489999999999999,-0.069048,9.600000000000017e-05,0.00033299999999999996,-7.800000000000862e-05
35033,-0.009866,0.004103,-0.062946,-2.2999999999998716e-05,0.00030100000000000005,0.0
35631,0.012539,0.008368,-0.06809699999999999,1.600000000000039e-05,4.5999999999999167e-05,6.499999999999562e-05
37107,-0.004259000000000001,-0.011805999999999999,-0.06753,0.0001810000000000006,0.0001739999999999988,-0.00012399999999998523
35981,0.002512,-0.011223,-0.074637,5.000000000000013e-05,0.00015399999999999962,-0.00011600000000000499
31428,-0.007499,-0.001092,-0.07463800000000001,0.0001399999999999995,0.0001460000000000002,-8.899999999999186e-05
29525,0.008461,8.400000000000001e-05,-0.06651699999999999,3.8000000000001574e-05,0.00036700000000000003,-3.900000000001125e-05
35963,-0.005866,-0.004353,-0.064701,0.0002279999999999999,8.600000000000014e-05,-0.00034200000000000896
30829,0.0011,-0.0066029999999999995,-0.066077,0.00016499999999999978,0.00016299999999999908,-0.00010600000000000886
36929,-0.010357,-0.000717,-0.059972000000000004,9.60000000000006e-05,0.00010999999999999996,-0.00021199999999998997
27546,-0.000901,0.010564,-0.066343,4.700000000000006e-05,0.00028800000000000006,7.200000000000262e-05
37522,-0.012562,-0.006764999999999999,-0.070869,-1.000000000001e-06,0.00016999999999999914,-0.00032200000000000284
35039,-0.003956,0.009199,-0.063178,1.000000000000046e-05,0.00011299999999999852,8.900000000000574e-05
36186,-0.000791,0.009949999999999999,-0.063429,-6.199999999999999e-05,0.00025900000000000055,0.00012099999999999611
37122,-0.0033940000000000003,0.005371000000000001,-0.064817,-8.999999999999894e-06,0.00022899999999999917,3.999999999999837e-05
30892,0.000279,0.007385,-0.069327,7.699999999999997e-05,0.0002360000000000001,-1.5000000000001124e-05
35340,-0.014368,0.009329,-0.069407,-6.699999999999935e-05,0.00013699999999999823,0.00010399999999999299
37113,-0.0049640000000000005,-0.007724999999999999,-0.06568399999999999,0.00019300000000000046,-2.700000000000098e-05,-0.0003490000000000021
33868,0.0051210000000000006,-0.009223,-0.06759,0.00011799999999999918,0.00013099999999999917,-0.00031699999999999784
35928,-0.014211999999999999,-0.000263,-0.07508799999999999,7.699999999999894e-05,0.00015099999999999998,-1.7000000000017e-05
34200,0.007481,-0.002857,-0.06962900000000001,8.100000000000034e-05,0.00024300000000000016,-0.00037699999999998846
37542,-0.00497,0.010255,-0.074437,-2.1000000000000185e-05,8.700000000000027e-05,-9.199999999999486e-05
31794,0.0050810000000000004,-0.003185,-0.073827,0.00012399999999999998,0.0002000000000000001,-8.800000000000474e-05
28873,-0.005558,-0.0018939999999999999,-0.069917,9.999999999992654e-07,0.0003449999999999998,-2.2999999999995246e-05
36721,-0.008303000000000001,0.0032440000000000004,-0.06961,0.00013900000000000197,0.0002329999999999997,-8.499999999998786e-05
37543,0.016018,0.009706,-0.07110999999999999,0.00017400000000000054,8.99999999999998e-05,-0.00015900000000000636
37399,0.012929,-0.009484999999999999,-0.06811700000000001,0.00010399999999999993,0.00015099999999999836,-5.7000000000001494e-05
36709,-0.007109,0.006783,-0.07554000000000001,1.599999999999952e-05,0.00015800000000000015,-6.999999999993123e-06
35306,-0.001282,0.010942,-0.067951,2.3999999999999933e-05,0.0002149999999999999,7.999999999999674e-05
29125,0.006557,0.00757,-0.065141,8.299999999999974e-05,0.0001319999999999993,-1.9999999999992246e-05
35037,0.00522,0.000539,-0.070544,0.0001250000000000001,0.00020200000000000003,-0.00022500000000000298
25160,-0.004027,0.0025670000000000003,-0.072777,0.00012600000000000024,0.00028499999999999966,-3.400000000000625e-05
23520,-0.006599,0.006612,-0.072332,7.399999999999941e-05,0.00016199999999999982,-1.2999999999999123e-05
32616,-0.013800000000000002,0.010789,-0.073697,9.60000000000006e-05,0.00011099999999999999,0.00010600000000000886
36240,-0.004535,0.0011539999999999999,-0.069278,0.0001349999999999997,0.000232,-2.1999999999994246e-05
35427,-0.001759,-0.010391,-0.066,0.0001789999999999999,5.599999999999876e-05,-9.999999999998899e-05
35917,0.011807999999999999,-0.000231,-0.07175,-2.6999999999999247e-05,0.00016,-4.900000000000737e-05
37645,0.012738,-0.002853,-0.07235599999999999,8.6000000000001e-05,0.0001429999999999999,3.9999999999901226e-06
36752,0.013852999999999999,-0.005837,-0.06462999999999999,3.900000000000084e-05,0.00016500000000000022,-2.1000000000007124e-05
30120,0.006372,-0.0025009999999999998,-0.07006,7.300000000000015e-05,0.00022699999999999977,-0.00032400000000000484
36265,-0.012425,0.004432,-0.072712,0.00011700000000000078,0.00021599999999999918,1.1999999999998123e-05
34264,-0.000819,-0.003851,-0.06598699999999999,0.00012700000000000005,0.0001259999999999998,-0.00023100000000000898
26185,-0.013311,0.0026720000000000003,-0.06798,7.799999999999994e-05,0.00021199999999999952,-8.800000000000474e-05
34432,0.0041849999999999995,0.009878,-0.069053,-2.999999999999531e-06,0.00020700000000000059,-1.9000000000005124e-05
32284,0.005754,0.010060000000000001,-0.07248099999999999,-3.4000000000000176e-05,0.0001229999999999981,-8.400000000001462e-05
33845,-0.008042,0.009049,-0.066652,4.900000000000043e-05,0.00016299999999999995,1.7000000000003124e-05
33626,-0.003585,0.007389000000000001,-0.064543,9.600000000000017e-05,0.0002199999999999997,0.00013900000000000023
37121,-0.003555,0.006957,-0.07565300000000001,8.899999999999967e-05,0.00013100000000000004,-8.999999999995123e-06
35891,-0.01272,0.009250999999999999,-0.067608,-0.00010499999999999919,0.00033900000000000076,-0.0001280000000000031
20570,0.011637,-0.007358,-0.065755,4.39999999999989e-05,0.00012700000000000038,0.0
36557,0.0036160000000000003,0.005556,-0.06601,0.00010899999999999972,0.00011299999999999939,-0.00011500000000000399
28625,0.003608,0.005712,-0.070676,0.0001259999999999998,0.00030900000000000025,-7.899999999999574e-05
34496,-0.000865,0.008371,-0.06888899999999999,0.00010599999999999997,0.00017400000000000054,1.2999999999985246e-05
31743,0.004181,-0.0045179999999999994,-0.071717,0.00017,0.0001979999999999994,-0.00016299999999999648
30836,0.015212999999999999,0.007153,-0.07031,0.00014400000000000003,0.00016500000000000022,-0.00020000000000000573
35920,-0.001382,-0.01098,-0.070035,0.0001740000000000001,5.6000000000000494e-05,-0.00020000000000000573
27607,-0.010039,0.01111,-0.070697,0.0001289999999999989,0.0001460000000000003,-0.00011300000000000199
35621,0.011582,0.005517,-0.0693,0.0001349999999999997,7.400000000000028e-05,-0.00014799999999999536
32643,0.012251,-0.001838,-0.06537000000000001,3.099999999999978e-05,0.00021799999999999988,2.8000000000014125e-05
31968,0.002326,0.004048,-0.069319,8.000000000000021e-05,0.00022699999999999977,-1.8000000000004124e-05
31369,0.008267,-0.0059240000000000004,-0.068243,0.00019899999999999952,8.400000000000074e-05,-0.00020499999999999685
36602,-0.001958,0.003095,-0.07395099999999999,0.00010100000000000018,0.00015400000000000006,5.7999999999988616e-05
35681,-0.00741,-0.001942,-0.067865,0.00017900000000000034,0.00018900000000000015,-0.00028000000000000247
36830,0.0058579999999999995,0.007821,-0.072976,-6.299999999999969e-05,0.00023799999999999863,-0.0001759999999999956
24806,-0.005284,0.0025369999999999998,-0.070908,8.000000000000021e-05,0.00016599999999999991,-0.0001250000000000001
34733,-0.004843,0.009464,-0.065071,5.400000000000023e-05,0.00024300000000000016,0.00014200000000000323
36343,-0.009139,0.007497,-0.075391,3.399999999999931e-05,0.00020799999999999985,4.900000000000737e-05
36785,-0.000897,-0.010977,-0.065103,0.000125,0.00013300000000000117,-4.100000000001325e-05
33562,-0.000815,0.001958,-0.065359,5.400000000000001e-05,0.00019799999999999983,-0.00010000000000000286
36008,0.001664,-0.00161,-0.069202,0.0002530000000000002,0.00033500000000000023,-0.0001850000000000046
32995,-0.009430999999999998,0.0014399999999999999,-0.072613,1.8999999999998185e-05,0.0002480000000000002,-0.0001270000000000021
34527,0.005399,-0.01233,-0.066729,3.799999999999984e-05,6.0000000000001025e-05,-0.00022400000000000198
36253,-0.009014,-0.012605,-0.066637,0.0001289999999999989,3.099999999999978e-05,-0.00020599999999999785
16139,0.001036,0.010112,-0.067903,6.000000000000016e-05,0.00014500000000000103,8.700000000000374e-05
34940,-0.010432,-0.003095,-0.072195,6.399999999999982e-05,0.00026099999999999995,-0.00014100000000000223
35901,0.007407,-0.003415,-0.06764,8.199999999999961e-05,0.0002660000000000002,-0.00032999999999999696
36482,0.01332,-0.002373,-0.068867,-0.00014199999999999977,6.199999999999999e-05,4.700000000000537e-05
30409,0.010456,-0.005713,-0.068857,0.00010199999999999966,0.0001010000000000004,-0.00022300000000000098
33852,0.009487,-0.002908,-0.070223,-2.000000000000092e-05,3.300000000000004e-05,-8.600000000000274e-05
35929,0.017064,-0.006694,-0.06953100000000001,3.0000000000002247e-05,0.00012099999999999958,-1.7999999999990246e-05
37603,0.004030000000000001,0.008616,-0.071434,-9.400000000000033e-05,0.00024300000000000016,-4.800000000000637e-05
32309,0.003218,-0.009629,-0.065706,0.0002890000000000002,0.00016700000000000048,-0.0001779999999999976
33245,0.007450999999999999,0.000617,-0.069738,0.00021000000000000012,0.00023099999999999998,-0.00024299999999999322
36181,-0.001814,0.008563000000000001,-0.06666200000000001,4.500000000000012e-05,0.0002899999999999986,0.00012200000000001099
35693,0.008926,-0.005488000000000001,-0.066489,0.0001570000000000009,0.00022000000000000058,-0.00020599999999998397
25418,0.0014990000000000001,0.010919,-0.066216,4.999999999999796e-06,0.00015400000000000136,0.00012899999999999023
36498,0.013729,0.009257999999999999,-0.067581,5.500000000000123e-05,0.00013300000000000117,-5.6000000000000494e-05
34035,0.009635999999999999,-0.008688000000000001,-0.069687,5.400000000000023e-05,8.800000000000127e-05,-6.599999999999662e-05
26013,-0.009772,0.000415,-0.07146599999999999,4.999999999999796e-06,0.00019499999999999997,-8.200000000001262e-05
37500,0.01471,-0.005063,-0.067663,0.0001799999999999996,7.799999999999908e-05,5.1999999999996493e-05
35939,0.0045320000000000004,0.000674,-0.069538,8.99999999999998e-05,0.000219,-0.0002259999999999901
34231,0.005911,-0.005046999999999999,-0.068095,0.00014400000000000003,0.0002489999999999992,-0.00026199999999999835
25194,-0.002018,0.00888,-0.068815,0.00011999999999999988,0.0002699999999999994,6.0000000000004494e-05
31974,0.008237999999999999,0.006112,-0.068115,0.0001370000000000017,0.00016500000000000022,-0.00011700000000000599
34250,-0.003597,0.0051589999999999995,-0.061958,3.500000000000031e-05,0.0002199999999999997,-3.299999999999831e-05
36320,0.001535,0.0038740000000000003,-0.061634999999999995,6.199999999999999e-05,0.000219,-3.800000000000331e-05
37391,-0.000746,-0.012282,-0.06779099999999999,0.00019099999999999998,8.200000000000048e-05,-4.000000000001225e-05
35938,0.004455,5.1e-05,-0.07031799999999999,0.00012700000000000038,0.00018300000000000003,-0.00022700000000000498
31131,0.007835,0.004091,-0.068208,0.0001349999999999997,0.0002249999999999995,-9.599999999999886e-05
37360,0.003811,0.000924,-0.062155999999999996,0.00011800000000000005,0.00014800000000000002,-7.000000000000062e-05
36510,-0.01279,0.0072050000000000005,-0.072338,2.6999999999999247e-05,4.6000000000000034e-05,-6.50000000000095e-05
37157,-0.010298,-0.009053,-0.067503,1.600000000000039e-05,4.799999999999943e-05,-8.800000000000474e-05
37364,-0.0027010000000000003,0.002643,-0.06258,2.6000000000000415e-05,0.00015800000000000015,-5.9000000000003494e-05
36005,0.007287,-0.011264,-0.066103,3.099999999999978e-05,9.699999999999986e-05,-0.00027099999999999347
32320,0.008138,0.004046,-0.065643,0.00017,0.0002260000000000005,-5.3999999999998494e-05
22096,-0.011425000000000001,0.006692,-0.071199,8.000000000000021e-05,0.00026400000000000035,2.000000000002e-06
36255,-0.011635,-0.006749,-0.066637,0.00019800000000000026,0.0001719999999999994,-0.00020199999999999385
36245,-0.011687,0.005409,-0.07432599999999999,7.399999999999941e-05,0.000183,-6.50000000000095e-05
36250,0.009550000000000001,0.012010999999999999,-0.069827,-3.500000000000031e-05,-0.0001389999999999985,-9.699999999999986e-05
29657,0.001659,0.004339000000000001,-0.070565,6.799999999999992e-05,0.000194999999999999,6.90000000000135e-05
32657,-0.0032069999999999998,0.005703000000000001,-0.06851399999999999,9.8e-05,0.0002779999999999996,-0.00015600000000000336
35897,0.015349,-0.004776,-0.07037900000000001,0.00013200000000000017,6.799999999999948e-05,2.9000000000015125e-05
27255,-0.010322,0.004395,-0.068458,-7.500000000000041e-05,0.0002620000000000001,-4.899999999999349e-05
34753,-0.015009999999999999,0.005558,-0.071797,2.0000000000002655e-06,8.99999999999998e-05,-0.00014499999999999236
36426,0.0031379999999999997,-0.01269,-0.066,6.200000000000042e-05,0.0001310000000000009,-0.00013899999999998636
29467,0.009045,0.0017490000000000001,-0.06994299999999999,0.00014000000000000123,0.00019399999999999995,-0.0002620000000000122
33296,-0.000751,-0.0035259999999999996,-0.06606000000000001,0.00011000000000000007,0.00011399999999999952,-0.0002229999999999871
36512,0.008968,-0.003643,-0.068548,8.299999999999974e-05,0.00011999999999999988,-0.00010100000000000386
33298,-0.009599,0.007187000000000001,-0.070633,0.00011199999999999925,0.0002959999999999994,0.00011500000000000399
34139,0.0020440000000000002,-0.007944,-0.066107,0.00023599999999999966,0.0001929999999999996,-0.0001320000000000071
29876,-0.008257,-8.8e-05,-0.07502500000000001,0.00016400000000000095,0.000139,-6.799999999999862e-05
34746,0.010254,-0.001557,-0.06813899999999999,-7.000000000000062e-05,0.00014300000000000011,-2.5000000000011124e-05
37192,-0.002803,-0.010868000000000001,-0.06888899999999999,0.00020799999999999985,9.800000000000086e-05,-0.0001840000000000036
33543,-0.00696,0.005261999999999999,-0.064785,1.0000000000001327e-06,0.00023900000000000136,-6.0000000000060005e-06
37397,0.009283,-0.002437,-0.07195399999999999,0.00028600000000000153,0.0002009999999999998,-0.00015600000000000336
28570,-0.008138,0.010855,-0.069065,0.0001289999999999989,0.0001020000000000014,3.200000000000425e-05
36506,0.014347,0.002782,-0.067825,0.00020899999999999912,8.399999999999987e-05,-0.0001739999999999936
36266,0.009439999999999999,-0.007405999999999999,-0.063503,0.00031400000000000004,0.0002559999999999993,-0.0001729999999999926
32050,0.004292,-0.011753,-0.06704900000000001,1.600000000000039e-05,-1.600000000000039e-05,-0.00014199999999998936
30446,-0.008822,0.009352000000000001,-0.071552,4.099999999999937e-05,7.199999999999915e-05,1.8000000000004124e-05
36494,0.008164,-0.009734999999999999,-0.06704900000000001,5.6000000000000494e-05,0.00031199999999999804,-6.599999999998274e-05
35102,-0.008933,-0.00852,-0.06675,7.399999999999941e-05,0.00012100000000000131,-0.00010599999999999499
37423,-1e-05,-0.000733,-0.067922,0.00021799999999999999,0.00026100000000000006,1.9999999999881224e-06
36723,0.015207,0.0005110000000000001,-0.06673,5.999999999999929e-05,0.00014399999999999992,-0.00015300000000000036
36549,0.001707,0.002186,-0.062136000000000004,0.00014600000000000008,0.00028699999999999993,-0.00014000000000000123
29830,0.000988,0.009318,-0.069912,4.2000000000000154e-05,0.00020300000000000006,4.700000000000537e-05
37470,0.0033450000000000003,0.0012079999999999999,-0.066443,7.399999999999985e-05,0.00022500000000000016,-2.8000000000000247e-05
35610,-0.006923,-0.00492,-0.072797,9.400000000000033e-05,0.00028200000000000013,-8.000000000008e-06
17102,-0.000285,0.006291000000000001,-0.068466,4.8e-05,0.0001999999999999988,2.9000000000001247e-05
34728,0.00045400000000000003,0.006703000000000001,-0.068485,3.099999999999994e-05,0.0002189999999999987,7.000000000007001e-06
35113,0.010161,-0.00010499999999999999,-0.06643,4.799999999999943e-05,0.000259,-3.899999999999737e-05
37358,0.009354,0.002791,-0.06598000000000001,6.900000000000135e-05,0.00022299999999999967,-0.00019599999999998785
36082,0.002291,-0.000186,-0.06408799999999999,7.400000000000028e-05,0.000196,7.699999999999374e-05
22358,0.008476000000000001,-0.001845,-0.068143,8.2999999999998e-05,0.00031400000000000026,-9.200000000000874e-05
27266,0.001971,0.004956,-0.072592,2.7000000000000114e-05,0.0002760000000000002,3.399999999999237e-05
28193,-0.001745,0.0043159999999999995,-0.07217100000000001,0.00012399999999999998,0.0002040000000000002,6.90000000000135e-05
37366,0.008403,0.00066,-0.063121,6.599999999999835e-05,0.00033,5.6000000000000494e-05
29483,0.006501000000000001,0.003323,-0.066308,4.39999999999989e-05,0.0003259999999999999,-0.00020399999999999585
32999,0.001482,0.0066820000000000004,-0.067929,4.299999999999985e-05,0.0002180000000000003,1.7000000000003124e-05
36518,0.012617000000000001,-0.003792,-0.06919700000000001,3.5999999999999574e-05,1.7999999999999787e-05,6.50000000000095e-05
36191,-0.0010869999999999999,0.004424,-0.067188,0.0001339999999999999,0.00017899999999999947,2.899999999998737e-05
34145,0.014087,0.000506,-0.068303,2.3999999999999716e-05,5.199999999999996e-05,-1.6999999999989246e-05
35128,0.011970000000000001,-0.000166,-0.06700300000000001,0.00010899999999999972,0.000138,-1.9999999999992246e-05
35618,-0.007649,-2.1000000000000002e-05,-0.063526,3.200000000000078e-05,0.000235,-0.00019800000000000373
15880,-0.001451,0.003306,-0.07020799999999999,4.6000000000000034e-05,0.0001740000000000001,-2.4000000000010124e-05
34833,0.010194000000000002,-0.005263,-0.063426,0.00015999999999999695,0.00018199999999999987,-0.0001820000000000016
34209,0.002877,0.003568,-0.068943,0.00010600000000000019,0.00023799999999999993,-6.799999999998474e-05
33280,0.009528,-0.002713,-0.066949,4.39999999999989e-05,0.00020199999999999992,-6.60000000000105e-05
