Particle,x,y,z,Vx,Vy,Vz
1968,-0.012587,-0.002128,-0.06762399999999999,0.0,0.0,0.0
2450,0.000683,0.0063419999999999995,-0.074281,0.0,0.0,0.0
215,-0.001494,0.011809,-0.076136,0.0,0.0,0.0
299,0.014525,0.004229,-0.068201,0.0,0.0,0.0
4225,0.015374,-0.005183,-0.07408799999999999,0.0,0.0,0.0
3121,-0.008367000000000001,-0.011099,-0.06922199999999999,0.0,0.0,0.0
2791,-0.011243,0.003919,-0.062238,0.0,0.0,0.0
3849,0.002642,0.010554000000000001,-0.06547,0.0,0.0,0.0
255,-0.007155,-0.008383,-0.069309,0.0,0.0,0.0
3779,0.014828,0.008254,-0.067702,0.0,0.0,0.0
3912,0.016562,0.004726,-0.072699,0.0,0.0,0.0
4068,0.005144,-0.011278999999999999,-0.068275,0.0,0.0,0.0
3817,-0.015155,0.008975,-0.071755,0.0,0.0,0.0
2822,0.008044,0.002317,-0.07087900000000001,0.0,0.0,0.0
4094,0.003754,-0.004054,-0.063202,0.0,0.0,0.0
1953,-0.008232,-0.002254,-0.073771,0.0,0.0,0.0
3937,-0.001946,-0.00053,-0.075359,0.0,0.0,0.0
4104,0.007396,0.007967,-0.06154,0.0,0.0,0.0
1926,0.009901,-0.010874,-0.066183,0.0,0.0,0.0
3955,0.012116,-0.000709,-0.074256,0.0,0.0,0.0
4158,-0.004555,-0.008226,-0.073676,0.0,0.0,0.0
951,0.01218,-0.003983,-0.063533,0.0,0.0,0.0
2457,0.007319,-0.010231,-0.074429,0.0,0.0,0.0
3728,0.003954,0.012007,-0.067228,0.0,0.0,0.0
4278,0.009507999999999999,0.0010609999999999999,-0.058011,0.0,0.0,0.0
2155,-0.005703000000000001,0.004208,-0.070902,0.0,0.0,0.0
4148,-0.006356,-0.009673,-0.06476699999999999,0.0,0.0,0.0
4157,-0.006533000000000001,-0.0008349999999999999,-0.05946,0.0,0.0,0.0
2890,0.002763,-0.008055,-0.064451,0.0,0.0,0.0
4246,-0.007004,-0.009534,-0.058970999999999996,0.0,0.0,0.0
4093,-0.006292,-0.012191,-0.072115,0.0,0.0,0.0
208,-0.015391,-0.0027949999999999997,-0.071893,0.0,0.0,0.0
2489,0.010856999999999999,-0.005736,-0.063806,0.0,0.0,0.0
1955,0.0038250000000000003,-0.0013260000000000001,-0.077485,0.0,0.0,0.0
1031,-0.010346,0.004715,-0.062022,0.0,0.0,0.0
432,0.001072,-0.011384,-0.067997,0.0,0.0,0.0
3213,-0.003609,-0.00034599999999999995,-0.060896,0.0,0.0,0.0
3841,0.009597,0.004947,-0.060337,0.0,0.0,0.0
3788,0.004982,0.000365,-0.067342,0.0,0.0,0.0
3862,0.010212,0.008458,-0.064679,0.0,0.0,0.0
4244,0.009529999999999999,0.009611000000000001,-0.067646,0.0,0.0,0.0
3135,0.003437,0.002444,-0.063082,0.0,0.0,0.0
2131,0.014237999999999999,0.00575,-0.06602200000000001,0.0,0.0,0.0
4206,-0.004513,0.002589,-0.060152000000000004,0.0,0.0,0.0
3437,0.00501,-0.001949,-0.073432,0.0,0.0,0.0
1536,0.013147,-0.0008110000000000001,-0.074186,0.0,0.0,0.0
4228,-0.007927,-0.008226,-0.05796200000000001,0.0,0.0,0.0
4366,0.007282,0.002521,-0.058446,0.0,0.0,0.0
4235,-0.007574,0.011626,-0.06517300000000001,0.0,0.0,0.0
3807,0.003754,0.013155,-0.066244,0.0,0.0,0.0
3825,-0.013067,-0.010194000000000002,-0.06781699999999999,0.0,0.0,0.0
4116,0.005961,0.012109,-0.060791,0.0,0.0,0.0
320,0.013111000000000001,-0.001266,-0.069005,0.0,0.0,0.0
3784,-0.005149,0.004906,-0.06760899999999999,0.0,0.0,0.0
3770,-0.006861,-0.002127,-0.06312,0.0,0.0,0.0
3330,-0.013956,0.011028,-0.0696,0.0,0.0,0.0
4129,-0.006847000000000001,0.011127000000000001,-0.069787,0.0,0.0,0.0
1524,-0.007736,-0.008237999999999999,-0.071419,0.0,0.0,0.0
4066,0.00051,0.007311,-0.064735,0.0,0.0,0.0
4084,-0.006513,0.009641,-0.075973,0.0,0.0,0.0
3792,0.006658000000000001,-0.001955,-0.074416,0.0,0.0,0.0
4099,-0.000379,-0.001949,-0.05701,0.0,0.0,0.0
1470,0.014830999999999999,-0.010263999999999999,-0.06959900000000001,0.0,0.0,0.0
3155,-0.000656,0.008414,-0.070122,0.0,0.0,0.0
4125,-0.015832000000000002,0.001908,-0.07663800000000001,0.0,0.0,0.0
3997,0.003721,-0.002053,-0.068018,0.0,0.0,0.0
3161,0.011321,0.006226,-0.06548999999999999,0.0,0.0,0.0
272,0.011529,0.008676,-0.071547,0.0,0.0,0.0
1005,0.014099,-0.009704,-0.066165,0.0,0.0,0.0
2891,-0.010281,-0.012135,-0.06662,0.0,0.0,0.0
3458,-0.007156,-0.006817,-0.073159,0.0,0.0,0.0
4173,0.014133,0.012851000000000001,-0.066808,0.0,0.0,0.0
4184,0.012898,0.0059960000000000005,-0.06513,0.0,0.0,0.0
33,0.009617,0.0014579999999999999,-0.076112,0.0,0.0,0.0
2643,0.008801,-0.010265,-0.07266299999999999,0.0,0.0,0.0
1242,-0.0036669999999999997,0.005225,-0.067039,0.0,0.0,0.0
4303,0.012402,-0.011974,-0.062055,0.0,0.0,0.0
3598,0.015654,0.007325,-0.064679,0.0,0.0,0.0
4377,0.013538,0.009928000000000001,-0.072101,0.0,0.0,0.0
4379,0.002538,0.0027080000000000003,-0.078535,0.0,0.0,0.0
4009,-0.005507,-0.001833,-0.068075,0.0,0.0,0.0
2600,-0.007032,-0.004292,-0.07584099999999999,0.0,0.0,0.0
3517,0.002335,0.00039200000000000004,-0.074764,5.600000000000006e-05,1.9999999999999944e-06,-0.00015300000000000036
32,0.005891,0.004148,-0.070571,-0.0001310000000000009,-9.999999999999593e-06,-0.00021200000000000385
2161,0.001139,0.006522,-0.07483799999999999,2.0000000000000052e-05,2.9999999999999645e-05,-7.200000000000262e-05
4407,-0.000846,-0.008002,-0.0741,-4.2000000000000045e-05,9.999999999999593e-06,0.00010799999999999699
3137,-0.007996,-0.002713,-0.065333,3.799999999999984e-05,0.00017900000000000034,7.100000000000162e-05
1202,0.0060620000000000005,-0.010452,-0.074184,-3.900000000000084e-05,3.7000000000000574e-05,3.0000000000030003e-06
3766,-0.012432,0.01061,-0.066194,1.9999999999999185e-05,-4.99999999999997e-05,5.3999999999998494e-05
1525,-0.001588,0.008320000000000001,-0.061575000000000005,-1.899999999999992e-05,0.00025299999999999975,5.200000000000343e-05
3148,0.007098,0.0099,-0.075014,-0.00015500000000000062,-1.8000000000000654e-05,-0.0003080000000000027
4693,0.007482,-0.012086,-0.073173,-3.199999999999991e-05,3.8999999999999105e-05,2.5000000000011124e-05
4145,0.0045899999999999995,-0.001938,-0.073869,8.000000000000021e-05,-6.999999999999975e-05,-0.0002279999999999921
37,0.006587,0.009983,-0.07025,-0.00016500000000000022,5.7999999999999025e-05,-0.0001830000000000026
3526,-0.011847,-0.009255000000000001,-0.06567,0.00016700000000000048,6.200000000000129e-05,0.00021800000000000985
4097,-0.005712,-0.009634,-0.07324800000000001,-4.999999999999796e-06,7.300000000000015e-05,1.4000000000014001e-05
2823,-0.011119,-0.007495,-0.071407,6.400000000000156e-05,-3.0000000000000512e-05,0.00019399999999999973
4554,0.009262000000000001,0.008384,-0.07015300000000001,-0.00022900000000000177,9.099999999999907e-05,-7.999999999999674e-05
4007,-0.013224999999999999,0.0024140000000000003,-0.072338,5.199999999999823e-05,-7.600000000000011e-05,3.299999999999137e-05
4128,-0.008293,0.001877,-0.075376,-2.000000000000092e-05,-0.00012300000000000006,-4.200000000001425e-05
1147,-0.006256,0.000191,-0.072632,-2.3999999999999716e-05,-3.400000000000001e-05,-0.00010599999999999499
203,0.000506,0.002115,-0.06650199999999999,7.699999999999992e-05,0.00012299999999999985,-1.0000000000148779e-06
45,0.001638,0.006725,-0.063153,-0.00015899999999999985,0.00013500000000000057,-0.00014799999999999536
2511,0.016637,-0.000743,-0.069882,-8.199999999999874e-05,0.00014099999999999996,-9.499999999999786e-05
3465,0.006005,0.0036070000000000004,-0.061911,-3.800000000000071e-05,8.59999999999997e-05,9.60000000000058e-05
4393,0.003876,-0.009324,-0.064368,0.0001929999999999996,0.00013400000000000044,0.0002370000000000011
4238,-0.002126,-0.011691,-0.074432,-4.700000000000017e-05,-4.49999999999999e-05,-8.500000000000174e-05
211,0.014503,-0.008293,-0.070882,-2.9999999999998778e-05,2.6999999999999247e-05,-3.099999999998937e-05
4472,-0.004335,-0.003261,-0.05975,9.400000000000033e-05,0.00021199999999999995,-3.300000000000525e-05
4408,-0.006979,0.0038450000000000003,-0.061113,-6.600000000000009e-05,0.0001559999999999999,-5.7000000000001494e-05
2473,0.007138,-0.00359,-0.067721,6.399999999999982e-05,0.00021000000000000012,-0.00021100000000000285
4256,-0.009141,0.003594,-0.075815,-4.0000000000000105e-05,-7.099999999999988e-05,4.299999999998749e-05
4146,-0.005908,-0.00166,-0.06533199999999999,6.000000000000016e-05,0.0002999999999999999,-9.200000000002262e-05
3123,0.010208,-0.006754,-0.06908299999999999,2.599999999999998e-05,2.8999999999999512e-05,-1.8000000000004124e-05
1957,-0.011843,0.008038,-0.064664,-0.00015900000000000115,-7.000000000000062e-06,-7.299999999998974e-05
3119,0.006698000000000001,-0.005553,-0.06897,7.999999999999327e-06,-1.1000000000000593e-05,4.000000000004e-06
1229,0.013082,0.012416,-0.072259,-0.00022900000000000004,0.00015800000000000015,-8.799999999999086e-05
63,0.0017079999999999999,-0.007533000000000001,-0.069755,0.00014400000000000025,6.0000000000001025e-05,-0.0002550000000000052
3808,-0.001764,0.008372999999999998,-0.07489799999999999,0.0001519999999999998,0.00014300000000000077,-0.0001779999999999976
3824,-0.0029140000000000004,-0.005853,-0.069273,9.500000000000047e-05,0.00027899999999999973,-0.00011400000000000299
4543,-0.010789,0.012641999999999999,-0.063068,-8.000000000001062e-06,4.800000000000117e-05,0.00021100000000000285
4557,-0.004214000000000001,0.0072759999999999995,-0.056549,-8.199999999999961e-05,0.00016900000000000075,-0.00015199999999999936
2923,0.013798,-0.007495,-0.074619,8.099999999999948e-05,-9.999999999999593e-06,-9.800000000000086e-05
268,0.002611,-0.0034500000000000004,-0.07200100000000001,-3.600000000000001e-05,-1.999999999999962e-05,-2.5999999999998247e-05
4521,0.009674,-0.007672,-0.058615,0.00021499999999999818,0.0002790000000000006,5.6000000000000494e-05
4433,0.010584,-0.002043,-0.07396,0.00011300000000000025,-0.00010099999999999996,2.000000000002e-06
15,0.000368,0.010133,-0.07496299999999999,0.00012099999999999996,0.00012299999999999985,-6.0000000000004494e-05
233,-0.015396,-0.005156,-0.069485,-0.00014699999999999956,9.099999999999994e-05,0.00010700000000000986
2839,0.007486,0.0022519999999999997,-0.07046899999999999,-6.600000000000009e-05,5.1000000000000264e-05,-0.0001910000000000106
655,-0.011285,-0.003819,-0.074007,-0.00013299999999999944,-5.600000000000006e-05,-4.299999999998749e-05
4013,-0.002471,-0.012404,-0.07323,0.00017600000000000037,4.200000000000037e-05,-0.0001270000000000021
3759,-0.005542,-0.00364,-0.07517,-3.799999999999984e-05,4.000000000000097e-06,-0.00021400000000000585
1220,0.008747999999999999,-0.01082,-0.06807099999999999,5.20000000000017e-05,0.00020299999999999832,-9.700000000001374e-05
4497,-0.002397,0.010499000000000001,-0.064566,0.0001559999999999999,0.0002679999999999974,-0.00010999999999999899
2417,-0.014811,-0.00312,-0.074863,-0.00017099999999999928,2.3000000000000017e-05,-7.999999999999674e-05
4105,0.0040279999999999995,0.009746000000000001,-0.065929,-4.5999999999999167e-05,0.00013799999999999923,0.00012099999999999611
3974,0.009679,-0.007979,-0.065229,0.00010800000000000046,0.0002519999999999996,-2.1000000000007124e-05
4634,0.005991,-0.003732,-0.062052,0.00013400000000000044,0.0003480000000000002,-7.599999999999968e-05
2608,-0.007320999999999999,0.011367,-0.074342,-8.300000000000061e-05,-7.400000000000115e-05,-0.00011899999999999411
4368,-0.007873,0.007098,-0.07307599999999999,3.799999999999984e-05,7.899999999999921e-05,-9.700000000001374e-05
3143,-0.007813,0.008428000000000001,-0.073673,0.0001010000000000004,4.0999999999997636e-05,-0.00010399999999999299
201,0.00691,-0.006907,-0.069152,2.599999999999998e-05,-4.0000000000000105e-05,7.000000000007001e-06
2836,0.012266,-0.0070149999999999995,-0.071198,4.999999999999796e-06,5.5999999999999626e-05,-0.00014500000000000624
2810,0.006121000000000001,0.012551999999999999,-0.06685899999999999,0.00015199999999999936,9.699999999999986e-05,-0.0002630000000000132
3782,0.006849999999999999,-0.010513,-0.07368300000000001,-6.399999999999982e-05,4.799999999999943e-05,-0.00010299999999999199
118,-0.002362,-0.0043630000000000006,-0.07064100000000001,-6.900000000000005e-05,0.00013400000000000044,-0.00023599999999998622
1273,-0.004564,-0.0025,-0.067963,0.00011500000000000052,0.0002500000000000002,-9.699999999999986e-05
3476,-0.0005909999999999999,0.009212999999999999,-0.067482,1.99999999999994e-06,6.600000000000009e-05,-8.799999999999086e-05
4459,0.010537000000000001,-0.009066000000000001,-0.065656,0.00010699999999999946,0.00016700000000000222,-0.00011399999999998911
4464,0.009497,0.008706,-0.065624,-0.00013900000000000023,5.099999999999896e-05,-0.00015900000000000636
4165,-0.0081,-0.010039999999999999,-0.057798,1.0999999999998858e-05,0.0002659999999999989,-3.600000000000131e-05
4476,-0.004017000000000001,-0.001328,-0.07051900000000001,1.700000000000052e-05,9.699999999999986e-05,-6.499999999999562e-05
4488,-0.008317999999999999,-0.002278,-0.062477,6.999999999999888e-05,0.00023000000000000017,0.00016200000000000242
1056,0.012244,-0.008416,-0.074393,1.1000000000000593e-05,2.599999999999998e-05,-8.299999999999974e-05
3837,0.011715,-0.00617,-0.073157,5.000000000000143e-05,-0.00010700000000000032,-0.0001749999999999946
4555,0.008827999999999999,-0.005682,-0.071385,7.300000000000015e-05,-8.000000000000194e-06,-6.699999999999762e-05
4593,0.006337,0.004642,-0.07692,-9.099999999999907e-05,-0.00010200000000000053,-0.00020999999999998797
4650,0.008061,-0.001284,-0.076232,8.599999999999927e-05,-0.0001739999999999999,-1.5000000000001124e-05
3520,-0.010745,-0.00452,-0.063406,9.99999999999994e-05,-1.000000000000046e-05,-3.0000000000002247e-05
1238,0.001456,0.0026160000000000003,-0.0688,-9.8e-05,6.699999999999935e-05,-0.00013799999999999923
4361,0.009891,-0.012178000000000001,-0.067333,5.300000000000096e-05,0.00022000000000000144,5.0000000000050004e-06
152,0.009558,-0.007231,-0.067851,8.3999999999999e-05,0.00020499999999999945,2.8000000000000247e-05
4732,0.011489000000000001,-0.006883,-0.070597,1.600000000000039e-05,-4.2999999999999636e-05,9.999999999871223e-07
820,0.0020099999999999996,-0.000771,-0.07531399999999999,4.0000000000000105e-05,-4.299999999999996e-05,-0.0001860000000000056
4398,-0.008269,-0.005337,-0.069988,1.4000000000000123e-05,0.00010899999999999972,1.9999999999881224e-06
2264,-0.009545999999999999,-0.004716000000000001,-0.068929,1.0999999999998858e-05,0.0002840000000000004,9.199999999999486e-05
3544,-0.00037,0.003994,-0.063152,5.000000000000013e-06,0.00014800000000000056,-6.0000000000060005e-06
4468,-0.011158,-0.011532,-0.070087,0.0001410000000000005,0.00028000000000000073,0.0002580000000000082
4399,-0.007004,-0.003473,-0.06975100000000001,6.199999999999956e-05,0.00010799999999999959,2.1000000000007124e-05
240,-0.006476,0.011131,-0.07071,-6.299999999999969e-05,9.500000000000133e-05,-0.00011300000000000199
3199,-0.012071,0.01086,-0.065235,2.6999999999999247e-05,-0.00010899999999999972,4.300000000000137e-05
3498,-0.003363,-0.0015609999999999999,-0.073048,-2.1999999999999884e-05,-8.800000000000019e-05,-0.00020399999999999585
21,-0.0033450000000000003,0.010807,-0.075009,2.900000000000038e-05,1.799999999999892e-05,-0.0001729999999999926
4786,0.010484,-0.007133,-0.069465,2.5000000000000716e-05,-1.5000000000000256e-05,1.2999999999999123e-05
4755,0.003262,-0.009321999999999999,-0.072911,3.199999999999991e-05,7.599999999999794e-05,-8.600000000000274e-05
4756,-0.008291999999999999,0.000986,-0.066791,4.1999999999998636e-05,0.00010500000000000006,-2.899999999998737e-05
3773,0.009113,-0.000721,-0.06389,8.100000000000121e-05,0.00014900000000000004,-2.000000000002e-06
4065,-0.006381,-0.000703,-0.0707,4.999999999999796e-06,4.899999999999989e-05,1.9000000000005124e-05
2941,0.007147000000000001,0.007095,-0.061347,-0.00011500000000000052,0.00017599999999999994,2.4999999999997247e-05
4493,-0.013972,-0.001724,-0.072703,-4.0000000000000105e-05,-3.600000000000001e-05,-1.9999999999881224e-06
101,0.012986000000000001,-0.002528,-0.06833,2.1999999999997716e-05,2.099999999999975e-05,-9.599999999999886e-05
4525,-0.008852,0.006284,-0.074871,-9.000000000000327e-06,5.799999999999989e-05,0.00010599999999999499
25,-0.008499000000000001,0.008063,-0.075426,-9.39999999999986e-05,-3.100000000000151e-05,2.9000000000001247e-05
3,-0.00575,-0.0007009999999999999,-0.071785,1.999999999999398e-06,5.799999999999989e-05,-0.00011299999999998811
4758,-0.001098,-0.005569,-0.066664,0.0001510000000000001,0.00020500000000000032,-4.699999999999149e-05
4762,0.01091,-0.004617,-0.06898699999999999,3.5999999999999574e-05,3.099999999999891e-05,-2.0000000000006124e-05
3809,-0.011684,-0.001635,-0.075179,-1.2999999999999123e-05,2.800000000000003e-05,-5.6000000000000494e-05
4800,-0.0025470000000000002,0.004533000000000001,-0.06293800000000001,0.00012000000000000031,0.00012199999999999971,2.6000000000012125e-05
4563,-0.013155,-0.008999,-0.066907,0.00012299999999999985,9.10000000000008e-05,0.00026800000000000435
4730,-0.009684,-0.011404,-0.07248099999999999,-3.0000000000000512e-05,0.00016199999999999895,0.0003359999999999891
4765,-0.008586,-0.011904,-0.069625,0.000196,0.00010299999999999893,0.00015099999999999836
4813,0.009154,0.012449,-0.065426,8.89999999999988e-05,7.799999999999994e-05,-0.00019299999999999873
3455,-0.008966,-0.002997,-0.06553199999999999,-9.000000000000327e-06,0.000196,0.0001749999999999946
4163,-0.007966,-0.012127,-0.065962,0.0001420000000000015,0.00010300000000000066,0.00010699999999999599
1,-0.001232,-0.0005470000000000001,-0.072462,-0.00010499999999999984,9.000000000000002e-06,-0.0001340000000000091
2816,0.006306,0.011349999999999999,-0.065096,0.0001269999999999995,0.00011200000000000099,-0.00020799999999999985
4780,-0.000417,-0.011134,-0.074862,-6.799999999999997e-05,-7.000000000000062e-06,5.0000000000050004e-06
4294,0.014455,0.011464,-0.070085,-0.00018900000000000167,7.399999999999941e-05,2.9000000000001247e-05
4834,0.003991,-1.7e-05,-0.061628,9.800000000000086e-05,0.00015600000000000002,-0.00011399999999999605
4857,-0.004093,0.0027589999999999997,-0.061447,3.7000000000000574e-05,0.00024100000000000033,-1.5000000000001124e-05
3479,-0.007039,0.009609999999999999,-0.06315699999999999,3.899999999999997e-05,0.0003070000000000017,-4.200000000000037e-05
4823,-0.003173,0.009769,-0.059597000000000004,-0.00010099999999999996,0.000255,-0.0002819999999999906
4427,0.000925,0.000721,-0.06025,-2.400000000000004e-05,0.000241,0.00017099999999999754
3796,0.010667999999999999,-0.000335,-0.062712,6.399999999999982e-05,0.000189,0.0
4106,-0.001077,0.004791999999999999,-0.06479399999999999,-0.00012800000000000008,0.00020700000000000059,-9.700000000001374e-05
4440,-0.008628,0.001333,-0.07496699999999999,3.100000000000151e-05,-3.200000000000013e-05,1.9000000000005124e-05
1688,0.011118000000000001,0.007730000000000001,-0.069875,-0.00010000000000000113,0.0001499999999999991,-0.00019899999999999085
4623,-0.013663,-0.002895,-0.07259399999999999,-0.00014299999999999903,1.4000000000000123e-05,-7.600000000000662e-05
56,-0.00621,0.006466,-0.074727,-4.2999999999999636e-05,-1.700000000000052e-05,-1.4000000000000123e-05
4373,0.004982,0.001468,-0.06550700000000001,4.8999999999999565e-05,0.00013600000000000027,-8.999999999995123e-06
1947,0.0034100000000000003,-0.011235,-0.07125,5.0999999999999397e-05,-5.199999999999996e-05,-4.300000000001525e-05
3708,-0.013883,0.0012430000000000002,-0.076348,3.0000000000000512e-05,-0.00011600000000000022,-4.600000000000437e-05
433,-0.007367,0.013167,-0.066667,-0.00011300000000000025,0.00016500000000000022,-0.00010899999999999799
4400,-0.015289,0.00919,-0.078171,-5.099999999999896e-05,-7.400000000000115e-05,-1.7999999999990246e-05
263,0.016179,-0.006367,-0.073878,8.600000000000274e-05,0.00014500000000000016,-7.899999999999574e-05
1340,0.012914,0.004178,-0.068027,-0.00012200000000000058,6.800000000000035e-05,-5.3999999999998494e-05
3072,0.001059,0.003792,-0.06401699999999999,-6.800000000000013e-05,8.600000000000014e-05,-8.600000000000274e-05
4558,0.0056159999999999995,0.009303,-0.07672799999999999,-0.00013299999999999944,-8.900000000000054e-05,-0.00023300000000001098
4816,0.007479,0.008468999999999999,-0.053713000000000004,4.49999999999999e-05,0.0001410000000000005,-0.00043999999999999595
4852,-0.003111,0.003543,-0.070096,1.800000000000022e-05,5.499999999999993e-05,-0.00015800000000000536
3922,0.013268,-0.006797,-0.065199,0.0001299999999999999,0.00016899999999999988,-6.60000000000105e-05
3157,-0.004073,0.010614,-0.076732,2.8000000000000247e-05,3.300000000000004e-05,-8.900000000000574e-05
4592,0.017261,-0.006376000000000001,-0.067363,0.00016199999999999895,9.400000000000033e-05,-6.999999999993123e-06
2009,0.012028,0.010967000000000001,-0.07559600000000001,-0.0001250000000000001,-1.2000000000001593e-05,-0.00022699999999997722
1550,-0.013255000000000001,0.002757,-0.07762300000000001,-7.000000000000062e-06,6.499999999999995e-05,0.0002410000000000051
3895,0.004149,-0.0074589999999999995,-0.074551,9.999999999999593e-06,-6.600000000000095e-05,-2.499999999998337e-05
3574,0.00262,0.003999,-0.076032,-3.000000000000008e-05,7.100000000000075e-05,-9.100000000000774e-05
1565,-0.00451,0.005934999999999999,-0.068095,2.0000000000002655e-06,0.0002210000000000007,-1.000000000001e-06
3978,0.008452,-5e-05,-0.07538800000000001,5.4999999999999494e-05,-0.00014800000000000002,-0.00026299999999998547
1950,0.005835,0.011445,-0.068524,2.5000000000000716e-05,5.9000000000000025e-05,-0.00010200000000000486
4815,0.012306,-0.004847000000000001,-0.071753,3.600000000000131e-05,-5.999999999999062e-06,4.600000000000437e-05
2467,-0.011231999999999999,-0.002028,-0.07177599999999999,-0.00014300000000000077,2.0000000000002655e-06,-2.1000000000007124e-05
4871,-0.009641,-0.00751,-0.073085,5.9000000000000025e-05,3.799999999999984e-05,0.00016099999999999448
381,-0.003786,-0.009362,-0.07127599999999999,-4.0000000000000105e-05,0.00017,3.499999999999337e-05
2051,-0.014506,-0.004399,-0.073367,-0.0001370000000000017,0.00014500000000000016,0.00010200000000000486
3850,0.0012729999999999998,-2.2e-05,-0.058317,6.600000000000009e-05,0.000244,-0.00022399999999999504
3221,0.000598,0.004721,-0.062859,-6.300000000000001e-05,0.0001479999999999997,0.00011300000000000199
3534,0.006388,-0.0047480000000000005,-0.063211,0.00010200000000000053,0.00020300000000000092,-4.200000000000037e-05
2827,0.009158,0.011233,-0.066024,0.00012900000000000064,3.300000000000004e-05,-4.200000000000037e-05
3783,-0.014015000000000001,-0.00835,-0.071185,-0.00012699999999999864,-4.300000000000137e-05,0.0001229999999999981
2575,0.016995999999999997,0.000319,-0.07299299999999999,-0.00012199999999999711,9.099999999999999e-05,-4.900000000000737e-05
3764,-0.005826,-0.007963,-0.06595699999999999,0.00020399999999999932,0.00023899999999999963,-2.4000000000010124e-05
4789,0.012538,-0.004749,-0.074458,5.299999999999923e-05,1.3999999999999256e-05,-2.9000000000001247e-05
4081,-0.011974,0.005517,-0.07366500000000001,1.600000000000039e-05,-1.3000000000000858e-05,7.000000000007001e-06
175,0.0075309999999999995,-0.011169,-0.069013,-1.299999999999999e-05,5.199999999999996e-05,0.0
3771,-0.00246,-0.003375,-0.06804500000000001,8.300000000000017e-05,0.00017299999999999998,-0.00010199999999999099
489,0.002606,-0.004314,-0.06401699999999999,5.9000000000000025e-05,0.00017100000000000014,-2.9000000000015125e-05
42,0.002039,0.005016,-0.06948900000000001,-0.00016400000000000008,2.0000000000002655e-06,-0.00010199999999999099
4487,-0.0009130000000000001,0.004382,-0.061003,-1.299999999999999e-05,0.00016800000000000061,-5.100000000000243e-05
4814,-0.012145,0.005667,-0.063677,1.600000000000039e-05,-2.7000000000000114e-05,1.2999999999999123e-05
3781,-0.0030859999999999998,-0.008099,-0.07546800000000001,-6.499999999999995e-05,0.00012200000000000058,-0.00013799999999998536
4067,0.0055320000000000005,0.0034950000000000003,-0.057773000000000005,-4.80000000000003e-05,0.00019300000000000003,-4.999999999991123e-06
4438,-0.0032400000000000003,0.011465999999999999,-0.06382,5.1000000000000264e-05,0.00025500000000000175,-0.0003989999999999966
4847,-0.0038039999999999997,-0.010576,-0.062387,0.00020899999999999955,0.0003449999999999998,-0.00015400000000000136
825,-0.015303,-0.008671,-0.06942400000000001,-0.00011300000000000025,0.00013299999999999944,0.00018100000000001448
4753,0.004979,-0.00842,-0.076016,5.3000000000000096e-05,-3.799999999999984e-05,-0.00011099999999999999
196,0.00408,0.012316,-0.072347,3.199999999999991e-05,6.800000000000035e-05,-0.00017500000000000848
4182,0.011035,-0.002281,-0.073886,0.00015900000000000115,-2.2999999999999583e-05,0.00018299999999998873
4976,-0.008195000000000001,-0.0030459999999999997,-0.072054,-9.900000000000013e-05,-6.500000000000039e-05,-8.599999999998886e-05
4419,0.00183,-0.0030859999999999998,-0.074509,-1.2000000000000075e-05,-0.00013800000000000054,-0.0002289999999999931
185,-0.013774,0.0074340000000000005,-0.068795,-4.60000000000009e-05,-0.00014700000000000043,0.00010099999999998999
3434,-0.009452,0.00151,-0.07190200000000001,4.2999999999999636e-05,-1.0000000000001327e-06,-0.00011099999999999999
58,0.015356,0.0025299999999999997,-0.07214100000000001,-5.199999999999996e-05,0.00013500000000000014,-1.7999999999990246e-05
146,-0.00010899999999999999,-0.009199,-0.06769199999999999,0.00018899999999999999,0.00027300000000000067,2.199999999998037e-05
438,0.010126,-0.010077,-0.067848,5.7999999999999025e-05,0.0002009999999999998,0.00010000000000000286
2844,0.014603999999999999,-0.00034,-0.067965,9.000000000000154e-05,5.4000000000000066e-05,-0.0001880000000000076
2972,-0.007186,0.001923,-0.064703,6.299999999999969e-05,0.0003359999999999997,-6.1000000000005494e-05
4510,-0.002559,0.0063419999999999995,-0.077295,0.00010700000000000032,0.00015500000000000062,-0.0002489999999999992
4102,0.003794,0.0025510000000000003,-0.065196,2.0000000000000052e-05,0.00020099999999999936,-0.0001250000000000001
2175,0.004974999999999999,0.010653000000000001,-0.06653400000000001,7.600000000000055e-05,0.00010399999999999819,-6.999999999998674e-05
4124,-0.014913000000000001,0.002828,-0.068038,-0.000168999999999999,-0.00010699999999999989,2.000000000002e-06
3986,0.014818,-0.004712,-0.06105,5.300000000000096e-05,0.0001760000000000008,0.0001439999999999983
3893,0.013937,0.012186,-0.07045799999999999,-0.00016599999999999948,0.00018699999999999793,-3.799999999999637e-05
4095,-0.003363,-0.011351000000000002,-0.07056100000000001,0.00014599999999999986,0.00016900000000000075,4.600000000001825e-05
3911,0.0063419999999999995,-0.009567,-0.063375,0.00015600000000000076,0.0002620000000000018,-2.6999999999999247e-05
4455,-0.01278,0.006469,-0.06837,-3.500000000000031e-05,-0.00013599999999999984,8.599999999998886e-05
4778,8.8e-05,-0.003528,-0.071448,-5.2000000000000004e-05,4.49999999999999e-05,-3.0000000000002247e-05
2156,0.005959,0.012579,-0.07214100000000001,-6.100000000000029e-05,6.999999999999888e-05,-0.00019799999999998985
4843,0.01384,-0.008969,-0.07389100000000001,6.0000000000001025e-05,5.299999999999923e-05,-0.00012699999999998823
4140,-0.008582000000000001,0.0046029999999999995,-0.063538,1.600000000000039e-05,0.00011400000000000039,-0.0001300000000000051
4108,0.012818,0.010435,-0.06503199999999999,1.000000000001e-06,0.00010300000000000066,-0.00017600000000000948
2787,-0.002771,-0.0037280000000000004,-0.075846,-6.199999999999999e-05,-6.199999999999956e-05,-0.00014200000000000323
2160,-0.007267,0.009609,-0.07373,-2.499999999999985e-05,7.600000000000141e-05,-9.999999999998899e-05
3228,0.003161,0.003332,-0.061622,-7.500000000000041e-05,0.00018499999999999983,-0.0002099999999999949
3772,0.0029620000000000002,-0.012079000000000001,-0.069872,-4.900000000000043e-05,1.000000000001e-06,5.100000000000937e-05
194,0.003693,0.005794,-0.06527899999999999,-9.600000000000017e-05,0.00010200000000000053,-4.700000000000537e-05
191,0.005022,-0.002556,-0.070319,3.8999999999999105e-05,-1.9999999999998318e-06,-0.0001679999999999876
3469,0.007533000000000001,-0.004947,-0.06977,8.99999999999946e-06,-5.400000000000023e-05,-5.999999999992123e-06
4743,-0.011611,0.000755,-0.071674,1.5999999999998654e-05,1.5999999999999955e-05,-0.00012099999999999611
5041,-0.001433,0.004129,-0.077643,3.199999999999991e-05,5.5999999999999626e-05,-1.6999999999989246e-05
4781,-0.013002000000000001,0.012179,-0.068103,-3.3999999999997574e-05,-2.300000000000045e-05,3.999999999999837e-05
4811,-0.008263999999999999,-0.008894,-0.067307,9.499999999999786e-05,0.000256000000000001,-2.899999999998737e-05
3907,0.009618999999999999,-0.010103,-0.062577,0.00012900000000000064,0.0002839999999999978,4.099999999998549e-05
4908,-0.003395,-0.005781,-0.07247400000000001,-6.499999999999995e-05,8.80000000000004e-05,-8.400000000000074e-05
2904,0.001075,0.010745,-0.063888,0.00011399999999999995,0.00019199999999999946,-9.800000000000086e-05
4613,0.0033450000000000003,0.011155,-0.062338,2.9999999999999645e-05,0.00028300000000000027,-0.0002650000000000083
821,-0.002944,-0.001778,-0.066426,7.300000000000015e-05,0.0002630000000000002,-6.0000000000004494e-05
157,0.011531000000000001,0.011144,-0.072644,-0.00010400000000000166,0.0001860000000000004,-4.700000000000537e-05
1307,0.016929,-0.003857,-0.065014,6.699999999999762e-05,0.00015999999999999999,-4.300000000000137e-05
4751,-0.009506,-0.0013440000000000001,-0.061902,-4.2999999999999636e-05,0.00030600000000000007,2.9999999999960614e-06
3441,-0.003527,-0.011651,-0.06783700000000001,4.9e-05,0.0001510000000000001,-5.4999999999985616e-05
603,0.01038,-0.010615,-0.07162,3.099999999999978e-05,0.00017200000000000028,-6.199999999999262e-05
4577,-0.009486000000000001,-0.010424,-0.074828,5.000000000000143e-05,0.00026199999999999835,0.00018999999999999573
3888,-0.003044,-0.009587,-0.061811,0.00019899999999999952,0.0003420000000000003,-5.7000000000001494e-05
5010,-0.004912,-0.003072,-0.071869,-8.99999999999998e-05,0.00015999999999999999,-7.599999999999274e-05
4909,0.011773,-0.003787,-0.062335999999999996,0.0002249999999999995,0.00015600000000000032,8.699999999998986e-05
4771,-0.005327,0.010742000000000002,-0.075139,1.299999999999999e-05,4.699999999999843e-05,-0.0001779999999999976
4203,0.009871000000000001,0.013170999999999999,-0.064038,0.0001329999999999977,4.800000000000117e-05,-3.0000000000030003e-06
4875,-0.003877,0.001048,-0.058288,-4.699999999999973e-05,0.00023399999999999983,1.0000000000003062e-05
2803,0.0016799999999999999,0.007557,-0.070744,-3.399999999999996e-05,-4.30000000000005e-05,-8.799999999999086e-05
4421,-0.0025859999999999998,-0.001795,-0.071932,-6.700000000000022e-05,4.7999999999999866e-05,-0.0001340000000000091
4458,0.015857,-0.007412,-0.07134399999999999,0.00019000000000000267,9.60000000000006e-05,-8.900000000001962e-05
4194,-0.002405,-0.009454,-0.066108,0.0003480000000000002,0.00024100000000000163,-0.00021899999999999697
4439,0.007863,-0.005793,-0.073009,8.000000000001062e-06,-4.8999999999999565e-05,-3.299999999999137e-05
3525,-0.015424,-0.0027400000000000002,-0.07761499999999999,-9.000000000000327e-06,0.00018000000000000004,0.0001699999999999896
5044,-0.013170999999999999,-0.010278,-0.06780599999999999,1.9999999999985307e-06,0.00013900000000000197,0.00015299999999998648
4931,0.016612,-0.011696,-0.068956,4.300000000000137e-05,0.00012699999999999864,-8.999999999995123e-06
4559,-0.013726,0.006964000000000001,-0.067225,-0.00017700000000000007,-0.00015300000000000036,3.599999999999437e-05
5043,-0.003444,0.008621,-0.06595699999999999,-0.00014500000000000016,0.00024399999999999943,0.00010599999999999499
3785,0.011699,0.010851000000000001,-0.067789,-0.00016299999999999995,6.499999999999909e-05,-0.00011300000000000199
4770,-0.011470000000000001,-0.01041,-0.072836,3.9000000000002574e-05,1.000000000001e-06,0.0001709999999999906
4537,0.012983,0.004101,-0.062098999999999994,4.49999999999999e-05,-7.999999999999327e-06,-0.00017400000000000748
4846,0.012343999999999999,0.012558999999999999,-0.064295,-4.5999999999999167e-05,3.9000000000002574e-05,4.099999999999937e-05
3757,-0.009785,-0.002713,-0.074893,-9.500000000000133e-05,-3.100000000000021e-05,-7.800000000000862e-05
520,-0.001056,-0.003027,-0.07286799999999999,-4.800000000000008e-05,-4.699999999999973e-05,-0.00016900000000001636
389,0.011634,-0.0035600000000000002,-0.069468,-1.9999999999999185e-05,6.600000000000009e-05,5.7000000000001494e-05
4363,0.004883,0.000422,-0.061516,3.500000000000031e-05,0.00020400000000000003,-0.00022400000000000198
4940,-0.005429000000000001,0.005655,-0.072492,-3.699999999999971e-05,0.00011799999999999918,3.100000000000325e-05
1513,-0.004894,0.003932,-0.07001,2.999999999999531e-06,0.00011700000000000078,-7.499999999999174e-05
4071,0.013621000000000001,-0.007822,-0.070091,-4.800000000000117e-05,6.100000000000029e-05,-0.00012099999999999611
4828,0.005934,-0.00782,-0.067798,5.199999999999996e-05,0.0002149999999999999,0.00014100000000000223
4159,-0.004924,-0.010359,-0.06279,0.00015500000000000062,0.00020599999999999959,0.00010999999999999899
2478,0.004674,-0.012207,-0.066226,0.0001559999999999999,1.000000000001e-06,-2.000000000002e-06
1293,-0.003964,-0.005153,-0.06589300000000001,0.00013199999999999974,0.0002969999999999995,-0.0001719999999999916
4760,0.012663,-0.009744999999999998,-0.071899,9.99999999999994e-05,6.899999999999788e-05,-6.899999999999962e-05
1724,-0.01264,-0.006226,-0.065812,2.5000000000000716e-05,0.0001529999999999995,0.00014899999999999636
4766,-0.003348,-0.009035,-0.062171,0.00024299999999999973,0.00037299999999999833,-4.100000000000631e-05
4486,0.00975,-0.0013540000000000002,-0.06837900000000001,3.200000000000078e-05,8.800000000000019e-05,-4.399999999998849e-05
4777,0.013550000000000001,0.009958,-0.07440999999999999,-0.0001250000000000001,9.099999999999907e-05,-4.000000000017878e-06
250,0.010702999999999999,-0.004821,-0.06738899999999999,7.700000000000068e-05,0.00016400000000000008,-2.9000000000015125e-05
306,0.016702,0.000311,-0.068411,-1.000000000001e-06,0.00016399999999999997,-7.699999999999374e-05
4085,-0.012089,-0.009389,-0.073827,-4.49999999999999e-05,0.00026199999999999835,0.00028000000000000247
1296,-0.00455,0.004135,-0.07515300000000001,1.6999999999999654e-05,6.700000000000022e-05,-0.0002929999999999877
4452,0.016287,-0.0005899999999999999,-0.068103,2.9000000000001247e-05,0.00014399999999999992,-4.600000000000437e-05
4736,-0.011288,-0.006372,-0.073702,-2.3999999999999716e-05,-8.000000000000021e-05,1.7000000000003124e-05
2529,0.009642,-0.005113,-0.074057,0.00011899999999999931,-0.0001579999999999993,-0.00014699999999999436
4795,0.000206,0.012921,-0.066783,4.0000000000000024e-05,9.200000000000007e-05,-0.00015400000000000136
4316,0.017509,-0.004824,-0.072909,4.900000000000043e-05,0.000183,-0.00010799999999999699
4783,-0.010986000000000001,-0.002554,-0.07137600000000001,-0.00011799999999999831,-1.3000000000000424e-05,-0.00010799999999998311
104,-0.007714,0.011747,-0.070813,-1.9999999999999185e-05,-4.0000000000000105e-05,-0.00011400000000000299
2,-0.000356,0.001874,-0.07282899999999999,-4.700000000000006e-05,8.799999999999975e-05,-0.00016700000000000048
1529,0.007139,0.008579,-0.066808,-0.00021300000000000052,6.500000000000082e-05,-8.999999999999286e-05
1537,-0.014598000000000002,0.004283,-0.075252,-1.799999999999892e-05,-0.00011699999999999992,-7.399999999999074e-05
269,0.008502000000000001,0.008921,-0.068677,-0.0002870000000000008,4.2999999999999636e-05,-0.00021899999999999697
4446,0.005623,0.007376000000000001,-0.060497,-0.00011200000000000012,0.00017,-0.0001409999999999953
4437,-0.01256,-0.011299,-0.07009,-0.00020399999999999932,9.200000000000007e-05,0.0001799999999999996
4784,0.016331,-0.002235,-0.071551,-2.9999999999998778e-05,0.00011399999999999995,7.999999999994123e-06
113,-0.004938,0.004487,-0.073485,0.0001559999999999999,1.000000000000046e-05,-3.0000000000002247e-05
4540,0.009019000000000001,-0.007605000000000001,-0.07279000000000001,-5.7000000000001494e-05,-1.999999999999398e-06,0.0
4790,0.012756,-0.009906,-0.06750700000000001,9.400000000000033e-05,6.0999999999998555e-05,7.400000000000462e-05
4253,0.007245,-0.012846,-0.065675,0.0001380000000000001,0.00015900000000000115,4.699999999999149e-05
4725,0.006084,0.011795,-0.066093,9.8e-05,7.099999999999988e-05,-0.00011999999999999511
392,-0.01243,-0.006615,-0.06924,3.399999999999931e-05,0.0001510000000000001,0.00011200000000000099
4745,0.007931,-0.0019299999999999999,-0.062127,0.00016199999999999895,0.0002729999999999998,-0.00010199999999999793
2602,0.014446,-0.012464000000000001,-0.066151,8.3999999999999e-05,0.0001470000000000013,3.500000000000725e-05
4839,-0.002092,0.005378,-0.07631,6.0999999999999856e-05,0.00017900000000000034,-0.00018299999999998873
4074,0.017129000000000002,-0.002443,-0.074099,-2.999999999999531e-06,4.700000000000017e-05,-2.4000000000010124e-05
54,-0.015420999999999999,-0.003523,-0.074574,-0.00021400000000000065,4.6000000000000034e-05,-2.3999999999996247e-05
3821,0.016613,-0.009640000000000001,-0.068826,-4.9999999999980616e-06,9.70000000000016e-05,-0.00014999999999999736
2492,-0.007937999999999999,0.004281,-0.073652,8.3999999999999e-05,2.9999999999999645e-05,6.599999999999662e-05
3440,0.001981,-0.004261999999999999,-0.072382,8.999999999999894e-06,3.199999999999904e-05,-3.900000000001125e-05
4948,0.013,0.011067,-0.066557,-0.00016599999999999948,5.199999999999996e-05,-9.299999999999586e-05
384,-0.0035139999999999998,0.002373,-0.073484,6.599999999999965e-05,5.3000000000000096e-05,-0.00015300000000000036
839,-0.012805,0.002643,-0.063804,-4.60000000000009e-05,0.00012699999999999994,-8.600000000000274e-05
4737,0.002592,0.013145,-0.065997,0.0001789999999999999,2.499999999999898e-05,-1.9000000000005124e-05
72,0.005621,-0.002882,-0.075381,0.00012599999999999938,-6.900000000000005e-05,-0.00013599999999999723
270,0.009094,-0.009824999999999999,-0.070833,-1.899999999999992e-05,0.00012099999999999785,-5.7000000000001494e-05
4868,0.008746,-0.012796,-0.067341,4.699999999999843e-05,0.0001760000000000008,-8.999999999999286e-05
398,0.008222,-0.001596,-0.07245,8.699999999999854e-05,-4.9e-05,-0.00015300000000000036
486,0.012005,0.00316,-0.068735,-0.00017400000000000054,-4.200000000000037e-05,-1.6000000000002124e-05
476,0.015688,0.005588,-0.073264,-0.00016200000000000069,0.000353,2.000000000002e-06
4773,-0.008143000000000001,0.00827,-0.07121599999999999,8.6000000000001e-05,-3.699999999999884e-05,2.899999999998737e-05
4741,0.000326,0.0037519999999999997,-0.060194000000000004,2.8999999999999946e-05,0.00015200000000000023,-4.499999999998949e-05
4752,-0.0053890000000000006,-0.012,-0.07466400000000001,0.00025700000000000115,-0.00011099999999999999,-7.299999999998974e-05
564,0.010475,-0.002742,-0.06394899999999999,8.800000000000127e-05,0.00015600000000000032,3.9999999999901226e-06
234,-0.000964,0.010438000000000001,-0.071366,0.00014000000000000004,0.00010099999999999866,-0.000123000000000012
4552,-0.004212,0.007876000000000001,-0.060681,-5.400000000000023e-05,0.0003459999999999991,-0.00023300000000000404
3813,0.0038090000000000003,0.011212999999999999,-0.07205800000000001,2.099999999999975e-05,7.0000000000017965e-06,-0.00015099999999999836
908,0.006641,0.004822,-0.069015,-0.0001929999999999996,2.5000000000000716e-05,-4.200000000000037e-05
4197,-0.006409,-0.003148,-0.063482,5.3000000000000096e-05,0.0002520000000000005,3.0000000000030003e-06
73,0.006273,0.012027,-0.072085,-8.5e-05,5.300000000000096e-05,-0.00017500000000000848
3108,0.004575,0.003277,-0.068992,-6.399999999999982e-05,3.000000000000008e-05,-0.00010899999999999799
1613,0.004018,0.006813,-0.07154300000000001,4.0000000000000105e-05,-6.899999999999962e-05,-0.00011799999999999311
3165,0.008295,0.009151,-0.066015,-0.00010899999999999972,-3.999999999998796e-06,-6.499999999999562e-05
3797,-0.01517,0.005749,-0.072144,-1.9999999999999185e-05,-0.00018099999999999974,0.0
3758,0.0039030000000000002,0.000357,-0.069537,8.199999999999961e-05,8.5e-05,-0.0002449999999999952
36,-0.004746,0.012306,-0.069321,2.300000000000045e-05,3.200000000000078e-05,-9.400000000001074e-05
4411,-0.006054,0.0005769999999999999,-0.063846,2.2000000000000318e-05,0.00038,-8.799999999999086e-05
184,-0.007878,0.007624,-0.066288,8.399999999999987e-05,0.00023499999999999997,-3.899999999999737e-05
102,-0.009354,0.010674,-0.062969,1.9999999999985307e-06,0.0001250000000000001,8.999999999999286e-05
4190,0.014484,-0.007911,-0.06638899999999999,0.00010199999999999966,0.00024200000000000003,-0.0002349999999999991
3117,0.005634,0.012051000000000001,-0.071551,-4.2999999999999636e-05,5.7999999999999025e-05,-0.00015599999999998948
4127,-0.008667,0.005091999999999999,-0.06938599999999999,-6.600000000000182e-05,2.000000000001133e-06,-9.500000000001174e-05
400,0.004764,0.001846,-0.065653,2.1000000000000185e-05,0.00011099999999999999,-2.9000000000001247e-05
4061,-0.004914,-0.003751,-0.07201600000000001,-4.2999999999999636e-05,0.000134,-3.099999999998937e-05
150,0.014759,0.011247,-0.068873,-0.0002160000000000009,0.0001510000000000001,-3.600000000000825e-05
4576,-0.013201000000000001,-0.011828,-0.07306,8.200000000000048e-05,0.00013599999999999897,-1.4000000000000123e-05
858,-0.001916,-0.0075309999999999995,-0.07216,-0.00010300000000000001,6.899999999999962e-05,-9.900000000000186e-05
3118,-0.0032069999999999998,-0.01192,-0.068716,2.099999999999975e-05,0.00020700000000000059,-0.00014299999999999036
2169,0.002384,0.009465,-0.07102,4.80000000000003e-05,8.900000000000054e-05,-9.400000000001074e-05
226,-0.000728,0.002801,-0.066756,-2.999999999999997e-05,0.00011099999999999999,-0.0001320000000000071
3507,0.0069050000000000005,-0.011821,-0.064547,0.00017599999999999994,0.0001549999999999989,0.00010599999999999499
617,-0.002528,0.006826,-0.072498,1.1999999999999858e-05,7.699999999999981e-05,-0.00020499999999999685
248,-0.015153,0.0054269999999999995,-0.069645,-0.00013699999999999997,-0.00011699999999999992,6.699999999999762e-05
4412,0.009872,0.006158,-0.063866,-0.00014800000000000056,0.0002710000000000004,-2.6999999999999247e-05
1845,-0.004671000000000001,0.001222,-0.06525199999999999,-7.999999999999934e-05,0.00023500000000000018,-8.400000000001462e-05
2252,-0.009534,-0.011105,-0.06945699999999999,0.00010700000000000119,6.600000000000009e-05,0.0001739999999999936
171,0.000566,0.008093999999999999,-0.074685,0.00018400000000000003,1.899999999999992e-05,-0.00010699999999999599
302,0.00558,-0.004157,-0.06736700000000001,0.00011400000000000039,0.00011400000000000039,-5.1999999999982616e-05
3260,0.005501000000000001,0.002999,-0.072559,-7.500000000000041e-05,3.600000000000001e-05,-0.0002420000000000061
3765,-0.005702,-0.007958,-0.071589,-1.299999999999999e-05,0.00015999999999999955,5.1999999999996493e-05
4436,0.011075,0.004214000000000001,-0.07213800000000001,-0.00014800000000000056,4.099999999999937e-05,-0.00012899999999999023
4392,-0.005443,0.001349,-0.06400700000000001,-1.5000000000000256e-05,0.0003620000000000001,-9.099999999999386e-05
456,-0.006703000000000001,0.011648,-0.063406,3.500000000000031e-05,0.0001449999999999993,-0.00014599999999999336
4966,-0.013477000000000001,-0.007643,-0.07588800000000001,-7.199999999999915e-05,0.0002349999999999991,0.00021200000000000385
3786,0.01408,0.001406,-0.0706,-4.4000000000000636e-05,8.800000000000019e-05,-9.400000000001074e-05
3518,-0.004626,0.008421,-0.067816,-5.500000000000036e-05,0.00023399999999999983,-6.899999999999962e-05
4348,-0.015071,0.004548,-0.07219199999999999,-4.000000000000184e-05,-0.0001719999999999994,3.599999999998049e-05
554,0.00537,-0.0006129999999999999,-0.073145,-5.400000000000023e-05,-6.900000000000016e-05,-0.00012199999999999711
917,0.010074,0.0030729999999999998,-0.072548,-0.0001559999999999999,-3.9999999999996635e-06,-0.00013399999999999523
2454,-0.011276999999999999,-0.003316,-0.071166,-0.0001420000000000015,6.199999999999999e-05,3.0000000000030003e-06
869,-0.003406,0.004687,-0.069882,-8.799999999999997e-05,9.899999999999926e-05,-0.00010799999999999699
4821,-0.001924,-0.012685,-0.064019,0.00022199999999999998,8.000000000000021e-05,-0.00021699999999999497
4734,-0.0044269999999999995,-0.008531,-0.07184900000000001,3.699999999999971e-05,0.00011300000000000199,-9.999999999871223e-07
4541,0.006372,0.001433,-0.062641,9.000000000000327e-06,0.0001690000000000001,1.1999999999998123e-05
74,0.004577,-0.00023300000000000003,-0.065746,-3.5999999999999574e-05,9.900000000000002e-05,-0.00010799999999999699
439,-0.014966,-0.009971,-0.070836,-8.299999999999974e-05,8.900000000000054e-05,0.00019899999999999085
812,0.00999,0.007974,-0.073519,-0.00023300000000000057,2.3999999999999716e-05,-3.699999999999537e-05
4100,0.006253,-0.0053289999999999995,-0.06863899999999999,7.099999999999988e-05,9.899999999999926e-05,-4.400000000001625e-05
399,0.008641999999999999,0.01277,-0.06826399999999999,-0.00010199999999999966,6.899999999999962e-05,-0.00016400000000001136
3220,0.0005899999999999999,-0.006716000000000001,-0.071389,-4.49999999999999e-05,1.600000000000039e-05,-1.1000000000011001e-05
3826,0.004415,-0.0057350000000000005,-0.066437,0.00010000000000000026,0.00013500000000000057,-7.200000000000262e-05
130,0.010593,0.005176,-0.065271,-4.799999999999943e-05,0.00021199999999999952,2.4999999999997247e-05
111,-0.011816,0.0006670000000000001,-0.066694,-5.699999999999976e-05,3.4999999999999875e-05,-0.0001649999999999846
4818,0.003451,-0.005234,-0.062113999999999996,0.00013699999999999997,0.00022099999999999984,-0.00012600000000000805
3801,0.010904,0.000221,-0.07250100000000001,-0.00015500000000000062,5.300000000000004e-05,-7.299999999998974e-05
3120,0.007717,-0.005093,-0.066555,7.799999999999994e-05,0.0001010000000000004,-2.3999999999996247e-05
4726,-0.010644,0.006901,-0.071033,-4.099999999999937e-05,4.799999999999943e-05,1.0999999999997123e-05
4502,0.011662,0.002852,-0.066747,-0.00017400000000000054,0.00014999999999999996,9.000000000000674e-05
44,-0.01149,-0.008725,-0.07027,1.5000000000001124e-05,1.2000000000001593e-05,0.00032100000000000184
4391,-0.002301,0.005687,-0.060796,2.9999999999999645e-06,0.0002479999999999991,5.2999999999997494e-05
519,-0.004103,0.009955,-0.069694,8.300000000000061e-05,0.00012799999999999964,-8.099999999999774e-05
2290,0.010447,0.009401,-0.067035,-0.00016199999999999895,-1.899999999999992e-05,-0.0001270000000000021
537,-0.010386,0.009291,-0.064328,-1.1999999999999858e-05,-9.500000000000133e-05,8.400000000000074e-05
1245,0.004332,0.007004,-0.076311,-5.4999999999999494e-05,5.199999999999996e-05,-0.0001870000000000066
4082,-0.012387,0.009269,-0.07000100000000001,-5.599999999999876e-05,-7.300000000000015e-05,4.000000000004e-06
843,0.010162000000000001,-0.00838,-0.06840099999999999,7.399999999999941e-05,0.00016700000000000048,4.099999999998549e-05
2802,-0.012837999999999999,0.006196,-0.07242799999999999,-0.00015400000000000136,-7.700000000000068e-05,6.699999999998374e-05
4665,-0.008095000000000001,0.010562,-0.064145,-3.8999999999999105e-05,0.00031899999999999984,5.2999999999997494e-05
2821,0.011295,-0.004333999999999999,-0.06661,9.60000000000006e-05,0.00018599999999999953,-1.9000000000005124e-05
437,-0.006206000000000001,-0.003935,-0.070703,5.400000000000023e-05,0.00015800000000000015,-5.4999999999999494e-05
318,0.010471999999999999,0.003024,-0.06604900000000001,-5.7999999999999025e-05,0.00017299999999999998,8.400000000000074e-05
3662,-0.01531,0.0031230000000000003,-0.070824,-8.700000000000027e-05,-0.00021900000000000044,-1.4000000000000123e-05
143,-0.0014370000000000001,0.011942999999999999,-0.070487,0.0002050000000000001,0.0001570000000000009,-0.00026199999999999835
1890,-0.0007930000000000001,0.007684,-0.06790600000000001,-0.0001829999999999999,0.00010199999999999966,-9.699999999998599e-05
3156,0.002996,-0.009151999999999999,-0.06825,7.399999999999985e-05,2.8999999999999512e-05,-6.399999999999462e-05
3435,0.0017230000000000001,0.011531000000000001,-0.06833700000000001,8.699999999999984e-05,3.799999999999984e-05,-6.999999999998674e-05
4919,0.005826,-0.0062320000000000006,-0.061443,5.099999999999983e-05,0.0003080000000000001,8.500000000000174e-05
212,-0.008971,0.007996,-0.07198600000000001,-1.0999999999998858e-05,9.300000000000107e-05,-6.799999999999862e-05
912,0.013333,-0.00278,-0.064441,0.00016799999999999975,0.00013199999999999974,2.2000000000008124e-05
4607,-0.0071070000000000005,0.000703,-0.063627,6.700000000000022e-05,0.00022600000000000007,4.600000000000437e-05
4406,-0.010629,-0.00942,-0.07243300000000001,0.00011199999999999925,0.0003199999999999991,0.00020800000000001373
3767,-0.006018,-0.0022890000000000002,-0.073059,-7.900000000000008e-05,0.00013600000000000027,-0.0001320000000000071
51,-0.007149,0.005466,-0.07155,3.199999999999991e-05,1.299999999999999e-05,-8.700000000000374e-05
160,0.011189,0.006237,-0.070185,-0.00015799999999999842,8.3999999999999e-05,-4.300000000000137e-05
71,0.0039310000000000005,0.00173,-0.07112600000000001,-9.800000000000043e-05,-2.6999999999999897e-05,-0.0001619999999999816
53,0.003751,0.008508,-0.071083,-2.2999999999999583e-05,-1.4999999999999389e-05,-8.700000000000374e-05
57,0.000712,0.004131999999999999,-0.067955,-7.099999999999999e-05,7.400000000000115e-05,-0.00011300000000000199
1855,-0.002105,0.004875,-0.068494,2.499999999999985e-05,0.0001929999999999996,-0.00014600000000000724
48,0.000102,0.005626,-0.068355,-0.000126,7.400000000000028e-05,-0.0001310000000000061
3115,-0.000735,0.009413,-0.06952,2.0000000000000052e-05,1.6999999999999654e-05,-0.00011099999999999999
2800,0.004022,0.004411,-0.06748399999999999,-8.399999999999987e-05,0.00012600000000000024,-6.500000000002337e-05
151,-0.0019299999999999999,0.008917,-0.07037600000000001,-2.7000000000000114e-05,4.700000000000017e-05,-0.00032899999999999596
3114,-0.003948,0.000705,-0.068581,9.000000000000327e-06,0.000282,-0.0002279999999999921
1211,0.00015900000000000002,0.000208,-0.067204,1.4999999999999985e-05,0.00019200000000000003,-9.800000000000086e-05
1594,-0.001209,-0.00036199999999999996,-0.06776399999999999,2.9999999999999862e-05,0.00020099999999999995,-0.00015600000000001724
106,-0.001988,0.009753999999999999,-0.06774899999999999,7.000000000000062e-06,4.800000000000117e-05,-0.00015400000000001524
4723,0.00541,0.001186,-0.067088,-1.0999999999999725e-05,4.100000000000002e-05,-5.000000000000837e-05
123,0.00424,-0.007996,-0.069404,3.899999999999997e-05,6.499999999999909e-05,-8.900000000000574e-05
77,-0.003502,0.008739,-0.07004200000000001,-4.900000000000043e-05,0.00011799999999999831,-0.00020900000000000085
2229,0.0070869999999999995,9.1e-05,-0.066605,3.199999999999991e-05,1.0999999999999996e-05,-6.60000000000105e-05
4724,-0.009936,0.0046159999999999994,-0.067849,-5.7999999999999025e-05,-7.599999999999968e-05,-0.00010399999999999299
807,0.002085,0.006431,-0.07098099999999999,-4.0000000000000105e-05,-3.899999999999997e-05,-0.00010400000000000686
4475,0.001426,-0.007291000000000001,-0.071309,-5.6999999999999976e-05,-2.9999999999986635e-06,-2.6999999999999247e-05
180,-0.003549,0.010611,-0.06535200000000001,8.299999999999974e-05,0.00016000000000000042,-0.00012899999999999023
3190,-0.0064930000000000005,0.008061,-0.070562,-2.3999999999999716e-05,0.00013300000000000117,-5.8000000000002494e-05
3449,-0.011026,0.001359,-0.062675,-9.999999999992654e-07,0.00018399999999999992,-2.8000000000014125e-05
2550,0.008625,0.010103,-0.06672499999999999,-9.900000000000013e-05,0.00011100000000000172,-0.0001910000000000106
3109,-0.000101,-0.0033580000000000003,-0.06494,7.7e-05,0.00026900000000000014,-9.900000000000186e-05
4063,0.011367,0.00184,-0.069698,-0.00011800000000000005,0.0001079999999999998,-0.00011000000000001287
1298,-0.009696,-0.00020899999999999998,-0.064468,4.999999999999796e-06,0.000349,-7.000000000000062e-05
2871,0.0054859999999999996,0.007768,-0.066062,-0.00020699999999999972,3.0000000000000512e-05,6.999999999993123e-06
92,0.0014290000000000001,0.000484,-0.066702,2.899999999999973e-05,0.00011599999999999995,-0.00015400000000000136
1857,-0.000804,0.008714000000000001,-0.068585,-5.400000000000001e-05,-3.100000000000151e-05,-0.00020700000000001273
3504,-0.010429,-0.005524,-0.069027,-2.8000000000000247e-05,0.00022200000000000084,0.00010000000000000286
2815,-0.0075769999999999995,-0.006326,-0.070883,7.999999999999327e-06,9.500000000000047e-05,5.8000000000002494e-05
1225,0.017342,0.001417,-0.069356,4.000000000000531e-06,7.299999999999993e-05,-5.099999999999549e-05
229,-0.008817,0.0021509999999999997,-0.065583,7.099999999999988e-05,0.00017100000000000058,-0.0001260000000000011
3272,0.0006540000000000001,-0.003528,-0.06500700000000001,4.699999999999984e-05,0.00023899999999999963,-8.399999999998686e-05
1531,-0.012818,0.005896,-0.070498,-0.00010300000000000066,-5.799999999999989e-05,0.00011800000000000699
1559,-0.003939,0.002663,-0.067691,2.0000000000002655e-06,0.00023399999999999983,-9.999999999996123e-06
2463,-0.00827,0.0019690000000000003,-0.06347,5.299999999999923e-05,0.00024799999999999996,2.2999999999995246e-05
124,0.012351,-0.006712,-0.069625,3.999999999999837e-05,0.0001490000000000007,1.0000000000010001e-05
281,-0.009794,0.0032930000000000004,-0.069417,-5.4999999999999494e-05,-7.600000000000011e-05,-0.0001290000000000041
4812,0.004124,-8e-06,-0.06440699999999999,9.000000000000327e-06,0.00014500000000000003,-0.00018999999999999573
836,-0.011191000000000001,-0.0009310000000000001,-0.069625,-1.1999999999998123e-05,-2.099999999999986e-05,-3.599999999999437e-05
97,0.013656,-0.000878,-0.067998,-9.000000000000327e-06,8.399999999999998e-05,-9.699999999999986e-05
1572,-0.0002,0.008794,-0.066031,-0.00010099999999999999,0.00011699999999999905,-8.199999999999874e-05
2452,0.00842,-0.010287000000000001,-0.06875,6.100000000000029e-05,0.00015000000000000083,-6.599999999999662e-05
66,0.006779,-0.001452,-0.07147,5.7999999999999025e-05,-6.7e-05,-0.00023699999999998722
837,-0.005921999999999999,0.0036509999999999997,-0.072007,-1.400000000000099e-05,-4.999999999999796e-06,-0.00015999999999999348
3447,0.009221,-0.000386,-0.065341,0.0,0.00013099999999999999,-8.000000000008e-06
4151,-0.011061,0.004029,-0.07000100000000001,-6.499999999999909e-05,-1.999999999999398e-06,-6.299999999997974e-05
19,0.003149,-0.005375,-0.073799,-1.1000000000000159e-05,1.4999999999999389e-05,-0.0001699999999999896
1217,0.012881,0.00045,-0.068419,-0.00012599999999999938,-2.3000000000000017e-05,-0.00016700000000000048
2949,0.010154,-0.0010220000000000001,-0.06872299999999999,-0.00010399999999999993,0.0001290000000000001,-0.00011300000000000199
829,0.005324,-0.003947,-0.071275,8.199999999999961e-05,-2.1000000000000185e-05,-0.00013799999999998536
3145,0.013628,0.008731,-0.06695000000000001,-0.00014400000000000003,0.00018800000000000067,-8.899999999999186e-05
4759,-0.0035710000000000004,0.00885,-0.060566,-3.9999999999996635e-06,0.0002859999999999998,-0.00023000000000000104
4735,-0.012251,-0.004987,-0.07551000000000001,-0.00015800000000000015,-1.6999999999999654e-05,-4.399999999998849e-05
4088,0.0012050000000000001,-0.007045,-0.062619,5.899999999999981e-05,0.00028399999999999953,-4.400000000000237e-05
3777,0.005168,0.005069,-0.063123,-4.799999999999943e-05,0.00011599999999999978,-2.0000000000006124e-05
4090,0.008134,0.006322,-0.066001,-5.10000000000007e-05,0.00010199999999999966,-0.00013199999999999323
4469,-0.0075970000000000005,-0.010161,-0.068501,0.00016100000000000055,0.00016399999999999922,6.499999999999562e-05
287,-0.0114,0.004123,-0.06786400000000001,-3.799999999999984e-05,-8.900000000000054e-05,-4.200000000000037e-05
3127,-0.006282,-0.00556,-0.068309,0.00013100000000000004,0.00021000000000000012,-0.00016800000000001536
4413,0.008266,0.001171,-0.064118,8.99999999999998e-05,0.0001560000000000001,-0.00010200000000000486
982,-0.005133,-0.007856,-0.070997,-1.7999999999999787e-05,0.00016700000000000048,3.200000000000425e-05
3138,0.005465,-0.00613,-0.065687,0.00011200000000000012,0.00016800000000000061,-3.300000000000525e-05
817,0.0014930000000000002,-0.000237,-0.066149,4.799999999999965e-05,0.00013,-0.00011200000000000099
3475,0.010320000000000001,-0.001471,-0.070897,-9.20000000000018e-05,0.00010899999999999994,2.000000000002e-06
4738,-0.011016999999999999,0.010163,-0.070769,-5.000000000001531e-06,-7.500000000000041e-05,-3.300000000000525e-05
393,-0.00539,0.008641999999999999,-0.07137399999999999,-6.300000000000056e-05,0.0002409999999999999,-0.00017600000000000948
1956,-0.009899,-0.002991,-0.068169,-5.199999999999996e-05,0.00018500000000000027,8.700000000000374e-05
4775,-0.0058449999999999995,0.006318,-0.06522599999999999,2.999999999999531e-06,0.00022699999999999977,-6.70000000000115e-05
1250,0.013,0.011380000000000001,-0.06662,-0.00018599999999999867,5.599999999999876e-05,-8.099999999999774e-05
1864,0.014958,0.000853,-0.07105,-6.800000000000035e-05,0.00010199999999999999,-0.00011700000000000599
2570,0.004368,-0.008868000000000001,-0.064728,0.00017599999999999907,0.00012200000000000058,2.5999999999998247e-05
353,0.011613,0.005397,-0.072463,-0.00018300000000000087,3.200000000000078e-05,-9.500000000001174e-05
4403,0.005498,-0.013061,-0.06656000000000001,0.00016399999999999922,7.000000000000062e-05,-3.9999999999901226e-06
89,0.006351,-0.0012929999999999999,-0.066216,4.399999999999977e-05,0.000129,-7.799999999999474e-05
4404,-0.010003999999999999,0.00035,-0.06719499999999999,1.3999999999998389e-05,-9.699999999999997e-05,-8.200000000001262e-05
849,-0.001992,0.006789,-0.07011,-8.300000000000017e-05,0.00014199999999999977,-0.00016499999999999848
88,0.012939,0.006064,-0.06754900000000001,-0.0001510000000000001,0.0001749999999999998,-0.00013399999999999523
4747,0.0035,-0.0025729999999999998,-0.063006,4.199999999999994e-05,0.00020199999999999992,0.0
2605,0.014731999999999999,-0.012539,-0.069537,2.2000000000001185e-05,0.0001549999999999989,9.900000000000186e-05
4764,0.016814,0.010958,-0.070338,-0.00018400000000000014,0.0001510000000000001,3.099999999998937e-05
30,0.002557,0.001667,-0.071397,-0.00023099999999999987,2.0000000000000486e-06,-0.00022600000000000398
3555,-0.001323,0.001522,-0.064275,-3.600000000000001e-05,0.0002050000000000001,-0.0001310000000000061
315,-0.013026,-0.000325,-0.06858,-7.600000000000141e-05,-3.400000000000001e-05,-8.199999999999874e-05
3439,0.001871,-0.00591,-0.066939,0.00022100000000000006,0.0002260000000000005,-1.7999999999990246e-05
4428,0.009492,0.003467,-0.072195,-0.00011199999999999925,6.900000000000005e-05,-0.0001890000000000086
600,-0.006113,0.009958999999999999,-0.07128799999999999,-3.4000000000000176e-05,0.0002580000000000013,-0.00021700000000000885
2789,0.008369999999999999,0.006489,-0.074382,-7.099999999999988e-05,5.999999999999929e-06,-0.00015299999999998648
2191,0.0015480000000000001,-0.008097,-0.06633499999999999,0.00021599999999999983,0.0001849999999999994,-0.0001350000000000101
4123,-0.011069,0.012667999999999999,-0.06756100000000001,1.899999999999992e-05,-7.899999999999748e-05,1.0000000000010001e-05
4143,0.003639,0.009114,-0.070813,-0.00015899999999999985,-1.700000000000139e-05,-0.00015599999999998948
70,0.002161,0.011988,-0.06820699999999999,4.9e-05,-3.0000000000012655e-06,-0.00010800000000001087
219,-0.012227,0.007078,-0.069038,-4.699999999999843e-05,-8.600000000000014e-05,5.7000000000001494e-05
259,-0.0008010000000000001,-0.012216,-0.068073,0.00010600000000000008,1.799999999999892e-05,-0.00010200000000000486
4,-0.002627,0.004938,-0.070132,-0.00011399999999999995,0.00011600000000000065,-0.00011500000000000399
405,-0.0010789999999999999,-7.4e-05,-0.064137,-4.0000000000000105e-05,0.00015299999999999998,-0.00010500000000000786
422,0.006339,0.005611,-0.068193,-0.00022699999999999977,1.000000000000046e-05,9.399999999999686e-05
3456,0.012439,-0.000123,-0.07451300000000001,-3.300000000000004e-05,0.00010100000000000002,-1.8999999999991246e-05
993,0.01583,0.011281000000000001,-0.069988,-0.00020700000000000059,0.00012699999999999864,-1.8000000000004124e-05
112,0.008268000000000001,0.010209,-0.065986,9.900000000000013e-05,0.00010300000000000066,-0.00011899999999999411
38,-0.00093,0.010305,-0.067267,5.000000000000013e-06,2.700000000000098e-05,-0.0001380000000000131
466,-0.010596,0.00326,-0.066923,-1.3000000000000858e-05,-6.999999999999975e-05,-3.0000000000002247e-05
4394,-0.010374000000000001,0.004457,-0.06673699999999999,-6.799999999999862e-05,1.0999999999999725e-05,-3.5000000000021125e-05
3124,0.005562,0.001496,-0.072644,-0.00011300000000000025,1.899999999999992e-05,-0.00012099999999999611
4728,-0.007357,0.009827,-0.07199599999999999,4.99999999999997e-05,8.79999999999978e-05,-5.300000000001137e-05
4618,-0.012820999999999999,-0.00138,-0.069856,-3.100000000000151e-05,1.0999999999999942e-05,2.9000000000001247e-05
4107,-0.009382999999999999,-0.006174000000000001,-0.068971,9.39999999999986e-05,0.0003960000000000014,-0.00011199999999998711
472,0.010853,0.00364,-0.067251,-0.00010099999999999866,-1.4000000000000123e-05,-2.799999999998637e-05
1267,0.014232,-3.8e-05,-0.072802,-0.00011099999999999999,0.00012399999999999998,-5.9000000000003494e-05
2799,-0.008137,-0.009604,-0.067564,0.000255,0.00018199999999999987,-0.00010300000000000586
4389,-0.012218,0.011968,-0.073389,-5.7000000000001494e-05,2.400000000000145e-05,2.1999999999994246e-05
2475,-0.012083,0.010261,-0.074532,-6.899999999999962e-05,-1.4000000000000123e-05,6.30000000000075e-05
2177,0.005224,0.009617,-0.072757,-6.399999999999982e-05,-6.300000000000056e-05,-0.00015099999999999836
2533,-0.005896,0.000657,-0.065887,-2.0999999999999318e-05,0.00032799999999999995,-0.00010100000000000386
3882,-0.013787,0.006039,-0.070367,-0.00011399999999999952,-9.60000000000006e-05,0.00010799999999999699
165,0.016521,0.007365,-0.068768,-5.100000000000243e-05,6.999999999999975e-05,-9.800000000000086e-05
3874,-0.004896,-0.004490999999999999,-0.07123499999999999,7.699999999999981e-05,9.599999999999973e-05,2.8000000000000247e-05
62,0.012693,0.003327,-0.069413,-0.00015699999999999915,0.00010999999999999985,-0.00015399999999998748
1101,0.004469,0.010988,-0.071411,7.000000000000062e-06,1.9999999999999185e-05,-0.0001789999999999986
86,-0.0067469999999999995,0.009182000000000001,-0.06731699999999999,1.599999999999952e-05,0.00020699999999999885,-9.600000000001274e-05
4397,0.005438,0.009176,-0.071967,1.6999999999999654e-05,-2.8000000000000247e-05,-0.00020599999999999785
4422,0.013257,0.003299,-0.06992100000000001,-0.00014699999999999956,0.00019700000000000013,-6.199999999999262e-05
1911,-0.005521,0.0012350000000000002,-0.07190300000000001,-6.200000000000042e-05,-3.200000000000013e-05,-0.00014899999999999636
4154,0.007839,0.001168,-0.065314,1.1999999999999858e-05,4.300000000000007e-05,-0.00011500000000000399
341,-0.013497,-0.0045709999999999995,-0.07065099999999999,-7.900000000000094e-05,-5.7000000000000627e-05,-3.400000000000625e-05
2154,-0.012676999999999999,0.001878,-0.06951900000000001,-4.000000000000184e-05,-1.599999999999974e-05,-8.999999999995123e-06
402,-0.004225,0.010898999999999999,-0.06906100000000001,9.19999999999992e-05,0.00020700000000000059,-0.00013999999999998736
4863,0.011470000000000001,-0.01329,-0.070794,1.600000000000039e-05,0.0001250000000000001,-0.00010800000000001087
355,0.010384000000000001,-0.00057,-0.06509699999999999,2.399999999999798e-05,0.00019699999999999996,-2.3000000000023002e-05
