Particle,x,y,z,Vx,Vy,Vz
11734,-0.010276,0.005101,-0.07178100000000001,0.0,0.0,0.0
8837,0.00014299999999999998,0.011244,-0.06456300000000001,0.0,0.0,0.0
9826,-0.003154,0.011170999999999999,-0.07086100000000001,0.0,0.0,0.0
11072,-0.004662,-0.0023450000000000003,-0.074234,0.0,0.0,0.0
11444,0.007388,-0.010966,-0.069616,0.0,0.0,0.0
11442,-0.004325,0.005443,-0.06036,0.0,0.0,0.0
11519,0.006035,-0.001575,-0.06315899999999999,0.0,0.0,0.0
11117,0.011536,-0.004739,-0.069661,0.0,0.0,0.0
11825,-0.008592,0.0016970000000000002,-0.060841,0.0,0.0,0.0
10211,0.016207,-0.007677,-0.072666,0.0,0.0,0.0
11412,-0.005679,0.002963,-0.064312,0.0,0.0,0.0
11083,-0.008441,0.010313000000000001,-0.073337,0.0,0.0,0.0
12021,-0.014242000000000001,-0.001343,-0.06945399999999999,0.0,0.0,0.0
9880,0.011371000000000001,0.008022,-0.06815900000000001,0.0,0.0,0.0
11681,0.003196,-0.004666,-0.07192,0.0,0.0,0.0
11772,-0.013946,0.004642,-0.068458,0.0,0.0,0.0
11477,0.007405999999999999,0.010896000000000001,-0.06786199999999999,0.0,0.0,0.0
9641,-0.002178,0.007272,-0.071581,0.0,0.0,0.0
11820,-0.003248,-0.000254,-0.065453,0.0,0.0,0.0
10360,-0.013420999999999999,0.008161,-0.069487,0.0,0.0,0.0
11118,0.004897,0.011579,-0.06302100000000001,0.0,0.0,0.0
9181,0.0057,-0.0022719999999999997,-0.076894,0.0,0.0,0.0
9687,-0.001067,-0.011947,-0.07377,0.0,0.0,0.0
9646,-0.001403,0.009919,-0.075122,0.0,0.0,0.0
9967,-0.004881,-0.0012720000000000001,-0.072726,0.0,0.0,0.0
11907,-0.012089,-0.012591,-0.063932,0.0,0.0,0.0
10128,0.014864,-0.003417,-0.074347,0.0,0.0,0.0
10759,0.007897,0.002153,-0.06704399999999999,0.0,0.0,0.0
11438,-0.0065190000000000005,0.002503,-0.075719,0.0,0.0,0.0
11120,-0.011887,-0.004477999999999999,-0.075313,0.0,0.0,0.0
11781,-0.000578,0.009399,-0.062217,0.0,0.0,0.0
11779,0.000185,-0.0015069999999999999,-0.059517,0.0,0.0,0.0
11761,0.010462999999999998,-0.00043599999999999997,-0.061999000000000005,0.0,0.0,0.0
9969,-0.013583999999999999,0.007942,-0.064888,0.0,0.0,0.0
10714,-0.013953,0.00633,-0.071623,0.0,0.0,0.0
11860,0.004481,-0.012086,-0.07229600000000001,0.0,0.0,0.0
11975,0.012805,0.012426999999999999,-0.06342199999999999,0.0,0.0,0.0
11875,0.01467,-0.007583,-0.063801,0.0,0.0,0.0
10762,0.0012569999999999999,0.012327,-0.073548,0.0,0.0,0.0
9493,-0.003301,-0.006874,-0.064886,0.0,0.0,0.0
11961,-0.012364,-0.010284000000000001,-0.071123,0.0,0.0,0.0
9902,0.004751,-0.010837999999999999,-0.073546,0.0,0.0,0.0
11108,0.000266,0.007168,-0.07275799999999999,0.0,0.0,0.0
10745,-0.001544,0.00035099999999999997,-0.067902,0.0,0.0,0.0
9950,0.015496000000000001,0.000261,-0.072206,0.0,0.0,0.0
9657,-0.003281,0.008272999999999999,-0.07248,0.0,0.0,0.0
10799,-0.006248,-0.0076950000000000005,-0.06729,0.0,0.0,0.0
11190,-0.011106999999999999,-0.009587,-0.06597499999999999,0.0,0.0,0.0
10495,0.00679,-0.008666,-0.0613,0.0,0.0,0.0
12149,-0.011231999999999999,-0.003399,-0.075759,-5.300000000000096e-05,-5.199999999999996e-05,1.0000000000148779e-06
11861,-0.012180999999999999,-0.000202,-0.06892400000000001,1.9999999999985307e-06,-1.299999999999999e-05,5.000000000018878e-06
9756,-0.009630000000000001,-0.007605000000000001,-0.06601800000000001,6.700000000000109e-05,0.0001360000000000007,7.400000000000462e-05
9682,-0.001108,0.010664,-0.069486,-6.000000000000146e-06,1.4000000000000123e-05,-0.00011799999999999311
12147,-0.002442,0.010996,-0.061545,1.700000000000052e-05,0.00027799999999999873,4.900000000000043e-05
10856,-0.01482,-0.011782,-0.072738,2.3999999999999716e-05,0.00017700000000000007,4.200000000000037e-05
10527,0.011609999999999999,0.007136,-0.06736199999999999,-5.899999999999829e-05,7.000000000000062e-06,-7.10000000000155e-05
11429,-0.013477000000000001,0.008494999999999999,-0.071009,-1.799999999999892e-05,1.3000000000000858e-05,1.0000000000010001e-05
12192,-0.011875,0.009596,-0.065136,-1.899999999999992e-05,2.0000000000002655e-06,-5.8000000000002494e-05
10543,0.009561,0.005837,-0.062988,2.8999999999999512e-05,0.00030100000000000005,-8.400000000000074e-05
12152,0.008468999999999999,-0.003787,-0.073619,4.700000000000017e-05,-6.000000000000016e-05,-0.00010699999999999599
11869,-0.008452,-0.011427,-0.07145,2.499999999999898e-05,0.00029799999999999965,-0.0001789999999999986
11888,-0.00022,0.004301,-0.060094999999999996,4.800000000000003e-05,0.0002519999999999996,-0.0001510000000000053
12392,0.00525,0.00188,-0.06342,8.3999999999999e-05,0.0001659999999999997,2.9000000000001247e-05
11876,0.012286,-0.000294,-0.07338800000000001,3.8999999999999105e-05,0.000207,-0.0001679999999999876
9936,0.01027,-0.009737,-0.06555,0.00011300000000000025,0.00017,-1.5000000000001124e-05
10385,-0.010913,0.009854,-0.069048,-7.499999999999868e-05,-3.200000000000078e-05,5.6000000000000494e-05
11678,0.002839,-0.012542,-0.07172100000000001,0.00014900000000000026,3.099999999999978e-05,-3.799999999999637e-05
12356,-0.007764,-0.005152,-0.075572,2.7000000000000114e-05,0.0001540000000000005,0.00010500000000000786
9701,-0.010853,-0.004133,-0.069201,3.099999999999978e-05,7.599999999999968e-05,3.500000000000725e-05
9728,-0.0023940000000000003,0.003362,-0.06880700000000001,-1.1999999999999858e-05,0.0002450000000000004,-8.599999999998886e-05
10376,0.010851000000000001,0.01261,-0.066888,6.599999999999835e-05,-0.00010099999999999866,-9.800000000000086e-05
12159,-0.004135,0.00040500000000000003,-0.067026,9.8e-05,0.00036,-0.0002479999999999982
12184,0.012343,-0.004366,-0.06289600000000001,0.00012700000000000038,0.00028800000000000006,-9.399999999999686e-05
11500,-0.002232,0.013368,-0.062584,-5.000000000000013e-05,0.00021599999999999918,1.2999999999999123e-05
11087,-0.012015000000000001,-0.005144999999999999,-0.069096,0.00012600000000000285,0.0001869999999999988,0.0003500000000000031
12214,-0.000393,0.005527,-0.058171,-3.8e-05,5.199999999999996e-05,4.399999999999543e-05
11750,0.006724,0.013087999999999999,-0.06697499999999999,9.399999999999947e-05,0.00014000000000000123,-4.000000000001225e-05
12187,-0.012845,0.000283,-0.063387,6.900000000000135e-05,0.00015099999999999998,-0.0001260000000000011
11839,0.010228,-0.006647,-0.062634,9.400000000000033e-05,0.0002620000000000001,-0.0002640000000000142
9814,0.001832,0.008457000000000001,-0.066213,-9.500000000000003e-05,0.00014799999999999883,-0.00022500000000000298
9705,-0.005438,0.0059640000000000006,-0.06263,-1.1999999999999858e-05,0.0002299999999999993,-0.00011699999999999211
11203,-0.003186,-0.010412000000000001,-0.060757,0.00016000000000000042,0.00027900000000000147,-0.00029900000000000065
9799,-0.011876,0.009529,-0.07587999999999999,-0.0001520000000000011,-4.999999999999796e-06,-3.300000000000525e-05
11780,0.0053490000000000005,0.008723000000000002,-0.07609099999999999,-4.999999999999796e-06,-5.600000000000223e-05,-0.00022400000000000198
10839,0.004201,0.003711,-0.07727200000000001,2.999999999999531e-06,2.5000000000000282e-05,-0.0001810000000000006
12312,0.010234,-0.010447,-0.065211,0.00019500000000000073,0.0001339999999999987,9.099999999999386e-05
12284,-0.013075,0.013143,-0.066925,-8.5e-05,-0.00011900000000000105,-7.800000000000862e-05
9919,0.004654,0.010342,-0.07204,-0.0002779999999999996,8.799999999999954e-05,-9.399999999999686e-05
10822,-0.004086,-0.010192,-0.071573,0.0001559999999999999,-9.999999999992654e-07,0.00019299999999999873
9790,0.0076749999999999995,0.003781,-0.076011,-7.399999999999941e-05,4.0000000000000105e-05,-0.00015199999999999936
12246,0.009972,-0.004183,-0.06430200000000001,8.800000000000127e-05,0.0002769999999999999,-9.599999999998499e-05
10763,-0.011663,0.007553,-0.075455,-0.00011500000000000052,-5.1999999999999096e-05,4.999999999999449e-05
12107,0.005753,-0.005404,-0.060838,0.0001749999999999998,0.00029799999999999965,8.000000000008e-06
11757,-0.011504,0.0020729999999999998,-0.067078,5.199999999999996e-05,-1.4999999999999823e-05,-9.300000000000974e-05
12120,-0.013986,-0.00594,-0.07588500000000001,4.099999999999937e-05,0.00020300000000000006,-2.499999999998337e-05
12388,-0.00087,0.0023279999999999998,-0.067258,4.300000000000007e-05,0.00022400000000000024,-0.0001390000000000141
12060,-0.00647,0.0038079999999999998,-0.066001,7.900000000000008e-05,0.00024200000000000003,1.2999999999999123e-05
10786,-0.006235999999999999,0.008343999999999999,-0.066161,5.999999999999929e-05,0.00034299999999999956,-0.00014600000000000724
10020,-0.009590999999999999,-0.008936,-0.065666,-6.500000000000256e-05,0.000255,-3.299999999999137e-05
12115,-0.007381,0.00391,-0.064666,-2.2999999999999583e-05,0.00021000000000000012,-8.899999999999186e-05
12142,0.002206,0.007827,-0.06371500000000001,-5.3000000000000096e-05,0.00024699999999999896,-0.0001699999999999896
12155,0.005043,-0.007452,-0.06346399999999999,5.4000000000001096e-05,5.3000000000000096e-05,-0.00032100000000000184
12176,-0.001932,-0.008769,-0.064619,0.00020699999999999972,0.0002630000000000011,-2.8000000000014125e-05
10901,0.011156000000000001,0.002456,-0.076349,-2.100000000000192e-05,8.99999999999998e-05,-0.00015199999999999936
11785,0.016117999999999997,-0.01137,-0.07049599999999999,0.00012300000000000158,0.00018199999999999987,-0.00014600000000000724
11644,0.016317,0.011718,-0.06615900000000001,-0.00011400000000000299,-2.6999999999999247e-05,-4.599999999999049e-05
12239,0.011704,0.009949999999999999,-0.059586,2.099999999999845e-05,0.00013900000000000197,0.00013400000000000217
12255,-0.003907,0.011970000000000001,-0.060063000000000005,-0.00010700000000000032,-7.0000000000017965e-06,-0.00011299999999999505
12272,-0.014105000000000001,-0.010335,-0.069787,-7.699999999999894e-05,0.0002649999999999996,0.00010099999999998999
9686,-0.00605,-0.006103,-0.068148,0.00010600000000000019,0.00020500000000000032,-2.3999999999996247e-05
11864,0.0050490000000000005,0.006298,-0.061344,-1.8000000000000654e-05,0.00014200000000000063,-8.199999999999874e-05
11974,0.013318,-0.0007009999999999999,-0.058412,0.00013200000000000017,0.00015399999999999984,-3.600000000000131e-05
9720,-0.0067670000000000004,-0.001619,-0.065606,0.00010700000000000032,0.0002639999999999999,2.4000000000010124e-05
12282,0.007832,0.001656,-0.070351,-0.00011400000000000039,6.100000000000007e-05,-0.00010800000000001087
12057,-0.009564,-0.004824,-0.06868,9.49999999999996e-05,0.0001250000000000001,0.00022000000000001185
9644,0.00359,0.008086,-0.074026,3.600000000000001e-05,-5.099999999999896e-05,-0.00010000000000001674
12058,0.012701,-0.004331000000000001,-0.071509,2.199999999999945e-05,8.5e-05,-1.2999999999999123e-05
12056,-0.007417,0.012534,-0.06804900000000001,-4.6000000000000034e-05,0.00018699999999999967,-0.0001250000000000001
12558,0.014981,-0.010503,-0.068438,1.2000000000001593e-05,0.0001010000000000004,-1.4000000000000123e-05
10772,-0.0066029999999999995,-0.004776,-0.066888,8.3999999999999e-05,0.0003949999999999995,-9.999999999871223e-07
9639,-0.005169,0.003748,-0.072777,-8.299999999999974e-05,7.599999999999968e-05,-0.00014600000000000724
12094,0.007147000000000001,0.00020999999999999998,-0.061551,6.599999999999922e-05,0.0003569999999999999,-9.000000000002062e-06
9712,-0.008993000000000001,-0.007129,-0.068992,8.99999999999998e-05,5.5999999999999626e-05,0.00021899999999999697
11733,0.014398999999999999,0.008591,-0.068709,-0.00011899999999999931,5.20000000000017e-05,-0.00020900000000000085
9651,0.0037189999999999996,0.00437,-0.07280800000000001,-8.799999999999997e-05,5.500000000000036e-05,-0.00011899999999999411
12528,0.009136,-0.000694,-0.073362,5.999999999999929e-05,3.399999999999996e-05,-0.00010999999999999899
10600,3.5999999999999994e-05,0.000612,-0.061308,0.000111,0.00030199999999999997,1.8999999999998185e-05
10396,-0.011975,0.010737,-0.06439199999999999,6.299999999999882e-05,-6.000000000000796e-06,-2.000000000015878e-06
11284,0.015401999999999999,0.008765,-0.067638,-3.399999999999931e-05,7.199999999999915e-05,-0.0002500000000000002
9726,-0.012117000000000001,0.007123,-0.07101600000000001,-8.2999999999998e-05,9.999999999999593e-06,4.000000000004e-06
12077,0.009371,-0.0046749999999999995,-0.07199599999999999,-1.000000000001e-06,7.299999999999928e-05,-7.400000000000462e-05
10443,0.017457999999999998,0.003786,-0.068334,-0.00012799999999999964,-4.700000000000017e-05,-0.00020000000000000573
12474,-0.009659000000000001,0.000707,-0.064109,0.00010700000000000119,0.00012399999999999998,7.100000000000162e-05
11237,0.00538,-0.008237999999999999,-0.06267199999999999,0.00022199999999999998,0.00010599999999999846,-5.200000000001037e-05
12498,0.001542,-0.01248,-0.064378,7.900000000000008e-05,0.00020199999999999906,-7.499999999999174e-05
12546,-0.006546000000000001,0.005595,-0.075215,3.300000000000091e-05,0.0,6.0000000000004494e-05
8866,0.009941,0.005359,-0.0709,-0.00011300000000000025,0.00012199999999999971,-2.1999999999994246e-05
11758,-0.010065,-0.008413,-0.063729,0.00033399999999999923,-1.4000000000000123e-05,8.599999999998886e-05
12495,-0.010959,0.009304,-0.061695,1.9999999999999185e-05,0.00028100000000000173,-2.8000000000000247e-05
11451,-0.006156,-0.00838,-0.0731,7.700000000000068e-05,-1.4000000000000123e-05,4.400000000000237e-05
11169,-0.0017569999999999999,-0.005365999999999999,-0.062554,0.00032799999999999973,0.00027099999999999954,-2.6999999999999247e-05
12462,-0.010573,0.00824,-0.073934,-9.99999999999994e-05,7.300000000000015e-05,-0.00015699999999999048
11501,0.008698000000000001,8e-06,-0.074506,-6.300000000000056e-05,-4.2e-05,-5.7000000000001494e-05
9993,-0.006534,0.006305,-0.06542400000000001,8.000000000000194e-06,0.00027300000000000067,4.000000000004e-06
10424,0.0019370000000000001,0.011066000000000001,-0.062786,-0.00010600000000000019,0.0002579999999999978,7.099999999998774e-05
9715,0.004555,-0.000262,-0.063158,0.00014400000000000003,0.000297,-0.00014699999999999436
10143,0.003403,-0.007801,-0.066368,0.0003849999999999995,0.00019899999999999952,-2.6000000000012125e-05
10842,-0.003806,-0.004687,-0.077348,-2.300000000000045e-05,-9.699999999999986e-05,-0.00021300000000000485
9248,-0.012877000000000001,-0.006089000000000001,-0.06594799999999999,7.100000000000162e-05,0.0002630000000000011,0.00011600000000000499
12576,0.008513999999999999,-0.003478,-0.06271600000000001,0.0002320000000000013,0.00029200000000000016,-4.099999999998549e-05
11768,-0.009037000000000002,0.008827999999999999,-0.073495,9.000000000000327e-06,6.500000000000082e-05,-0.00010999999999999899
12245,0.015757999999999998,0.012979,-0.064542,-2.8999999999997778e-05,1.3000000000000858e-05,-2.2999999999995246e-05
12588,0.004237,0.010327999999999999,-0.072255,-0.000255,2.100000000000192e-05,-0.00018399999999998973
12265,0.01188,-0.0031190000000000002,-0.06656699999999999,0.00013699999999999997,0.00021400000000000065,8.999999999981245e-06
12691,-0.003813,-0.005208999999999999,-0.068669,3.800000000000027e-05,0.0001929999999999996,-5.500000000001337e-05
12534,0.014123,-0.012525,-0.076586,1.000000000001e-06,-7.999999999999327e-06,-0.0002349999999999991
11762,-0.008082,-0.012261,-0.06659999999999999,-9.099999999999907e-05,0.00022199999999999998,-0.00010400000000000686
12412,0.012199,-0.004924,-0.069869,-2.300000000000045e-05,6.600000000000095e-05,-1.9999999999992246e-05
9739,0.00419,0.007553,-0.07348,-2.3999999999999716e-05,-3.399999999999931e-05,-8.900000000000574e-05
12254,0.017783999999999998,0.009784000000000001,-0.070155,-7.000000000000062e-05,5.999999999997327e-06,-0.000123000000000012
12440,-0.001238,-0.011330999999999999,-0.073723,5.600000000000006e-05,4.799999999999943e-05,0.00027099999999999347
11851,-0.007699,-0.011923999999999999,-0.06338300000000001,0.00012399999999999998,0.0,-0.00024299999999999322
10351,0.015382,0.008183,-0.072772,-3.500000000000031e-05,3.100000000000151e-05,9.699999999999986e-05
11018,0.010515,0.002316,-0.064138,7.799999999999994e-05,0.00017900000000000034,-6.0000000000060005e-06
11643,0.016609000000000002,-0.008297,-0.072424,-7.100000000000162e-05,2.700000000000098e-05,-0.00019999999999999185
12605,0.002978,-0.006634999999999999,-0.058237000000000004,0.00029299999999999986,0.00023199999999999957,-0.00016799999999999454
9614,-0.014085,0.004383,-0.06540900000000001,-6.500000000000082e-05,9.900000000000013e-05,-0.00013399999999999523
12683,-0.007326,0.00683,-0.071566,-6.199999999999956e-05,0.00021199999999999952,-0.00034000000000000696
10987,0.00754,-0.012846999999999999,-0.069373,0.0001250000000000001,-0.00012900000000000238,6.499999999999562e-05
11542,-0.005779,0.00401,-0.074507,1.5000000000000256e-05,3.199999999999991e-05,-5.7999999999988616e-05
9166,-0.00873,-0.007658000000000001,-0.06824,0.0001299999999999999,0.00014200000000000063,0.00031499999999999584
12101,0.000598,0.006647,-0.07529300000000001,-5.9000000000000025e-05,-1.2000000000000725e-05,-5.4999999999985616e-05
11413,0.008724,0.010281,-0.06534999999999999,-7.500000000000215e-05,0.00011899999999999931,-3.2000000000018125e-05
12391,-0.013574,-0.011897,-0.067625,0.00015799999999999842,7.399999999999941e-05,0.0002920000000000006
10402,-0.003125,-0.001406,-0.070461,0.00016200000000000025,0.00019499999999999986,-0.0001280000000000031
11830,0.016663,-0.009295,-0.065577,0.00011699999999999905,0.00019899999999999952,-5.9000000000003494e-05
11814,-0.008409000000000002,-0.005534,-0.061768,0.00015400000000000136,0.0001349999999999997,-0.00014000000000000123
12063,0.00218,0.011703,-0.069841,-3.4000000000000176e-05,9.999999999999593e-06,-0.00013799999999999923
10630,-0.006373,0.00011300000000000001,-0.063818,0.00023000000000000017,0.00025699999999999996,-0.00011099999999999999
12408,-0.007638,-0.004418,-0.06993899999999999,-2.5000000000000716e-05,0.00010800000000000046,0.0002349999999999991
9983,-0.009192,-0.003765,-0.068934,-2.8000000000000247e-05,0.00010700000000000032,0.00013299999999999423
9647,0.005441,-0.008856,-0.075501,-9.999999999992654e-07,8.000000000000021e-05,-0.0001229999999999981
9825,0.007572,0.008912000000000002,-0.07001099999999999,-0.00011699999999999992,-9.000000000000327e-06,-0.00020500000000001073
12547,0.005124,-0.007308,-0.067073,0.00042299999999999977,0.0003049999999999997,-0.00016099999999999448
11565,-0.012432,0.001131,-0.07609,-6.100000000000029e-05,5.199999999999996e-05,-3.199999999999037e-05
9820,0.014913000000000001,-0.005856,-0.073737,0.00011800000000000005,0.00017700000000000007,-0.00014300000000000423
11408,-0.002464,-0.00319,-0.07395,-6.0999999999999856e-05,6.800000000000035e-05,1.8000000000004124e-05
12072,0.0069299999999999995,0.004234,-0.062893,5.400000000000023e-05,0.00013599999999999984,4.300000000000137e-05
11831,0.010636,0.002214,-0.06262,8.900000000000054e-05,0.00019499999999999986,4.599999999999049e-05
9849,-0.006503999999999999,-0.01034,-0.06973,8.599999999999927e-05,0.00014300000000000077,-1.5000000000001124e-05
11630,0.008162,-0.006745,-0.072551,-4.300000000000137e-05,7.799999999999994e-05,4.999999999991123e-06
12418,-0.003633,0.000992,-0.071922,1.399999999999969e-05,0.00012100000000000001,-6.299999999999362e-05
12542,-0.007258,-0.0032029999999999997,-0.059679,6.499999999999995e-05,0.0002629999999999998,-4.199999999999343e-05
11973,-0.0037389999999999997,0.008388,-0.06107,-4.49999999999999e-05,0.00024399999999999943,-1.8999999999998185e-05
9831,0.012916,-0.001804,-0.06997400000000001,-8.000000000001062e-06,2.599999999999998e-05,-0.00010799999999998311
9909,0.013406000000000001,0.005022,-0.06944499999999999,-3.8000000000001574e-05,-7.600000000000055e-05,-0.00033099999999999796
9844,0.002444,-0.007756,-0.072255,-5.9000000000000025e-05,9.200000000000007e-05,3.799999999999637e-05
12465,0.008499000000000001,-0.012591,-0.074336,-9.100000000000254e-05,-1.700000000000139e-05,1.4000000000000123e-05
12417,0.0077729999999999995,-0.003379,-0.070411,7.300000000000102e-05,8.59999999999997e-05,-0.00014899999999999636
11389,0.001322,0.005879,-0.068246,-3.99999999999988e-06,0.00012700000000000038,-7.399999999999074e-05
9785,0.0033900000000000002,-0.001874,-0.06522700000000001,0.00020299999999999962,0.00028300000000000005,-8.899999999999186e-05
10350,-0.009801,-0.011143,-0.068006,-8.599999999999927e-05,0.00015800000000000015,-0.00015800000000000536
9725,-0.006798,0.007891,-0.061946,6.299999999999969e-05,0.00024699999999999896,5.099999999999549e-05
12731,0.00791,-0.007222,-0.056852,0.00024399999999999943,0.00033799999999999976,-1.0000000000003062e-05
12110,0.016013000000000003,0.012811,-0.068464,-9.40000000000038e-05,5.4999999999999494e-05,-7.200000000000262e-05
12169,0.01314,-0.0026160000000000003,-0.063086,0.00011999999999999858,0.00019800000000000026,4.600000000000437e-05
10084,0.0013779999999999999,0.007044,-0.07606399999999999,-4.399999999999977e-05,9.000000000000327e-06,-0.00010100000000001774
10347,-0.009951,0.0046429999999999996,-0.062506,4.49999999999999e-05,0.0003160000000000003,-4.499999999998949e-05
11589,-0.012661,-0.005320999999999999,-0.069179,3.099999999999978e-05,0.00021799999999999944,0.00020600000000001173
12484,0.0051920000000000004,-0.010183,-0.062231,9.399999999999947e-05,3.799999999999984e-05,-1.3999999999993185e-05
10289,0.013724,-0.007985,-0.073104,0.00010099999999999866,0.00011000000000000072,-7.999999999999674e-05
12232,0.01491,0.010017,-0.067076,-8.299999999999974e-05,-9.999999999999593e-06,-0.0002370000000000011
9744,0.014305,-0.004854,-0.07184900000000001,6.0000000000001025e-05,3.799999999999984e-05,-9.899999999998799e-05
11960,0.016009,0.0027519999999999997,-0.069703,-3.199999999999731e-05,0.00018100000000000017,-6.899999999999962e-05
12268,0.007927,-0.003025,-0.074669,9.99999999999994e-05,-3.899999999999997e-05,-0.0001290000000000041
10764,-0.013302,-0.010091,-0.068748,-3.099999999999978e-05,0.00019699999999999926,5.000000000000837e-05
10943,0.011871,-0.0001,-0.059847000000000004,3.399999999999931e-05,0.000131,-7.699999999999374e-05
4863,0.010924,-0.010652,-0.07211,-2.6999999999999247e-05,0.00011300000000000025,-4.099999999999937e-05
9488,-0.0034449999999999997,0.010392,-0.07146899999999999,-0.00015200000000000023,0.0001399999999999995,-0.00034200000000002284
12220,-0.005674,-0.010565,-0.059425,5.7000000000000627e-05,0.00013900000000000023,-6.20000000000065e-05
12716,-0.013465,-0.003578,-0.072294,-0.00014900000000000156,-7.299999999999971e-05,-3.499999999999337e-05
11737,-0.003984,0.007679999999999999,-0.068423,-3.7000000000000574e-05,0.0002510000000000012,-5.4999999999999494e-05
12095,0.009643,0.004247,-0.069324,-0.00013500000000000144,-9.99999999999994e-05,-0.0002420000000000061
11121,0.0028039999999999996,0.004235,-0.071343,-0.00010999999999999985,5.399999999999936e-05,-0.00012199999999999711
11172,-0.008801999999999999,-0.007891,-0.06538200000000001,4.4000000000000636e-05,0.00020500000000000032,0.00010000000000001674
11490,-0.010407999999999999,0.006756,-0.07464499999999999,-0.00011599999999999978,3.000000000000398e-06,-2.2000000000008124e-05
10379,-0.010935,0.002127,-0.07189,-2.7999999999998512e-05,-2.1999999999999884e-05,-0.00012200000000001099
12189,-0.0011120000000000001,-0.009429,-0.062344000000000004,0.00017400000000000022,0.00032399999999999964,-0.00021799999999998904
9851,0.0027010000000000003,0.012689,-0.065724,-6.700000000000022e-05,8.699999999999854e-05,-2.6999999999999247e-05
9672,0.004783000000000001,-0.00651,-0.071737,-2.4000000000000583e-05,5.500000000000036e-05,-0.00013399999999999523
11955,-0.010159000000000001,-0.00013700000000000002,-0.061862,2.000000000002e-06,0.00017500000000000003,2.3999999999996247e-05
12602,0.009699,-0.011763,-0.063249,0.00024000000000000063,0.0001779999999999976,-0.00022099999999999898
11209,-0.010431,0.000816,-0.06754600000000001,-5.20000000000017e-05,0.0003020000000000001,7.40000000000185e-05
12510,0.0038959999999999997,0.00974,-0.062897,-0.00010099999999999996,0.00013200000000000017,-5.000000000000837e-05
8980,0.014093999999999999,0.004203,-0.070949,-8.199999999999874e-05,2.2999999999999583e-05,-0.0001789999999999986
12285,0.011464,-0.009813,-0.0603,0.00025799999999999955,0.0002380000000000021,-0.0002020000000000008
12087,-0.004729,-0.000746,-0.06807899999999999,6.599999999999922e-05,0.00022000000000000003,-0.0001890000000000086
12104,0.004927,0.001677,-0.073264,-9.599999999999973e-05,-0.00010500000000000006,-0.00020499999999999685
11471,0.014055999999999999,0.003196,-0.0588,6.900000000000135e-05,0.000219,1.8999999999998185e-05
9781,-0.014569,0.012301,-0.067562,-0.00015999999999999868,2.300000000000045e-05,3.0000000000002247e-05
12055,0.004208999999999999,-0.012432,-0.073855,6.200000000000042e-05,6.100000000000029e-05,-6.0000000000060005e-06
9638,-0.006019999999999999,0.00726,-0.07351,3.099999999999978e-05,0.00013200000000000017,-0.00013499999999999623
8875,-0.007619,0.0058579999999999995,-0.06785200000000001,3.899999999999997e-05,0.00015200000000000023,-0.00018299999999998873
11533,-0.013209,-0.001632,-0.073018,-2.199999999999945e-05,2.3999999999999933e-05,-3.499999999999337e-05
9693,0.017058,0.0028090000000000003,-0.071943,-3.900000000000084e-05,7.199999999999958e-05,-0.00023200000000000998
9862,-0.013838,0.005607,-0.06843300000000001,-8.599999999999927e-05,-4.4000000000000636e-05,1.1999999999998123e-05
12565,0.000781,-0.008421,-0.065236,0.00018399999999999992,0.000194999999999999,-0.00011300000000000199
9777,0.003694,-0.00408,-0.06884699999999999,0.00012300000000000028,0.0001280000000000005,-0.00014900000000001024
12183,-0.004021,-0.006203,-0.071275,3.500000000000031e-05,0.00015200000000000023,6.20000000000065e-05
12504,-0.0063,-0.001526,-0.06842000000000001,3.000000000000398e-06,9.600000000000017e-05,-8.199999999998486e-05
12294,-0.008919999999999999,0.003979,-0.064833,5.199999999999823e-05,0.0002360000000000001,-0.00015199999999999936
12677,0.0033940000000000003,-0.00439,-0.061337,0.00019799999999999983,0.00033500000000000023,-0.00016299999999999648
12438,0.010657,-0.008186,-0.073019,-8.000000000001062e-06,8.900000000000054e-05,-7.899999999999574e-05
9925,0.008916,-0.00536,-0.072229,-8.000000000001062e-06,3.300000000000004e-05,-2.899999999998737e-05
11811,-0.005338,-0.007996,-0.069199,0.00017900000000000034,0.00014099999999999877,0.00018399999999998973
9593,-0.007539,0.00054,-0.064593,5.399999999999936e-05,0.00010900000000000005,9.499999999999786e-05
12478,0.006,-0.008905,-0.063582,7.599999999999968e-05,4.49999999999999e-05,5.000000000000837e-05
10744,-0.006064,0.000984,-0.069438,3.0000000000000512e-05,8.499999999999979e-05,7.699999999999374e-05
12109,0.005772,0.012239000000000002,-0.06969199999999999,-4.6000000000000034e-05,-8.000000000000021e-05,-9.700000000001374e-05
10012,0.015839,0.00034899999999999997,-0.064358,0.00012300000000000158,0.000167,3.500000000000725e-05
12108,-0.001549,0.003611,-0.076487,-1.8000000000000004e-05,9.89999999999997e-05,-0.00020299999999999485
9838,-0.0077069999999999994,0.007669,-0.06590900000000001,4.89999999999987e-05,0.00019499999999999986,-6.399999999999462e-05
11894,-0.005821,-0.009208000000000001,-0.067551,0.00012000000000000031,0.00016300000000000169,0.00025599999999999234
12505,0.002193,-0.011867,-0.070155,-3.000000000000008e-05,2.9000000000001247e-05,-0.0001239999999999991
9870,0.007477,-0.005527,-0.06403700000000001,0.00010600000000000019,0.00016799999999999975,-6.199999999999262e-05
9732,0.002464,0.004385,-0.07004200000000001,-4.199999999999994e-05,8.199999999999961e-05,-7.599999999999274e-05
11164,-0.0009519999999999999,-0.004623,-0.063044,0.00021999999999999993,0.00037699999999999973,-7.999999999994123e-06
12496,0.004602,0.001746,-0.06909399999999999,-2.3999999999999716e-05,0.00010300000000000001,-8.600000000001662e-05
12433,-0.01574,0.004019,-0.07141,-9.500000000000133e-05,-7.900000000000008e-05,4.300000000000137e-05
12151,-0.005787,-0.001453,-0.06988599999999999,0.00015899999999999942,0.00014400000000000025,1.9999999999881224e-06
9722,-0.004704,0.007398,-0.07219400000000001,-9.599999999999973e-05,0.00011300000000000025,-8.199999999998486e-05
9698,-0.0077480000000000005,-0.01041,-0.069908,5.400000000000023e-05,0.0002620000000000018,-5.2999999999997494e-05
11138,0.002823,-0.001776,-0.069131,0.00017700000000000007,0.00012100000000000001,-0.0001870000000000066
9194,0.007201,-0.005037,-0.06980700000000001,1.000000000000046e-05,4.0000000000000105e-05,-7.999999999999674e-05
11508,0.004148,0.008996,-0.060148,-7.699999999999981e-05,0.00018099999999999887,1.000000000001e-06
11426,0.004416000000000001,-0.010747,-0.06814100000000001,0.000194999999999999,0.0001389999999999985,0.00016600000000001336
9893,0.009518,0.006222,-0.068238,-0.00013400000000000044,0.00014199999999999977,-0.0001890000000000086
10776,-0.002275,-0.00185,-0.0746,-4.0999999999999804e-05,-5.6999999999999976e-05,-2.1999999999994246e-05
9864,0.012681,-0.0053490000000000005,-0.067258,6.800000000000035e-05,0.0002180000000000003,-0.00021399999999999197
10105,-0.01506,0.003065,-0.076163,-0.00014599999999999856,-8.99999999999998e-05,4.599999999999049e-05
9648,-0.0011040000000000002,0.009428,-0.072157,-5.499999999999993e-05,-6.000000000000796e-06,-0.00014899999999999636
11541,0.002357,-0.010845,-0.076053,2.3999999999999716e-05,0.0001420000000000015,3.499999999999337e-05
9659,-0.0070350000000000005,0.010842000000000001,-0.070821,-4.8999999999999565e-05,0.00010699999999999946,-1.1999999999998123e-05
11497,-0.0018700000000000001,-0.003387,-0.06433,0.0002260000000000003,0.0003340000000000001,-0.00014400000000000523
12453,0.007716,-0.0053289999999999995,-0.070092,3.0000000000000512e-05,3.500000000000031e-05,-5.8999999999989616e-05
9963,-0.003973,-0.005756,-0.073007,-6.499999999999995e-05,0.00010999999999999985,4.400000000000237e-05
10281,0.007777999999999999,-0.0018440000000000002,-0.070238,9.200000000000094e-05,8.500000000000022e-05,-0.00017700000000001048
10038,0.005763,-0.0025729999999999998,-0.073562,4.900000000000043e-05,-1.299999999999999e-05,-9.399999999999686e-05
11081,-0.005429000000000001,0.000984,-0.072309,5.3000000000000096e-05,0.00014199999999999977,2.6999999999999247e-05
12442,0.017315,-0.0035139999999999998,-0.06943099999999999,0.0002329999999999971,0.00014199999999999977,-9.100000000000774e-05
10464,-0.007902,0.01199,-0.069164,-0.00010899999999999972,3.799999999999984e-05,-6.0999999999991616e-05
11743,-0.006474000000000001,-0.005529,-0.069467,2.8000000000001114e-05,0.0001230000000000007,8.199999999999874e-05
10507,0.017644,-0.00057,-0.06659000000000001,2.0000000000002655e-05,0.00017399999999999995,-0.00012499999999998623
10406,0.0063490000000000005,0.011254,-0.072181,-0.00025100000000000035,9.900000000000013e-05,-4.500000000000337e-05
11530,-0.011763,-0.007594,-0.069153,4.89999999999987e-05,0.00013100000000000004,1.2999999999999123e-05
10434,-0.014985,-0.008487999999999999,-0.070336,6.199999999999956e-05,4.1999999999998636e-05,-8.200000000001262e-05
10656,-0.010296,0.01056,-0.061954999999999996,6.499999999999909e-05,0.00015500000000000062,-6.900000000000656e-05
11794,-0.015659,0.0029980000000000002,-0.07351300000000001,-5.6000000000000494e-05,-0.00010700000000000032,9.700000000001374e-05
12428,0.000727,0.009035,-0.064399,-0.00010800000000000002,7.300000000000015e-05,-2.2000000000008124e-05
10003,-0.00766,-0.008156,-0.07030800000000001,9.200000000000094e-05,0.00018300000000000087,0.0002360000000000001
10522,-0.011015,-0.009668,-0.06831699999999999,0.00019000000000000093,0.000305999999999999,0.00011999999999998123
9773,-0.01078,0.001875,-0.069248,-6.000000000000796e-06,-3.600000000000001e-05,-8.099999999998386e-05
10465,0.003776,-0.009767,-0.063829,0.00013599999999999984,0.00010300000000000066,-0.00015400000000000136
11822,0.008775,0.011682,-0.068103,0.00011300000000000025,-7.899999999999921e-05,-0.0001270000000000021
11926,-0.004791,-0.012528000000000001,-0.068327,-1.3999999999999256e-05,0.00017700000000000007,-7.100000000000162e-05
11760,-0.00047599999999999997,0.006524,-0.0601,-2.599999999999998e-05,0.00023999999999999976,3.899999999999737e-05
12448,-0.011787,0.000597,-0.072379,-3.8999999999999105e-05,0.0,-5.000000000000837e-05
8816,-0.0010329999999999998,0.005129,-0.069233,8.999999999999894e-06,0.00011900000000000018,-0.00018699999999999273
10775,-0.013948,0.011321999999999999,-0.067429,-0.00010199999999999966,3.200000000000078e-05,3.0000000000002247e-05
9759,0.006268,0.009914,-0.070923,-0.0001510000000000001,1.1000000000002327e-05,-0.00011600000000000499
10337,-0.000785,0.006067,-0.07214,-0.000129,8.899999999999967e-05,-0.00014600000000000724
9642,-0.002099,-0.007101,-0.073514,-6.999999999999975e-05,6.099999999999942e-05,-2.000000000015878e-06
11447,0.009760999999999999,-0.008347,-0.070035,4.49999999999999e-05,6.299999999999882e-05,-0.00011400000000000299
12054,-0.006207,0.00093,-0.07293999999999999,-9.999999999999593e-06,3.899999999999997e-05,-2.3000000000009124e-05
10542,0.012019,0.0055899999999999995,-0.062689,1.8000000000000654e-05,0.00035700000000000055,-0.00021999999999999797
9841,-0.004948,0.0037170000000000003,-0.061743,-5.199999999999996e-05,0.0002019999999999995,-5.099999999999549e-05
12261,-0.015551,-0.005889999999999999,-0.076142,0.00023300000000000057,8.199999999999961e-05,9.800000000000086e-05
11453,-0.000887,0.0014990000000000001,-0.074871,-0.00010700000000000011,-7.600000000000011e-05,-6.50000000000095e-05
12449,0.012433999999999999,-0.012258,-0.068979,6.300000000000056e-05,0.00020499999999999859,-2.000000000002e-06
12404,-0.005107,-0.008008,-0.07348,-6.799999999999948e-05,-1.000000000001e-06,3.100000000000325e-05
9709,-0.005436,0.003945,-0.066704,-1.600000000000039e-05,0.000268,-0.0001300000000000051
12157,-0.0016950000000000001,0.00396,-0.066551,-9.999999999999159e-07,0.00024300000000000016,-0.00014900000000001024
11154,0.004208,0.010006000000000001,-0.067428,-8.799999999999954e-05,0.00010199999999999966,-6.1000000000005494e-05
11078,-0.013810000000000001,0.012151,-0.073033,-9.599999999999886e-05,0.0,-1.000000000001e-06
10200,-0.012562,-0.006409,-0.07007,1.600000000000039e-05,0.0001799999999999996,9.499999999999786e-05
12064,0.00054,-0.012116,-0.064381,0.000214,0.00021599999999999918,-0.0002950000000000036
355,0.010631,0.003084,-0.065587,2.1000000000000185e-05,0.0002270000000000002,-8.400000000000074e-05
12074,0.003853,0.001758,-0.062149,0.00014499999999999973,0.0002620000000000001,-2.4999999999997247e-05
11427,-0.008285,0.009906,-0.063655,0.00019900000000000126,0.0001860000000000004,-8.800000000000474e-05
11775,0.012234,0.011848000000000001,-0.066952,-7.499999999999868e-05,-4.000000000002266e-06,-2.9000000000001247e-05
10859,0.0043760000000000005,-0.010878,-0.063834,0.00015999999999999868,-2.399999999999798e-05,-0.00011300000000000199
12028,-0.012469,-0.001286,-0.067577,-3.300000000000178e-05,0.00010699999999999989,-7.999999999994123e-06
9762,-0.011998,0.003925,-0.068557,-6.899999999999962e-05,-2.699999999999968e-05,-9.099999999999386e-05
9856,0.008362,0.00016800000000000002,-0.06314800000000001,0.00015000000000000083,0.000286,2.7000000000013125e-05
12415,-0.00649,-0.009624,-0.066655,0.00010600000000000019,0.00033100000000000143,7.00000000000145e-05
9462,-0.009301,-0.0017549999999999998,-0.070024,-2.8999999999999512e-05,0.00014199999999999977,-6.999999999998674e-05
12627,0.017206,0.009861,-0.07345,-0.0001260000000000011,-2.499999999999898e-05,-0.00014799999999999536
11881,-0.002063,-0.008412000000000001,-0.071757,1.4000000000000123e-05,0.0001310000000000009,-5.6999999999987616e-05
11929,-0.005683,-0.00411,-0.073334,2.499999999999898e-05,0.0001380000000000001,4.699999999999149e-05
11816,0.008314,0.010666,-0.062261000000000004,-8.200000000000048e-05,0.0002210000000000007,-4.099999999999243e-05
12420,-0.0083,-0.002438,-0.063238,0.0001749999999999998,0.00029100000000000046,0.00026500000000000135
11986,-0.011097,0.00086,-0.062490000000000004,4.799999999999943e-05,0.0003250000000000001,-0.00013199999999999323
9515,0.012285,0.008672000000000001,-0.067898,-0.00010900000000000146,2.8999999999999512e-05,-0.00020100000000000673
9871,-0.003502,0.010199,-0.073588,-6.100000000000029e-05,0.00018800000000000067,-0.0001769999999999966
9703,-0.0010940000000000001,0.008227,-0.061904,-3.099999999999978e-05,0.00018699999999999967,-0.00012200000000000405
12489,-0.003895,-0.010398999999999999,-0.060445,0.00016199999999999982,0.00012599999999999938,-1.5000000000001124e-05
12526,-0.011412,0.008996,-0.071487,-0.00014800000000000056,-8.700000000000027e-05,-0.00016200000000000936
10031,-0.00010899999999999999,-0.009124,-0.06361,0.000137,0.00029199999999999886,-0.0002390000000000031
12709,0.005333999999999999,-0.0006919999999999999,-0.064318,0.0001230000000000007,9.099999999999994e-05,3.0000000000030003e-06
11574,-0.0063159999999999996,-0.006046999999999999,-0.073215,0.00020399999999999932,6.399999999999982e-05,8.899999999999186e-05
9755,0.002183,-0.010284000000000001,-0.069912,4.9e-05,0.00012200000000000058,-0.00013499999999999623
11186,0.016387,-0.0029230000000000003,-0.073461,3.500000000000031e-05,5.000000000000013e-05,-6.199999999999262e-05
12328,0.015734,0.000242,-0.072157,-3.800000000000331e-05,0.00016100000000000004,-9.000000000000674e-05
12452,-0.015527,-0.011798,-0.072691,-0.0001480000000000023,0.00011599999999999978,-7.699999999999374e-05
11883,0.015378,0.001942,-0.064006,9.60000000000006e-05,0.000116,-6.60000000000105e-05
9932,-0.007948,0.0027229999999999997,-0.066444,2.5000000000000716e-05,0.00021300000000000008,-5.6000000000000494e-05
11403,-0.0026829999999999996,-0.011861,-0.072732,0.00020799999999999942,0.00015800000000000015,0.00015600000000001724
9684,-0.002326,-0.007923,-0.068823,0.00013200000000000017,0.00021799999999999944,2.000000000002e-06
12497,0.004744,0.011025,-0.062097,-0.00010999999999999985,0.00019699999999999926,0.00016900000000000248
10353,0.007458,0.012567,-0.06880800000000001,-3.800000000000071e-05,-5.10000000000007e-05,-9.899999999998799e-05
11441,0.004521,-0.012379,-0.066798,0.0002890000000000002,0.00010600000000000019,0.00014799999999999536
12206,-0.007683,-0.0013520000000000001,-0.06854099999999999,1.7999999999999787e-05,0.000147,2.199999999998037e-05
11406,0.007971,0.006368,-0.076179,0.0,-4.7000000000001034e-05,-0.00023300000000001098
10023,-0.002105,0.010596999999999999,-0.070549,5.999999999999929e-06,2.9000000000001247e-05,-0.00016099999999999448
9311,-0.006376000000000001,0.011156000000000001,-0.065795,-5.099999999999896e-05,0.00027699999999999947,-7.599999999999274e-05
12563,0.006123999999999999,-0.008102,-0.076407,-3.4999999999998574e-05,0.00014400000000000003,-3.199999999999037e-05
11740,-0.000747,-0.005823,-0.071018,-2.999999999999997e-05,0.00016600000000000035,5.6000000000000494e-05
9668,-0.003211,0.009231999999999999,-0.07254600000000001,-0.0001540000000000005,0.0001480000000000023,-0.0002869999999999817
11529,-0.01102,-0.007598,-0.069412,6.400000000000156e-05,0.00020799999999999985,-5.0000000000050004e-06
11085,-0.0060019999999999995,0.005243,-0.064056,1.999999999999398e-06,0.0002950000000000001,-7.999999999999674e-05
9662,0.009545,0.003095,-0.07178,-0.00010500000000000093,-1.1000000000000159e-05,-0.0002339999999999981
12479,0.007134000000000001,-0.012336,-0.073029,5.099999999999896e-05,-2.8000000000000247e-05,2.4999999999997247e-05
12713,-0.013858,0.002077,-0.078144,-0.00013699999999999823,-1.7999999999999787e-05,0.00015100000000001224
9876,-0.008342,-0.000474,-0.064928,-1.9999999999985307e-06,0.000181,-1.8000000000004124e-05
9656,-0.005059999999999999,0.006035,-0.071473,-2.000000000000092e-05,0.00010799999999999959,-8.200000000001262e-05
8857,-0.010526,-0.001863,-0.067478,0.00012000000000000031,0.0002800000000000001,0.00011499999999999011
9836,0.014875,0.002554,-0.070882,-6.199999999999956e-05,8.000000000000021e-05,-0.00013900000000000023
10026,0.00701,-0.004469,-0.073887,6.700000000000022e-05,-1.7999999999999787e-05,-0.00011700000000000599
12425,0.007556,-0.00733,-0.069417,-3.000000000000398e-06,-2.300000000000045e-05,-1.2999999999999123e-05
10149,0.007381,0.008171,-0.071896,-0.00022400000000000024,9.200000000000007e-05,-0.00010500000000000786
12079,0.015034,0.005284,-0.071144,-8.900000000000054e-05,4.7000000000001034e-05,-0.0001330000000000081
9707,-0.005466,-0.0046040000000000005,-0.069951,4.000000000000531e-06,0.00021300000000000052,0.0001270000000000021
12185,-0.007432,-0.006415,-0.07356900000000001,7.900000000000008e-05,0.00023800000000000036,9.800000000000086e-05
9689,-0.013977999999999999,0.010282,-0.073291,-9.20000000000018e-05,7.999999999999327e-06,5.099999999999549e-05
9714,-0.00079,0.000374,-0.070639,3.899999999999997e-05,0.000156,-9.800000000000086e-05
11076,-0.003872,-0.00933,-0.068836,0.00017700000000000007,0.000197000000000001,0.00014599999999999336
11094,-0.009519999999999999,-0.010807,-0.06989100000000001,9.199999999999833e-05,0.0002660000000000006,-4.299999999998749e-05
9798,-0.010931,-0.006188,-0.066194,7.700000000000068e-05,0.00010399999999999993,0.00015699999999999048
11077,-0.0018340000000000001,-0.00227,-0.06633,0.00023300000000000013,0.00026599999999999974,-3.899999999999737e-05
11731,-0.00528,-0.0036810000000000002,-0.066693,9.299999999999933e-05,0.0002990000000000002,-8.500000000000174e-05
11827,0.010477,0.011881000000000001,-0.069363,-0.00012000000000000031,4.099999999999937e-05,-0.0001320000000000071
9645,-0.004556,0.011349,-0.072462,-6.299999999999969e-05,0.00012599999999999938,-8.199999999999874e-05
12078,-0.005628,0.005054,-0.061911,-0.00010799999999999959,0.0002379999999999995,6.0000000000004494e-05
11898,0.010682,-0.013145,-0.065467,0.00012799999999999964,7.899999999999921e-05,1.000000000001e-06
9677,0.013720000000000001,0.002662,-0.074145,-8.900000000000054e-05,9.39999999999999e-05,-0.0002289999999999931
10782,-0.011467,-0.0044480000000000006,-0.06939000000000001,8.100000000000121e-05,8.80000000000004e-05,6.90000000000135e-05
10750,-0.011085000000000001,-0.010656,-0.069752,3.500000000000031e-05,0.0002310000000000003,0.00012899999999999023
8928,0.0042510000000000004,0.001728,-0.072857,1.6999999999999654e-05,1.1000000000000159e-05,-0.00018499999999999073
12127,-0.009214,0.0073360000000000005,-0.060768,-6.499999999999909e-05,0.00027099999999999954,-0.00028299999999999853
12578,-0.014256,-0.005154,-0.06943099999999999,2.499999999999898e-05,0.0001250000000000001,-0.00015900000000000636
12100,-0.009706,-0.0028610000000000003,-0.073161,-4.900000000000217e-05,6.000000000000363e-06,-5.8999999999989616e-05
10391,0.0077610000000000005,-0.003412,-0.0677,0.00011500000000000052,0.00011700000000000035,-9.000000000000674e-05
11446,-0.011325,-0.001562,-0.072081,-1.1000000000000593e-05,-7.700000000000003e-05,-0.00011899999999999411
9751,0.004123,-0.000502,-0.071507,0.00010400000000000079,0.00014599999999999997,-0.00011099999999999999
11086,-0.004873000000000001,0.0030729999999999998,-0.060149,-3.5999999999999574e-05,0.00020300000000000006,-7.700000000000068e-05
9855,0.001466,0.001387,-0.074526,-0.0001250000000000001,-3.8000000000000056e-05,-0.00019700000000000273
10370,0.000768,-0.009375,-0.072976,7.999999999999999e-05,0.00015199999999999936,-7.999999999999674e-05
11445,0.009377,0.002921,-0.06289,0.00015299999999999862,0.0002409999999999999,-0.00015500000000000236
9735,-0.004961999999999999,0.006799,-0.071791,-6.500000000000082e-05,0.00013399999999999957,-8.500000000001562e-05
11320,-0.013164,-0.008005,-0.07343899999999999,-0.00014300000000000077,0.0001749999999999998,-3.500000000000725e-05
10101,0.000592,0.005946,-0.073348,-9.999999999999994e-05,-4.99999999999997e-05,-0.00014700000000000824
9718,-0.00723,0.006783,-0.064471,4.80000000000003e-05,0.000255,-9.899999999998799e-05
7759,-0.01468,0.007798,-0.069816,-9.10000000000008e-05,-0.0001730000000000004,3.799999999999637e-05
9776,0.003953,0.001646,-0.067699,-2.8000000000000247e-05,0.00011200000000000012,-0.00010900000000001187
10035,0.010195000000000001,0.011642,-0.06918300000000001,-0.00011700000000000078,-4.5999999999999167e-05,-0.00019799999999998985
12052,-0.006876,-0.002468,-0.070839,3.699999999999971e-05,1.4000000000000123e-05,1.7000000000003124e-05
10919,-0.002091,0.002939,-0.059325,1.7000000000000088e-05,0.00019899999999999952,8.000000000000368e-05
10767,-0.010192,0.002932,-0.0702,-1.6999999999999654e-05,-8.299999999999974e-05,-0.0001749999999999946
9710,0.003624,0.006659,-0.067037,-2.7000000000000114e-05,0.00020799999999999985,-6.299999999999362e-05
11559,0.01185,-0.010372999999999999,-0.06554,0.00010600000000000019,0.00021799999999999944,-0.00014399999999999136
9866,0.0037730000000000003,0.0069299999999999995,-0.06615900000000001,1.2999999999999557e-05,0.00033000000000000043,-0.00014799999999999536
12591,0.008208,-0.008267,-0.07161,-4.4000000000000636e-05,2.599999999999998e-05,-4.000000000017878e-06
10048,0.009951,0.001024,-0.07031399999999999,-1.4999999999999389e-05,0.00013700000000000019,-0.00014300000000000423
11543,0.013018,-0.008308,-0.065246,2.599999999999998e-05,0.00030799999999999925,1.7000000000003124e-05
11571,-0.0027879999999999997,-0.012038,-0.067525,0.0001879999999999998,0.0001899999999999992,-8.699999999998986e-05
12252,0.00263,-0.004098,-0.068706,0.00018800000000000023,0.0002700000000000003,-0.00014000000000000123
12143,-0.005936,-0.004889,-0.070398,3.000000000000398e-06,0.00014099999999999963,7.599999999999274e-05
11763,-0.006613000000000001,0.005109,-0.073063,7.900000000000094e-05,4.49999999999999e-05,-3.699999999999537e-05
11481,-0.004201,-0.0068390000000000005,-0.072457,4.2999999999999636e-05,9.900000000000013e-05,7.999999999994123e-06
10136,0.00034,-0.006522,-0.070718,9.999999999999972e-06,0.00015099999999999923,5.7000000000001494e-05
12473,0.015238,0.008996,-0.071437,-7.000000000000062e-05,2.599999999999998e-05,-0.00021399999999999197
11431,-0.012505,0.0046289999999999994,-0.070893,-8.2999999999998e-05,6.0000000000001025e-05,-4.599999999999049e-05
12631,0.0008020000000000001,0.010411,-0.068341,-3.8000000000000056e-05,3.8999999999999105e-05,2.2999999999995246e-05
9793,0.003385,0.010074,-0.07347799999999999,-0.0001299999999999999,-7.499999999999868e-05,-0.00024300000000002098
12467,-0.010244,0.001796,-0.06324199999999999,-6.399999999999982e-05,0.00016300000000000017,-0.0003610000000000141
9765,0.011917,-0.0014370000000000001,-0.068312,5.099999999999896e-05,0.00018000000000000026,-7.900000000000962e-05
9661,0.0015480000000000001,0.004418999999999999,-0.06855,3.6999999999999924e-05,0.00011200000000000012,-9.900000000000186e-05
9691,0.0023740000000000002,0.009443,-0.068062,-7.100000000000032e-05,8.000000000000021e-05,-7.100000000000162e-05
11874,0.015174,-0.012166999999999999,-0.07139799999999999,3.099999999999978e-05,0.00020899999999999912,-3.600000000000825e-05
9922,0.009430999999999998,-0.008622,-0.07041800000000001,2.100000000000192e-05,5.299999999999923e-05,-8.499999999998786e-05
8823,0.0033439999999999998,0.005745,-0.069589,-0.00013399999999999957,9.400000000000033e-05,-5.6000000000000494e-05
10755,-0.004617,-0.005841,-0.07042799999999999,-2.599999999999998e-05,0.00018500000000000027,0.00011599999999999111
9719,0.0052759999999999994,0.011401,-0.06976399999999999,-0.00010199999999999879,-9.900000000000013e-05,-1.000000000001e-06
10349,-0.001075,0.006783,-0.06304699999999999,-8.799999999999997e-05,0.00016500000000000022,-1.4000000000014001e-05
10707,-0.014601000000000001,-0.002023,-0.06958400000000001,-4.0999999999997636e-05,-4.0999999999999804e-05,3.200000000000425e-05
9458,0.016042,-0.0023079999999999997,-0.06706999999999999,0.00014699999999999783,0.0002459999999999997,-4.600000000000437e-05
9061,0.008287000000000001,0.011731,-0.070059,-0.000197000000000001,4.99999999999997e-05,-9.599999999999886e-05
11147,-0.005105,0.0055899999999999995,-0.07293899999999999,-5.999999999999929e-06,8.100000000000121e-05,-8.200000000001262e-05
12411,-0.013567000000000001,0.001823,-0.07008299999999999,2.100000000000192e-05,-1.699999999999987e-05,-4.700000000000537e-05
11454,0.011899,-0.005916,-0.069369,0.00014099999999999877,0.00016400000000000008,-6.40000000000085e-05
11424,0.007006999999999999,-0.012058999999999999,-0.066994,0.0001330000000000003,-1.4000000000001858e-05,-4.900000000000737e-05
11764,0.015266,0.007253,-0.06797700000000001,-4.4000000000000636e-05,0.00012099999999999958,-0.00027399999999999647
11778,-0.014833,0.004236,-0.069453,-7.599999999999968e-05,-6.900000000000048e-05,-4.500000000000337e-05
9742,0.013558,0.008818,-0.072086,-0.00013800000000000097,0.0,-0.00011700000000000599
9738,-0.013779,-0.001983,-0.070738,-7.500000000000041e-05,6.599999999999987e-05,1.1999999999998123e-05
11800,0.009699,-0.009683,-0.066785,7.400000000000115e-05,0.00011399999999999952,0.00010899999999999799
9840,0.00819,-0.012111,-0.067471,9.299999999999933e-05,2.1000000000000185e-05,-6.0999999999991616e-05
10533,0.012701,0.004488000000000001,-0.06418800000000001,-0.00010400000000000166,0.00010699999999999946,-1.7999999999990246e-05
9763,0.0022010000000000003,0.0040490000000000005,-0.061933999999999996,2.7000000000000114e-05,0.00022099999999999898,-0.00017600000000000254
9843,0.0037890000000000003,0.007427,-0.063537,-9.000000000000024e-05,0.00016100000000000055,-3.0000000000002247e-05
9650,0.002755,-0.001874,-0.07235599999999999,7.400000000000028e-05,0.00016200000000000003,-0.00017700000000001048
11414,-0.014269,-0.010539999999999999,-0.069797,1.6999999999999654e-05,0.0002739999999999982,-4.099999999999937e-05
9882,0.008558,-0.001036,-0.070177,6.199999999999956e-05,0.00013000000000000002,-0.00011300000000000199
12443,0.008475,-0.012567,-0.06664199999999999,0.00012700000000000038,3.300000000000004e-05,-6.20000000000065e-05
9591,-0.004804,0.008565,-0.065478,4.900000000000043e-05,0.0003110000000000005,-0.00010300000000000586
10207,0.013941,0.010936999999999999,-0.068418,-3.199999999999904e-05,4.800000000000117e-05,-9.699999999999986e-05
10445,0.009666000000000001,-0.011783,-0.071164,-5.400000000000023e-05,0.00013299999999999944,-8.400000000000074e-05
9747,-0.00204,-0.006827,-0.069363,-5.199999999999996e-05,0.0002249999999999995,-0.00010000000000000286
12249,0.012936,-0.005288,-0.073984,0.00012100000000000131,-4.49999999999999e-05,-6.899999999999962e-05
11405,0.001656,0.002682,-0.069757,-9.999999999999159e-07,0.00012100000000000001,-0.00017000000000000348
9655,0.000612,0.0033929999999999997,-0.069429,1.5999999999999955e-05,0.0001420000000000002,-0.00013899999999998636
11434,-0.009423,0.001403,-0.068643,9.400000000000033e-05,3.6999999999999924e-05,-0.00010999999999999899
9721,-0.001108,0.003218,-0.071044,-1.9999999999999836e-05,0.00015600000000000032,-0.0001719999999999916
9696,-0.003075,0.003314,-0.06856,5.00000000000023e-06,0.00028299999999999983,-8.400000000001462e-05
9874,0.013273,-0.000279,-0.067405,0.0001449999999999993,0.000174,-6.699999999998374e-05
12181,0.012988,0.000544,-0.070321,-3.399999999999931e-05,8.700000000000005e-05,-0.00011600000000000499
9640,-0.000757,0.006051999999999999,-0.07030299999999999,-0.00010300000000000001,0.00013900000000000023,-0.00014700000000000824
9694,-0.00766,-0.004113,-0.070877,-2.2999999999999583e-05,0.0001429999999999999,0.00012999999999999123
9782,6.500000000000001e-05,-0.007914,-0.071816,-4.500000000000001e-05,6.299999999999882e-05,4.000000000004e-06
9797,0.012147999999999999,0.007327,-0.070674,-0.00010699999999999946,-5.3000000000000096e-05,-0.00010799999999999699
9794,0.008320000000000001,0.008364,-0.072438,-0.0001510000000000001,0.00010199999999999966,-0.0001310000000000061
9847,-0.009419,0.006522,-0.068731,-7.999999999999327e-06,-5.699999999999976e-05,-0.00010699999999999599
12422,-0.012445,0.005272000000000001,-0.07371,-7.600000000000141e-05,-8.000000000000194e-06,-3.999999999999837e-05
9796,-0.012785999999999999,0.010103999999999998,-0.06556699999999999,-2.9000000000001247e-05,1.8000000000000654e-05,1.8999999999991246e-05
10236,0.008791,0.002545,-0.07018,-0.00011000000000000072,2.8999999999999946e-05,-0.0002449999999999952
12070,-0.006855000000000001,0.009109,-0.075509,9.000000000001195e-06,3.199999999999904e-05,-0.00011799999999999311
11073,-0.004579,-0.0021160000000000003,-0.071587,7.500000000000041e-05,0.00014100000000000007,2.0000000000006124e-05
9743,-0.001599,-0.010747,-0.065946,4.199999999999994e-05,0.00032399999999999964,-0.00014999999999999736
10067,-0.010912000000000002,0.007762,-0.062952,4.300000000000137e-05,0.00017299999999999954,-6.699999999999762e-05
9804,-0.008536,0.000289,-0.064506,5.7000000000001494e-05,0.000147,4.399999999998849e-05
12061,-0.0011510000000000001,-0.0011149999999999999,-0.07014400000000001,6.7e-05,0.0002059999999999999,-7.499999999997786e-05
11791,0.009809,-0.010788,-0.070605,4.2999999999999636e-05,0.00011800000000000005,-6.0000000000004494e-05
12518,-0.006514,-0.003774,-0.067191,2.5999999999999114e-05,0.00031800000000000014,-0.00014499999999999236
9766,0.01368,0.004998,-0.073083,-0.00010199999999999966,3.300000000000004e-05,-0.00010400000000000686
9980,0.009672,0.007856,-0.07037099999999999,-0.00018400000000000014,3.199999999999904e-05,-0.0001320000000000071
12212,-0.012478,0.002238,-0.069605,-2.8999999999999512e-05,-4.300000000000007e-05,-4.899999999999349e-05
9964,0.001545,-0.010938,-0.07041700000000001,3.200000000000013e-05,5.9000000000000025e-05,-8.299999999998586e-05
11417,0.008996,0.008586,-0.064836,-6.700000000000109e-05,6.199999999999956e-05,-2.999999999998837e-05
11738,0.016495000000000003,0.001353,-0.068952,-7.200000000000609e-05,0.00021699999999999996,-0.0001719999999999916
12090,0.013715999999999999,0.001141,-0.0684,2.400000000000145e-05,2.9999999999999862e-05,-0.00010599999999999499
9853,-0.011777,-0.009064000000000001,-0.069121,8.700000000000027e-05,0.00023000000000000104,-2.000000000002e-06
10573,0.005606,-0.001619,-0.068182,0.0001380000000000001,0.00018199999999999987,-0.00012799999999998923
9679,0.003748,0.008372999999999998,-0.067423,-3.099999999999978e-05,0.00026100000000000255,-6.50000000000095e-05
9695,0.001924,-0.006186,-0.070987,-5.599999999999984e-05,0.00011299999999999939,-3.0000000000030003e-06
11304,0.005046999999999999,-0.004450999999999999,-0.069185,8.6000000000001e-05,0.0001499999999999991,-0.00015400000000000136
9170,-0.006677,0.005787,-0.068785,-5.099999999999983e-05,0.00015300000000000036,-0.0002500000000000002
9681,0.013718999999999999,0.001248,-0.07054200000000001,-2.8999999999999512e-05,8.700000000000005e-05,-0.00014199999999998936
9671,0.000422,0.001462,-0.067216,9.9999999999997e-07,0.00021100000000000003,-9.200000000000874e-05
10371,0.00932,0.0049429999999999995,-0.065962,4.000000000000531e-06,0.00019000000000000093,-5.8999999999989616e-05
9697,0.001856,0.002078,-0.06834799999999999,-1.9999999999999836e-05,0.00014800000000000013,-9.399999999999686e-05
9956,-0.001754,-0.000873,-0.066822,0.00013499999999999992,0.0003219999999999999,-0.00021699999999999497
9206,0.012028,0.010808,-0.069155,-5.300000000000096e-05,-2.0000000000002655e-06,-0.00010100000000000386
9901,0.012305,0.006479,-0.06739,-4.700000000000017e-05,3.5999999999999574e-05,-0.00021299999999999097
9673,0.001321,0.0020729999999999998,-0.06653700000000001,3.200000000000013e-05,0.00026000000000000025,-9.599999999998499e-05
10783,0.0037879999999999997,-0.00152,-0.06501,0.00019200000000000033,0.00024300000000000016,-7.300000000000362e-05
10740,0.011542,-0.001841,-0.06920699999999999,9.999999999999593e-06,9.899999999999991e-05,-3.800000000001025e-05
11803,0.0013260000000000001,0.0071449999999999994,-0.06829099999999999,-0.0001460000000000003,0.00011800000000000005,3.999999999998449e-05
10415,0.008441,0.00698,-0.066947,-0.00011900000000000105,0.00022399999999999937,-4.099999999999937e-05
9670,0.006646,0.008348000000000001,-0.068708,-0.00010600000000000019,4.9999999999980616e-06,-0.00014199999999998936
12283,0.013457,0.010029,-0.065047,-3.7000000000000574e-05,8.000000000000021e-05,-0.0003090000000000037
10005,0.013053,-0.001365,-0.064982,6.199999999999956e-05,0.00018199999999999987,-7.999999999999674e-05
9683,0.007634,-0.005292,-0.068705,0.00010799999999999959,8.899999999999967e-05,-7.099999999998774e-05
10017,-0.004346,-0.00019800000000000002,-0.071353,9.8e-05,0.00019500000000000002,-3.400000000000625e-05
9680,0.007453,0.0010680000000000002,-0.067667,5.799999999999989e-05,0.0001339999999999998,-4.500000000000337e-05
9977,0.006156,-0.003266,-0.068711,7.200000000000002e-05,0.00012899999999999977,-0.00015000000000001124
9835,-0.008706,0.004618000000000001,-0.064175,8.89999999999988e-05,0.00020499999999999945,-7.200000000000262e-05
12475,0.012386,-0.0070469999999999994,-0.070782,9.60000000000006e-05,4.8999999999999565e-05,1.8000000000004124e-05
11102,0.003049,0.008826,-0.071049,-0.0002639999999999999,-9.000000000000327e-06,-0.00012899999999999023
10367,0.011422,-0.006804999999999999,-0.06830800000000001,8.099999999999948e-05,0.0001719999999999994,-7.899999999999574e-05
10752,0.00562,-0.0050149999999999995,-0.06342199999999999,1.600000000000039e-05,0.0001559999999999999,-2.8000000000014125e-05
10756,-0.01115,0.005751,-0.067974,-9.699999999999986e-05,-1.6999999999999654e-05,-9.099999999999386e-05
10018,0.01075,-0.007329,-0.066652,4.000000000000531e-06,0.00018099999999999974,4.000000000004e-06
11107,0.013151999999999999,-0.006247,-0.067878,0.00012000000000000205,0.0001910000000000002,-0.00010200000000000486
8985,0.008297,0.010378,-0.06936,-2.8000000000000247e-05,-0.00010500000000000093,-0.0001719999999999916
11420,-0.010091,-0.0009809999999999999,-0.067741,4.200000000000037e-05,0.00026999999999999995,4.699999999999149e-05
11523,-0.007076,-0.012432,-0.06615900000000001,3.300000000000004e-05,0.0002450000000000004,-0.00010999999999999899
12062,-0.002505,-0.002183,-0.07106,0.00013699999999999997,0.0001429999999999999,-3.500000000000725e-05
9660,0.005235999999999999,0.0018089999999999998,-0.067941,-1.999999999999398e-06,4.3000000000000286e-05,-4.299999999998749e-05
10413,0.0060149999999999995,0.008482,-0.068371,-0.00010199999999999966,-3.799999999999984e-05,-0.00019199999999999773
9183,0.009401999999999999,0.0025310000000000003,-0.065853,8.000000000001062e-06,0.00016799999999999975,-4.800000000000637e-05
10129,0.014863,-0.008188,-0.07062399999999999,1.1999999999999858e-05,0.00011200000000000099,-8.200000000001262e-05
9995,-0.003156,-0.00319,-0.070892,8.600000000000014e-05,0.0001550000000000002,-2.000000000002e-06
10462,0.011260999999999998,-0.003264,-0.068497,7.600000000000141e-05,0.0001550000000000002,-9.399999999999686e-05
11773,0.010339000000000001,0.011093,-0.066423,-2.2000000000001185e-05,-5.000000000000143e-05,-4.099999999999937e-05
10082,0.00924,0.009848,-0.06662900000000001,-7.699999999999894e-05,0.00022799999999999904,-0.00014199999999998936
9724,0.00458,0.002906,-0.06675,2.7000000000000114e-05,0.0001399999999999995,-0.00010099999999998999
9675,0.008349,0.002065,-0.06821200000000001,6.599999999999835e-05,0.00014599999999999986,-2.6999999999999247e-05
10746,0.009779999999999999,0.009835,-0.06813,-0.00011299999999999852,-1.4999999999999389e-05,-9.599999999999886e-05
9764,0.00966,-0.003041,-0.067475,9.500000000000133e-05,8.199999999999961e-05,-9.800000000000086e-05
9857,0.008833,0.005579,-0.068887,-0.0001250000000000001,8.100000000000034e-05,-0.0001250000000000001
9845,0.013449,-0.007528,-0.068608,3.300000000000004e-05,0.00018199999999999987,-0.00015400000000000136
11113,0.003521,-0.007909,-0.069521,-8.999999999999894e-06,0.00015599999999999902,-7.899999999999574e-05
10157,0.001369,-0.011529999999999999,-0.073195,6.400000000000004e-05,0.00014999999999999736,-8.000000000001062e-05
9772,0.011387000000000001,-0.005534,-0.06888599999999999,4.799999999999943e-05,0.00011299999999999939,6.599999999999662e-05
