Particle,x,y,z,Vx,Vy,Vz
47721,-0.007969,-0.004144,-0.07281,0.0,0.0,0.0
46843,-0.003095,-0.003622,-0.06865099999999999,0.0,0.0,0.0
17102,-0.000222,0.012426999999999999,-0.066884,0.0,0.0,0.0
46794,-0.010532,0.008784,-0.06623,0.0,0.0,0.0
46787,5.9999999999999995e-05,0.006273,-0.061137000000000004,0.0,0.0,0.0
47858,0.002853,0.0049050000000000005,-0.063992,0.0,0.0,0.0
46275,-0.013209,0.002711,-0.068509,0.0,0.0,0.0
46818,0.002337,-0.004829,-0.065104,0.0,0.0,0.0
47731,0.011590999999999999,0.011328,-0.066591,0.0,0.0,0.0
44003,-0.002653,-0.009354,-0.07027599999999999,0.0,0.0,0.0
47813,0.000261,-0.007619,-0.063904,0.0,0.0,0.0
46498,0.010591,0.001519,-0.064846,0.0,0.0,0.0
47110,0.007051,-0.000496,-0.06983199999999999,0.0,0.0,0.0
44717,0.0056,-6.7e-05,-0.076097,0.0,0.0,0.0
47743,0.008762,-0.002419,-0.07306399999999999,0.0,0.0,0.0
47974,-0.010629,-0.005144999999999999,-0.069646,0.0,0.0,0.0
47779,0.010819,-0.008484,-0.07499800000000001,0.0,0.0,0.0
41706,-0.001332,-0.0029159999999999998,-0.071422,0.0,0.0,0.0
47423,-0.00319,0.004791999999999999,-0.073227,0.0,0.0,0.0
47144,4.1e-05,0.009334,-0.062146,0.0,0.0,0.0
47134,-0.007845,-0.009937,-0.072957,0.0,0.0,0.0
46151,-0.01067,-0.002693,-0.07548300000000001,0.0,0.0,0.0
46510,0.007611,0.002267,-0.065189,0.0,0.0,0.0
47091,0.006288,-0.00108,-0.07291800000000001,0.0,0.0,0.0
47895,0.005631000000000001,-0.001003,-0.061574,0.0,0.0,0.0
47187,0.009980000000000001,0.011674,-0.061844,0.0,0.0,0.0
45832,0.015637,-0.006601,-0.07234600000000001,0.0,0.0,0.0
46539,-0.007482,-0.012577999999999999,-0.06704900000000001,0.0,0.0,0.0
46315,-0.001231,0.011292,-0.061017,0.0,0.0,0.0
46893,-0.014487,0.008706,-0.077092,0.0,0.0,0.0
46798,-0.001129,-0.001818,-0.07172400000000001,0.0,0.0,0.0
47308,0.01285,0.011462,-0.061095,0.0,0.0,0.0
47135,-0.010010999999999999,-0.011241,-0.075507,0.0,0.0,0.0
47401,-0.009693,-0.005149,-0.07560800000000001,0.0,0.0,0.0
46164,0.017428000000000003,-0.002341,-0.075362,0.0,0.0,0.0
44320,0.01126,0.0047859999999999995,-0.063455,0.0,0.0,0.0
47600,0.010534,-0.000131,-0.062113,0.0,0.0,0.0
47844,0.008028,0.006404,-0.064583,0.0,0.0,0.0
47932,-0.013215999999999999,0.011619999999999998,-0.064426,0.0,0.0,0.0
46957,0.010865999999999999,-0.011720000000000001,-0.060737,0.0,0.0,0.0
44004,-0.006073,-0.003699,-0.07142799999999999,0.0,0.0,0.0
43513,-0.010886,0.00212,-0.073774,0.0,0.0,0.0
47778,0.011172000000000001,-0.004477,-0.075224,0.0,0.0,0.0
47806,-0.007477,0.009739000000000001,-0.07669100000000001,0.0,0.0,0.0
47725,-0.004673,-0.010901,-0.06626800000000001,0.0,0.0,0.0
46514,0.012853999999999999,0.003655,-0.065426,0.0,0.0,0.0
44142,0.015184,0.000214,-0.067793,0.0,0.0,0.0
47437,0.012814,0.003487,-0.061503999999999996,0.0,0.0,0.0
47767,0.013356,0.005353,-0.066635,0.0,0.0,0.0
47811,-0.010641,-0.012365000000000001,-0.068388,0.0,0.0,0.0
47494,0.011764,-0.005983,-0.060686,0.0,0.0,0.0
47616,0.014789,-0.009089,-0.064334,0.0,0.0,0.0
47866,-0.005988,0.012511,-0.071286,0.0,0.0,0.0
46870,-0.010296,0.010368,-0.062319,0.0,0.0,0.0
47939,0.010637,-0.011042,-0.06492400000000001,0.0,0.0,0.0
47985,0.011835,-0.007008,-0.06623699999999999,0.0,0.0,0.0
44642,0.005860000000000001,0.004668,-0.070691,0.0,0.0,0.0
34728,-0.000129,0.01257,-0.06583,0.0,0.0,0.0
45016,0.009078,0.001325,-0.073527,0.0,0.0,0.0
46093,-0.013196,-0.004799,-0.07582299999999999,0.0,0.0,0.0
47125,0.013042999999999999,0.010671,-0.060939,0.0,0.0,0.0
47674,-0.009805999999999999,0.012166999999999999,-0.07689,0.0,0.0,0.0
46526,0.013429,0.012152,-0.072074,0.0,0.0,0.0
45548,0.017731999999999998,0.01207,-0.07170399999999999,0.0,0.0,0.0
46476,-0.000472,0.007345,-0.06807899999999999,-2.3000000000000017e-05,0.00010700000000000032,-4.800000000000637e-05
45626,-0.006422,0.003006,-0.070949,9.8e-05,0.0001010000000000004,-0.00038200000000000733
48052,0.0058449999999999995,-0.004885,-0.069934,0.0002530000000000006,0.00015899999999999942,-0.0005870000000000042
47522,0.008894,0.010303000000000001,-0.06833199999999999,7.300000000000015e-05,-1.000000000001e-06,-9.400000000001074e-05
45547,0.011134999999999999,-0.004113,-0.073042,0.0002470000000000007,-3.799999999999984e-05,-0.00032400000000000484
48133,0.005984,0.0005639999999999999,-0.060984000000000003,-6.299999999999969e-05,0.00022400000000000013,-0.0005119999999999986
48176,0.008664,-0.004033,-0.06889100000000001,0.0002009999999999998,0.0001879999999999998,-0.0005339999999999928
42234,-0.001095,0.013042,-0.067233,-7.999999999999999e-05,7.399999999999941e-05,0.00012100000000000999
47738,-0.013096,0.001699,-0.068376,0.0002409999999999999,0.00018599999999999997,3.500000000000725e-05
45517,3.7e-05,-0.012736,-0.067289,0.00022099999999999998,-5.10000000000007e-05,-0.0001310000000000061
44916,0.005986,-0.000526,-0.07063599999999999,0.00015200000000000023,0.00012599999999999997,-0.00040000000000001146
48096,0.003139,0.006332,-0.061052999999999996,0.00014100000000000007,8.5e-05,-4.000000000000531e-05
47833,-0.006431,0.002678,-0.07463800000000001,8.5e-05,0.00014400000000000003,-0.0002849999999999936
48230,-0.003975,0.004719999999999999,-0.078801,7.800000000000038e-05,0.00014200000000000063,-0.0001300000000000051
45270,-0.001874,0.00587,-0.07298,-5.000000000000013e-06,0.00027200000000000054,-7.200000000000262e-05
48094,0.011728,0.008693,-0.071351,0.00012099999999999958,0.00016000000000000042,-0.0002370000000000011
48076,0.005207,0.001859,-0.06840900000000001,0.0002310000000000003,0.0002049999999999999,-0.0004649999999999793
45510,0.001472,-0.007450999999999999,-0.07324299999999999,0.00021999999999999993,4.099999999999937e-05,-0.0001930000000000126
44899,0.00040699999999999997,0.000883,-0.071215,0.00012900000000000005,0.000205,-0.00037500000000000033
48055,0.000158,-0.007004,-0.064796,0.000232,-9.900000000000013e-05,-0.0003569999999999962
45543,-0.006339,-0.001938,-0.073684,2.9999999999999645e-05,0.0003439999999999999,-2.2000000000008124e-05
48158,-0.014387,-0.00436,-0.07460299999999999,4.700000000000017e-05,0.00028999999999999946,-0.0001250000000000001
47754,0.006126,0.000704,-0.07712300000000001,0.00017399999999999968,0.00015899999999999996,-0.00015399999999998748
48060,-0.001035,-0.006469,-0.06382800000000001,9.199999999999996e-05,5.099999999999983e-05,-0.0005729999999999902
48239,-0.004123,-0.010893,-0.057567,-5.199999999999996e-05,0.0002260000000000005,0.00016299999999999648
47793,0.016352000000000002,-0.009662,-0.066691,3.199999999999731e-05,4.300000000000137e-05,-0.00017600000000000948
46285,-0.014701,0.005898,-0.071347,9.70000000000016e-05,0.00029299999999999986,-0.00033500000000000196
48264,0.005862,0.000808,-0.062635,-7.200000000000002e-05,0.000161,-0.00045000000000000595
47949,0.000643,-0.001847,-0.05792,0.00025600000000000004,9.699999999999986e-05,-0.00028700000000000253
48138,0.004253,-0.012792,-0.07123,0.0002249999999999995,0.00020899999999999912,1.000000000001e-06
48102,-0.013272,0.011663999999999999,-0.065899,4.900000000000043e-05,3.0000000000002247e-05,-6.0000000000060005e-06
47273,0.017144,0.005405999999999999,-0.07238599999999999,0.00016700000000000048,0.00010900000000000059,-9.400000000001074e-05
47168,0.007718,-0.012063,-0.065258,0.00025600000000000015,-5.899999999999829e-05,0.00016299999999999648
35113,0.01396,0.006886,-0.071078,0.00014199999999999977,0.00014000000000000037,-0.00027900000000000147
41649,0.003879,-0.008395,-0.071431,0.0001889999999999995,7.899999999999921e-05,-0.00032600000000000684
47143,-0.007114,-0.009764,-0.067729,8.99999999999998e-05,8.999999999998592e-06,-0.0004030000000000006
47037,0.0006820000000000001,-0.002917,-0.069009,0.0003269999999999998,0.00022199999999999998,-0.00016399999999999748
46290,-0.005861,0.006175,-0.07753600000000001,6.199999999999956e-05,0.00016100000000000055,-9.499999999999786e-05
48376,0.013003,-0.002871,-0.060437,0.0003049999999999997,-3.799999999999984e-05,3.899999999999737e-05
48198,-0.012735,-0.009166,-0.076947,3.5999999999999574e-05,0.00022400000000000024,0.00028100000000000347
48335,-0.0013189999999999999,0.008256,-0.065995,-3.000000000000008e-05,6.800000000000035e-05,0.0001820000000000016
46866,-0.010397,-0.001682,-0.064687,0.0002900000000000003,0.00022099999999999984,4.599999999999049e-05
46501,-0.005724,-0.008981,-0.07045799999999999,4.700000000000017e-05,0.00013199999999999844,-0.0005170000000000036
47492,0.010339000000000001,0.012577,-0.06913,0.00010499999999999919,-0.00017,0.00010199999999999099
47751,-0.004456000000000001,-0.009378000000000001,-0.06344899999999999,8.300000000000061e-05,3.0000000000000512e-05,-0.00010700000000000986
46832,0.004535999999999999,0.000449,-0.063293,6.300000000000056e-05,0.00015900000000000002,-0.0004709999999999992
47160,-0.0043419999999999995,0.002404,-0.077736,-0.00010000000000000026,0.0003120000000000002,-0.00031699999999999784
47849,0.012407999999999999,-0.006293,-0.075938,0.0001020000000000014,8.99999999999998e-05,-0.00044499999999998707
48111,-0.002024,-0.010019,-0.067651,0.00015000000000000018,4.5999999999999167e-05,0.0
48145,-0.001139,0.009195,-0.061274999999999996,0.00020600000000000002,4.1000000000001105e-05,-0.00019100000000000367
48161,0.0025670000000000003,0.009366,-0.063567,1.9999999999998318e-06,0.00021400000000000065,0.0002550000000000052
48207,-0.006671,0.006781,-0.061425,0.000196,0.00024000000000000063,3.100000000000325e-05
46811,0.014751,-0.008099,-0.073213,-2.599999999999998e-05,2.999999999999531e-06,-0.00044000000000000983
48244,-0.010087,-0.01244,-0.072446,0.00015400000000000136,0.00010199999999999966,-7.00000000000145e-05
48286,0.007813,-0.012809,-0.074944,8.5e-05,-6.000000000000796e-06,-0.00021300000000000485
48287,0.016457999999999997,0.008058,-0.069152,0.0001490000000000033,0.0002630000000000011,-0.00018899999999999473
48294,0.014381,-0.009755000000000002,-0.06300800000000001,6.199999999999956e-05,-4.3999999999997166e-05,-0.00010499999999999399
47360,0.006503,-0.001428,-0.075298,0.0002649999999999996,0.00010099999999999996,-0.0002879999999999966
48312,0.0054800000000000005,0.0021019999999999997,-0.071445,0.00016299999999999908,0.00013800000000000054,-0.00025599999999999234
40720,-0.000206,-0.0062900000000000005,-0.073292,0.00014099999999999998,3.4000000000000176e-05,-0.00015899999999999248
47430,-0.005995,-0.011964,-0.067751,9.49999999999996e-05,9.10000000000008e-05,0.00015500000000000236
47505,-0.015077,-0.01124,-0.07437300000000001,6.399999999999982e-05,0.0003130000000000008,9.499999999999786e-05
47555,0.009759,-0.009323,-0.063361,0.0002489999999999992,8.000000000000021e-05,0.00014500000000000624
43381,0.003979,-0.001391,-0.06497700000000001,0.0001540000000000005,9.900000000000013e-05,-0.0002319999999999961
47800,-0.006031,-0.011701000000000001,-0.065704,0.0002530000000000006,2.300000000000045e-05,-0.00025899999999999535
48425,0.012726000000000001,0.0037879999999999997,-0.065991,0.00011299999999999852,0.00017200000000000028,-9.600000000001274e-05
39835,0.005928,0.004197,-0.071118,0.00020300000000000006,7.699999999999981e-05,-0.00033700000000000396
48457,-0.001512,-0.005395,-0.065864,0.0002760000000000002,0.0001590000000000003,-0.0006149999999999906
44909,-0.008865999999999999,0.009196999999999999,-0.065839,3.799999999999984e-05,0.00012800000000000138,-0.00016100000000000836
43410,-0.009576000000000001,-0.000183,-0.07492499999999999,9.500000000000133e-05,0.000109,-0.0001360000000000111
48245,0.0056,-0.00786,-0.073159,0.00020999999999999925,9.000000000000327e-06,-0.00022199999999999998
45672,0.005208999999999999,-0.000893,-0.064893,0.00015100000000000096,0.00019800000000000004,-0.0005479999999999929
46858,-0.005837,-0.004746,-0.073009,7.400000000000028e-05,0.00017400000000000054,-2.8000000000000247e-05
47500,0.013787,-0.000262,-0.064744,5.299999999999923e-05,0.00034,4.200000000000037e-05
46339,0.015067,0.001871,-0.066705,-3.300000000000004e-05,0.00025799999999999977,-0.00011099999999999999
48426,-0.00698,-0.00196,-0.064354,0.0001910000000000002,0.0001510000000000001,-0.0004940000000000083
48648,0.015953,0.008496,-0.070309,0.00029100000000000306,8.299999999999974e-05,-0.0002990000000000076
48445,0.017241,-0.010546,-0.071202,0.00014999999999999736,-1.2999999999999123e-05,-0.00010699999999999599
48699,0.009401,-0.006954,-0.070002,0.0002950000000000001,7.700000000000068e-05,-0.00019399999999999973
48505,-0.012885,0.000426,-0.077596,0.00018500000000000114,0.00014699999999999994,-1.7000000000003124e-05
43374,-0.0014810000000000001,0.012321,-0.070123,-0.00011099999999999999,0.00020000000000000052,-4.099999999999937e-05
46230,-0.005836,0.003442,-0.062269,0.00022099999999999984,0.0002499999999999998,-0.00011100000000000693
43700,0.015744,0.001118,-0.06819499999999999,8.000000000000021e-05,0.0002149999999999999,-5.500000000001337e-05
48563,0.017145,-0.0065439999999999995,-0.065211,0.00013699999999999823,-5.400000000000023e-05,-0.0003500000000000031
45232,0.005793,-0.007812,-0.069493,0.0002219999999999991,0.00010700000000000032,-0.0002960000000000046
48153,0.017623,0.009721,-0.067383,0.00013100000000000264,0.00021400000000000065,-0.0001850000000000046
42041,0.008927,0.00578,-0.062978,0.0001260000000000011,0.00010499999999999919,5.8000000000002494e-05
47180,0.011189,-0.008349,-0.061979,0.00010300000000000066,9.60000000000006e-05,-0.00020000000000000573
48534,-0.003833,0.012539999999999999,-0.061143,-8.300000000000017e-05,0.00027800000000000047,0.00013799999999999923
48410,0.005369,-0.003561,-0.070405,0.00019600000000000086,0.00021399999999999978,-0.0006589999999999929
40997,-0.003585,0.011897999999999999,-0.073172,6.300000000000012e-05,0.00021200000000000038,1.5000000000001124e-05
48611,0.013470000000000001,0.00062,-0.07451,2.7999999999998512e-05,5.7000000000000084e-05,-0.00030999999999999084
48409,-0.000259,0.002045,-0.07457,7.800000000000003e-05,0.00030400000000000045,-0.0003520000000000051
47815,0.011260999999999998,0.012131,-0.062174,0.00013000000000000164,-0.0001339999999999987,5.200000000000343e-05
48580,-0.011649,-0.0008629999999999999,-0.06480899999999999,0.0003980000000000008,0.000264,-5.6000000000000494e-05
48571,-0.008106,0.00758,-0.07218000000000001,0.00015800000000000015,0.0003519999999999999,-0.00015799999999999148
47431,-0.0007199999999999999,0.010381,-0.064951,-0.00018000000000000004,7.900000000000094e-05,0.00020499999999999685
48363,0.003373,0.002994,-0.07722499999999999,0.00023599999999999966,0.00019400000000000016,-0.00023700000000001498
46653,0.01423,-0.009760999999999999,-0.06343800000000001,0.00010300000000000066,3.999999999998796e-06,-5.6999999999987616e-05
48508,0.010901999999999998,0.0070940000000000005,-0.07084,0.00019600000000000173,8.899999999999967e-05,-0.0003419999999999951
47799,-0.003286,0.007744,-0.064508,-3.100000000000021e-05,0.00013399999999999957,-5.200000000001037e-05
41416,0.011987,-0.010159000000000001,-0.064145,0.00014899999999999983,0.00012300000000000158,-0.00010400000000000686
47771,-0.001849,0.007113,-0.059875,0.00020700000000000015,0.0002360000000000001,-0.00020300000000000873
47747,-0.011768,0.0020350000000000004,-0.062392,0.00021700000000000018,0.00014899999999999983,0.00017400000000000054
48601,0.004921,-0.010157,-0.07112399999999999,0.0001529999999999995,3.099999999999978e-05,-0.00024000000000001798
46867,0.007994,-0.007485,-0.07472799999999999,0.0003309999999999997,0.00016799999999999975,-0.00012000000000000899
44658,-0.010981999999999999,0.002805,-0.074242,0.00010399999999999819,0.00011699999999999992,-8.500000000000174e-05
48394,-0.004801000000000001,-0.011304999999999999,-0.06755,0.0003080000000000001,2.8000000000000247e-05,-0.0003389999999999921
48406,-0.010567,0.013115,-0.065313,-8.099999999999948e-05,0.00018699999999999967,0.0001689999999999886
44687,-0.003467,0.013127000000000002,-0.066511,-3.300000000000004e-05,0.00016399999999999922,0.00016199999999999548
48407,-0.0069050000000000005,0.0011799999999999998,-0.061258,0.00035400000000000015,0.00030100000000000027,1.4000000000000123e-05
42218,-0.011729,0.012432,-0.06881699999999999,3.4999999999998574e-05,0.00018799999999999893,5.6000000000000494e-05
43462,0.016109000000000002,0.011918,-0.07148,0.00017700000000000007,7.599999999999968e-05,-0.00018899999999999473
47758,0.01132,0.011609999999999999,-0.066005,0.00016000000000000042,-0.00011499999999999878,0.0001850000000000046
46891,0.0011719999999999999,-0.000248,-0.063406,0.00018400000000000014,0.00010200000000000001,-7.299999999998974e-05
48274,-0.006776,0.00035299999999999996,-0.06777899999999999,0.00011099999999999999,0.00028900000000000003,-0.0005750000000000061
46682,-0.0050019999999999995,-0.009375999999999999,-0.070169,6.799999999999948e-05,0.00011800000000000005,-0.0003419999999999951
48450,0.00839,0.009796,-0.061494999999999994,-9.000000000000327e-06,0.00011200000000000099,0.00010699999999999599
47946,0.012406,0.001435,-0.072894,0.0002660000000000006,0.00023799999999999993,-0.00022199999999999998
48360,-0.00647,0.002919,-0.066282,6.499999999999995e-05,0.00020699999999999972,-0.0003100000000000047
48495,0.003195,-0.011835,-0.062361,0.00016400000000000008,-1.899999999999992e-05,3.100000000000325e-05
48503,-0.009336,-0.00471,-0.07622,0.00011200000000000099,0.00015499999999999976,-0.00016900000000000248
47286,-0.001178,0.0026070000000000004,-0.069875,0.00011399999999999995,0.0001269999999999995,-0.0003989999999999966
46920,0.001147,-0.005828000000000001,-0.06654,0.0004730000000000001,0.0002470000000000007,-0.00022900000000000698
44729,-0.008226,-0.00903,-0.06733499999999999,0.0002859999999999998,0.0001860000000000004,2.2999999999995246e-05
48553,-0.005586000000000001,0.007952,-0.063595,4.200000000000124e-05,0.0001239999999999991,-7.899999999999574e-05
48064,-0.008054,-0.006501000000000001,-0.068301,0.00017799999999999934,0.00029700000000000126,-0.0001679999999999876
48600,-0.008509000000000001,0.013147,-0.059948,-9.900000000000013e-05,0.00013599999999999897,3.399999999999931e-05
39337,0.018186,0.006064,-0.0705,0.0001789999999999986,0.00019500000000000073,-0.00015099999999999836
48307,0.01055,-0.009648,-0.062209,0.0001250000000000001,9.20000000000018e-05,-8.69999999999968e-05
48651,0.003035,0.011418,-0.06585500000000001,-8.300000000000017e-05,8.000000000000021e-05,-0.00010299999999999199
48682,0.014766999999999999,-0.0034969999999999997,-0.072842,0.00010300000000000066,0.00015099999999999966,-0.00021300000000000485
48711,-0.0039700000000000004,-0.010135,-0.077207,0.00010700000000000032,0.00016099999999999969,1.4000000000000123e-05
45752,0.012846999999999999,-0.009661,-0.072881,5.199999999999996e-05,0.00010600000000000019,-0.00016399999999999748
43388,0.000973,-0.002337,-0.07046899999999999,0.000254,0.00022600000000000007,-0.00013699999999999823
48190,-0.014414,-0.0037240000000000003,-0.076614,-8.000000000001062e-06,0.00017500000000000024,-0.0002469999999999972
46163,0.006558,-0.00302,-0.064218,0.00037199999999999993,1.7000000000000088e-05,-0.00045500000000001095
48062,-0.00111,-0.004165,-0.071275,0.00025200000000000005,0.00011000000000000072,-0.00019699999999998885
48087,-0.00013800000000000002,-0.007543,-0.068243,0.00013400000000000003,6.000000000000016e-05,-0.00017000000000000348
45258,-4.7e-05,-0.008335,-0.06779099999999999,0.000123,4.0000000000000105e-05,-0.00026800000000000435
48393,0.002822,0.003018,-0.072385,8.299999999999974e-05,0.000258,-0.00019299999999999873
42020,-0.015022,-0.003644,-0.075745,-4.700000000000017e-05,0.00021700000000000018,-0.0001820000000000016
47729,-0.002749,-0.008010999999999999,-0.066253,1.299999999999999e-05,0.0001449999999999993,-0.0003399999999999931
46986,-0.01104,0.001139,-0.069893,0.00017199999999999854,0.000183,-0.0002959999999999907
42902,-0.008609,0.005804,-0.07194199999999999,5.9000000000000025e-05,0.000307,-0.00033700000000000396
46236,-0.009412,0.008021,-0.0621,4.4000000000000636e-05,0.0002509999999999995,-1.9999999999950613e-06
47094,-0.014824,-0.0011120000000000001,-0.076356,0.00013299999999999944,0.0002540000000000001,-0.00017200000000001936
47418,0.003764,0.005058,-0.062439999999999996,0.00023200000000000044,8.600000000000014e-05,-0.0001320000000000071
45468,0.005764999999999999,0.0051790000000000004,-0.061496,9.700000000000073e-05,3.099999999999978e-05,-0.00010700000000000293
44635,0.005554,-0.011528,-0.069467,0.00010699999999999946,1.600000000000039e-05,-6.40000000000085e-05
45913,0.007816,-0.01045,-0.073235,9.900000000000013e-05,0.00010600000000000019,-0.00012000000000000899
48432,-0.012312,0.00575,-0.06613200000000001,2.499999999999898e-05,0.0001349999999999997,-0.0002149999999999791
47854,-0.002398,0.000111,-0.072923,0.00025299999999999975,0.000194,-0.0003130000000000077
46553,0.001742,-0.007851,-0.062639,-0.00011099999999999999,0.00011700000000000078,-0.00022900000000000698
47723,-0.0015940000000000001,-0.003307,-0.06947400000000001,0.00021200000000000017,0.00021799999999999988,-0.00014399999999999136
37358,0.012315,0.009111000000000001,-0.071665,0.00023900000000000136,0.0002479999999999982,-0.00026699999999998947
48400,-0.005619,0.009044,-0.062102,8.000000000000194e-06,0.0002630000000000011,-1.3000000000006062e-05
46292,-0.008474,0.011154,-0.064503,-3.8999999999999105e-05,0.00021700000000000018,-8.299999999999974e-05
48132,0.000794,-0.005634,-0.061041,0.0002050000000000001,-3.799999999999984e-05,-0.0005530000000000049
47151,-0.0103,-0.006660999999999999,-0.06508499999999999,0.0002610000000000008,0.00021899999999999958,-3.400000000000625e-05
47165,0.013760999999999999,0.012357,-0.072604,-7.699999999999894e-05,-5.999999999999929e-05,-0.00010200000000000486
40008,0.002951,-0.0065049999999999995,-0.071291,0.00016800000000000018,-1.600000000000039e-05,-8.200000000001262e-05
45301,-0.0042309999999999995,0.011380000000000001,-0.07123600000000001,2.9999999999999645e-05,0.0003349999999999985,1.1000000000011001e-05
48310,-0.0011339999999999998,-0.005546000000000001,-0.06082,0.00018099999999999985,0.00025900000000000055,-0.0004919999999999994
47746,0.002994,-0.007729,-0.07215,0.0001780000000000002,4.100000000000024e-05,-0.00018299999999998873
48668,-0.006886,0.004113,-0.068182,9.400000000000033e-05,0.0002569999999999994,-0.0002540000000000042
48072,-0.003516,-0.002157,-0.0725,0.00016299999999999995,0.00024400000000000008,-0.0002570000000000072
36082,0.00709,0.002598,-0.07309600000000001,0.00017299999999999954,0.00012899999999999977,-0.00023699999999998722
43688,0.008409000000000002,0.003277,-0.073306,0.00020899999999999912,0.00015999999999999999,-0.0002889999999999976
48617,-0.0047220000000000005,-0.01148,-0.07441500000000001,0.00016700000000000048,0.00013699999999999997,-0.00019899999999999085
48344,0.015655,-0.000924,-0.063896,0.00010600000000000193,0.000281,-0.00015400000000000136
45276,-0.0030169999999999997,-0.003003,-0.074751,5.899999999999959e-05,8.099999999999991e-05,-0.00020900000000000085
48419,0.004562,0.010478,-0.062564,-0.0001250000000000001,0.00014000000000000123,3.599999999999437e-05
22358,0.013717,0.006319,-0.074029,0.0001760000000000008,7.000000000000062e-05,-0.00028300000000000547
47093,0.008614,-0.010001,-0.072571,0.00019199999999999946,0.0,-0.00021300000000000485
48412,-0.001264,0.0077859999999999995,-0.065922,-0.00012700000000000016,9.60000000000006e-05,-8.100000000001162e-05
41665,0.012813000000000001,-0.005636,-0.06926500000000001,4.999999999999796e-05,0.00012600000000000024,-0.00024299999999999322
48437,-0.015578,0.010185000000000001,-0.074459,7.000000000000062e-06,0.0003519999999999999,-0.0001270000000000021
48192,-0.014372999999999999,0.0071319999999999995,-0.06979300000000001,0.00012799999999999964,0.00027500000000000094,-0.00018599999999999173
46184,-0.006097,-0.009549,-0.07202299999999999,9.599999999999973e-05,-2.199999999999945e-05,-0.00026500000000000135
48639,0.014334,-0.006623,-0.071562,-5.10000000000007e-05,-6.499999999999909e-05,-0.0003039999999999987
46508,0.008078,-0.006435,-0.069053,0.00018899999999999993,4.99999999999997e-05,-0.00026299999999999935
43450,0.011798999999999999,-0.011828,-0.068658,0.0003020000000000019,-0.00011300000000000025,-3.099999999998937e-05
47737,-0.008901,0.007692999999999999,-0.077646,1.1999999999999858e-05,0.00024200000000000003,-0.00016399999999999748
48321,-0.0069370000000000005,-0.012702,-0.064857,0.0003600000000000001,0.00027299999999999894,-6.499999999999562e-05
47211,0.012563000000000001,-0.009064000000000001,-0.062872,0.00016099999999999969,4.900000000000043e-05,-0.00011300000000000199
44534,0.003369,-0.001567,-0.062796,0.00025200000000000005,7.299999999999993e-05,-0.0001729999999999926
47460,0.00022,0.00066,-0.069537,4.400000000000001e-05,0.00019899999999999996,-0.00032300000000000384
43701,0.015747,0.00461,-0.074825,0.00021300000000000138,0.0001769999999999992,-0.0003039999999999987
47736,0.011130000000000001,-0.005078,-0.074961,0.00019699999999999926,0.00010999999999999985,-0.00032200000000000284
48451,-0.01326,0.001002,-0.067693,0.00037399999999999933,0.0003129999999999999,-3.599999999999437e-05
47631,0.011548,-0.0022559999999999998,-0.069302,7.900000000000094e-05,0.00027399999999999994,-0.0002360000000000001
47425,0.009955,-0.004454,-0.067122,0.00037400000000000107,4.399999999999977e-05,-0.0004259999999999958
47408,0.0024860000000000004,0.009263,-0.060467,4.59999999999996e-05,0.00020599999999999959,-2.9999999999960614e-06
48166,-0.000442,-0.002045,-0.071592,0.000169,4.9e-05,-0.0002819999999999906
27266,-4.4999999999999996e-05,0.011603,-0.07331499999999999,-0.000129,0.0001399999999999995,-1.5000000000001124e-05
46480,-0.0064800000000000005,0.010744,-0.06343800000000001,-0.00010099999999999953,0.0002420000000000009,5.4999999999999494e-05
44002,-0.009345000000000001,0.010953,-0.06295100000000001,-8.599999999999754e-05,0.00021799999999999944,1.9000000000005124e-05
43412,0.014342,0.003373,-0.066293,8.6000000000001e-05,0.0002500000000000002,-0.00010899999999999799
46806,-0.001044,-0.006642,-0.067825,0.000192,0.00015700000000000002,-0.0003080000000000027
47475,0.006766,-0.000323,-0.061792,6.199999999999956e-05,0.00025,-0.0005450000000000038
48537,-0.0015149999999999999,-0.008592,-0.058436,-0.00023300000000000013,0.0001250000000000001,-0.000447999999999997
46152,-0.01002,-0.0030800000000000003,-0.068385,8.000000000000021e-05,6.600000000000052e-05,-0.00021899999999999697
48127,0.004871,0.011786,-0.070924,-0.00010399999999999993,4.200000000000037e-05,-0.00016199999999999548
41703,-0.001321,0.004102000000000001,-0.076333,0.00020600000000000002,0.0002459999999999988,-0.0004030000000000006
45835,0.002657,-0.005194,-0.070727,0.00018499999999999983,3.5999999999999574e-05,-0.0001330000000000081
43731,0.010188000000000001,-0.001093,-0.07293000000000001,0.00032299999999999864,2.6999999999999897e-05,-0.00024799999999998434
44010,0.003271,-0.011113,-0.071744,0.00012399999999999998,0.00011399999999999952,-0.00019600000000000173
39521,0.007032,0.004288999999999999,-0.06893200000000001,0.00016600000000000035,3.199999999999991e-05,-0.00021799999999999597
28193,-0.0006360000000000001,0.011571999999999999,-0.070633,-0.00012299999999999995,0.00016900000000000075,3.300000000000525e-05
47263,-0.00328,-0.00789,-0.066486,-9.000000000000327e-06,0.00019599999999999913,-0.00032799999999999496
37366,0.011583999999999999,0.008824,-0.06507299999999999,2.700000000000098e-05,7.099999999999988e-05,-1.8000000000004124e-05
47537,-0.015631,0.009104,-0.073161,0.00014499999999999756,0.0002380000000000021,-0.00023699999999998722
44060,0.006938,-0.0042309999999999995,-0.07502800000000001,0.0002500000000000002,6.999999999999194e-06,-0.0004129999999999967
44307,0.011371000000000001,-0.007122,-0.066646,0.0003459999999999991,-5.3000000000000096e-05,-0.00015199999999999936
48401,0.003199,-0.008452,-0.064466,9.599999999999973e-05,5.4999999999999494e-05,-4.100000000001325e-05
48163,-0.011487,-0.010088,-0.062731,0.00014400000000000003,0.00013099999999999917,-3.400000000000625e-05
45127,0.013832,-0.010608000000000001,-0.072249,0.00016599999999999948,6.800000000000209e-05,-0.00032600000000000684
48150,-0.015994,-0.006575,-0.072237,0.00010800000000000046,0.00038400000000000066,-2.3000000000009124e-05
44006,0.0052179999999999995,-0.001379,-0.07278799999999999,0.00027700000000000034,0.00011400000000000017,-0.0004760000000000042
46513,0.013263,-0.009720000000000001,-0.072548,5.300000000000096e-05,-2.999999999999531e-06,-0.00019600000000000173
42552,0.002796,0.012164999999999999,-0.071605,-0.00017599999999999994,0.00014300000000000077,6.799999999999862e-05
48557,-0.013211,-0.010542999999999999,-0.07137399999999999,0.0002989999999999989,0.0002129999999999979,-0.0002560000000000062
48626,0.002411,-0.010404,-0.075663,0.0001690000000000003,7.099999999999988e-05,-7.400000000000462e-05
45324,-0.006248,-0.009616,-0.06926399999999999,7.399999999999941e-05,0.0002249999999999995,-0.00015300000000001424
46817,-0.006928,-0.010862,-0.071132,0.00016400000000000008,0.00011500000000000052,-4.700000000000537e-05
47502,0.0091,0.0022010000000000003,-0.061881,5.199999999999823e-05,8.99999999999998e-05,-2.8000000000000247e-05
47415,0.009605,-0.001276,-0.067092,0.0001389999999999985,-7.099999999999988e-05,-0.0001860000000000056
47279,-0.003959,-0.012257,-0.074174,0.0001969999999999997,7.300000000000188e-05,-0.00019099999999999673
44982,0.009948,0.004767,-0.07513800000000001,0.0002189999999999987,0.00011599999999999978,-0.0003379999999999911
48121,0.002964,0.012691000000000001,-0.06344,-0.00011300000000000025,0.00011099999999999825,0.00019299999999999873
48211,0.017256,-0.005241,-0.066778,2.1999999999997716e-05,-5.099999999999983e-05,-0.00025799999999999434
48375,-0.004595,-0.004503999999999999,-0.076222,8.700000000000027e-05,0.0001559999999999999,-0.00017000000000000348
48709,-0.009545,-0.00457,-0.07234600000000001,4.89999999999987e-05,0.00011900000000000105,-0.00026699999999998947
44187,-0.011726,0.002624,-0.07465000000000001,0.0,0.00017700000000000007,-0.00010599999999999499
48526,-0.009342000000000001,0.0038740000000000003,-0.077509,6.200000000000129e-05,0.00015799999999999972,-0.00020600000000001173
47881,-0.00771,0.008635,-0.078094,-8.600000000000014e-05,0.0002559999999999993,-0.00012100000000000999
45222,0.00021799999999999999,-0.006101,-0.075257,0.000261,0.00016499999999999935,-0.00012299999999998423
44372,-0.008302,-0.010345,-0.06800400000000001,0.0,0.00013900000000000023,-0.00013099999999999223
48489,0.004255,0.00127,-0.063564,1.899999999999992e-05,0.00025699999999999985,-0.0005200000000000066
48403,0.003232,-0.010119999999999999,-0.062552,-5.999999999999929e-06,6.299999999999882e-05,-5.0000000000050004e-06
47820,-0.011788999999999999,-0.008157,-0.062004,0.0001999999999999988,0.00015699999999999915,-6.900000000000656e-05
45542,-0.0044,-0.008942,-0.06708199999999999,-0.00012299999999999985,3.7000000000000574e-05,-0.00027100000000000735
44931,0.011083,0.009534,-0.070478,0.000168999999999999,7.599999999999794e-05,-0.00015900000000000636
46907,0.002388,0.012095,-0.064828,-0.00011499999999999965,0.0001570000000000009,6.599999999999662e-05
46802,-0.003985,-0.001627,-0.07207899999999999,0.00020199999999999992,0.00030099999999999984,-0.00021700000000002273
44691,0.0009429999999999999,-0.009843999999999999,-0.073595,0.00013200000000000006,8.199999999999874e-05,-8.100000000001162e-05
47508,0.013275,-0.012556,-0.066744,5.699999999999976e-05,1.9999999999985307e-06,-0.00010599999999999499
45842,0.003593,0.00456,-0.070923,0.00010500000000000006,0.00024799999999999996,-0.00014799999999999536
48167,-0.015731,-0.000296,-0.072489,-4.49999999999999e-05,0.00021299999999999997,-0.00011099999999999999
44337,-0.010827,0.01083,-0.066233,0.00012099999999999958,0.00020500000000000032,4.999999999999449e-05
48356,0.011082000000000002,0.000929,-0.074327,0.0001999999999999988,0.00019599999999999989,-0.00036199999999998733
48135,-0.001547,-0.008039,-0.07038,0.00016599999999999991,0.0002189999999999987,-0.00013099999999999223
43075,0.003823,-0.009471,-0.068319,0.00018899999999999993,6.700000000000109e-05,-0.00012999999999999123
46486,-0.001119,0.010537000000000001,-0.063042,-0.00010300000000000001,7.099999999999988e-05,8.899999999999186e-05
44941,0.0053360000000000005,-0.0043360000000000004,-0.07693000000000001,0.00016299999999999908,4.49999999999999e-05,-0.00016999999999997573
48057,-0.003891,0.010393000000000001,-0.063647,-0.000147,0.00022199999999999824,0.00011200000000000099
48197,-0.011752,-0.010683999999999999,-0.069242,0.0002620000000000001,0.00015699999999999915,-0.00011200000000000099
47817,0.011517,-0.004351,-0.060433999999999995,0.0001250000000000001,5.3000000000000096e-05,-0.0002970000000000056
48314,0.001027,0.0114,-0.061810000000000004,-0.00014499999999999995,6.299999999999882e-05,1.3000000000006062e-05
48402,-0.014207000000000001,-0.0024980000000000002,-0.07646599999999999,3.400000000000104e-05,0.00017400000000000054,-7.300000000000362e-05
45513,0.007405999999999999,0.0005769999999999999,-0.074104,0.0003110000000000005,0.0001650000000000001,-0.0003100000000000047
48731,0.006932000000000001,0.010417999999999998,-0.07065,2.9999999999986635e-06,2.400000000000145e-05,-0.00026899999999999147
48574,0.001369,-0.011729,-0.071495,0.00021600000000000005,0.00011800000000000005,-0.00014499999999999236
47307,0.014060000000000001,-0.005259000000000001,-0.06867100000000001,0.00017099999999999928,8.700000000000114e-05,-0.00014599999999997948
44319,0.010861,-0.003502,-0.070355,0.00019199999999999946,0.0001429999999999999,-0.0002909999999999996
46227,-0.007293999999999999,0.012438000000000001,-0.068366,-1.2000000000000725e-05,0.000168999999999999,2.2000000000008124e-05
48095,0.015564,-0.003479,-0.07373099999999999,6.399999999999982e-05,-9.30000000000002e-05,-0.00032900000000000984
47735,0.002065,0.004107,-0.065327,0.00014100000000000007,0.00015200000000000023,-0.0002520000000000022
43754,0.011699,-0.0037229999999999997,-0.06803400000000001,0.00021300000000000138,0.00012499999999999968,-0.0002469999999999972
47845,-0.004866,-0.012706,-0.069138,0.00016899999999999988,9.200000000000007e-05,7.000000000007001e-06
41977,0.0009220000000000001,0.005734,-0.07026900000000001,8.399999999999987e-05,0.00021399999999999978,-4.399999999998849e-05
42285,-0.007885,-0.006386,-0.072797,0.00016399999999999922,0.0001410000000000005,-0.00021999999999999797
44704,0.00891,-0.009437,-0.071422,0.00018899999999999993,1.0999999999998858e-05,-0.00017000000000000348
48104,0.009471,0.009154,-0.068395,-4.900000000000043e-05,9.000000000000327e-06,-0.0001290000000000041
39954,0.0040750000000000005,0.001277,-0.071929,0.0001250000000000001,0.000147,-0.0003399999999999931
47140,-6.8e-05,0.010161,-0.072859,-6.6e-05,7.500000000000041e-05,2.0999999999993246e-05
45865,0.00456,0.008801999999999999,-0.06583599999999999,-5.999999999999929e-06,0.0001349999999999997,7.999999999994123e-06
45580,-0.011967,-0.011438,-0.07222100000000001,0.0002009999999999998,3.900000000000084e-05,-0.00011599999999999111
48129,-0.008282999999999999,-0.001049,-0.06664,0.0001879999999999972,0.00030900000000000003,-0.00020699999999998497
40735,-0.012938,0.004988,-0.075416,-7.000000000000062e-06,0.0002859999999999998,-0.00020400000000000973
39510,0.0077069999999999994,0.0077080000000000004,-0.07306900000000001,0.0001380000000000001,8.000000000000021e-05,-9.499999999999786e-05
39923,0.0006879999999999999,0.009859,-0.07105700000000001,0.0,0.00016900000000000075,-4.499999999998949e-05
48174,-0.00477,0.002369,-0.063113,0.00012899999999999977,0.00017,-0.00018799999999999373
44613,-0.01009,0.010281,-0.076517,-7.399999999999941e-05,0.00026799999999999914,-0.0001250000000000001
48305,-0.00919,0.008997999999999999,-0.07417,3.8000000000001574e-05,0.0002660000000000006,-9.000000000000674e-05
29483,0.009304999999999999,0.009919,-0.071566,0.00015000000000000083,6.599999999999835e-05,-0.00021999999999999797
42137,-0.01279,0.006774,-0.07365300000000001,-9.000000000000327e-06,0.0003449999999999998,-0.00024399999999999422
47191,-0.003033,-0.011314,-0.063053,0.0001879999999999998,-2.9000000000001247e-05,-0.0002600000000000102
46481,-0.011379,-0.003613,-0.073491,2.300000000000045e-05,0.0002049999999999999,-0.00020099999999999285
41935,-0.009364,0.0012259999999999999,-0.072268,0.00016800000000000148,0.00017900000000000012,-0.00023999999999999022
47823,-0.014116,0.006467,-0.07145699999999999,0.00012000000000000031,0.00033500000000000023,-0.00023700000000001498
46926,0.014480999999999999,-0.005144,-0.064023,0.00022199999999999998,5.799999999999989e-05,-8.400000000000074e-05
44902,-0.013738,0.005286,-0.073894,2.3999999999999716e-05,0.0002790000000000006,-0.0002839999999999926
47234,0.016394,-0.0025,-0.064889,0.00015300000000000036,0.0002480000000000004,-0.00020900000000000085
43082,0.007031,-0.009979,-0.06736,0.00018699999999999967,-1.899999999999992e-05,-4.399999999998849e-05
46487,-0.010508,-0.00046,-0.06566,0.00021700000000000018,0.000203,-0.00012199999999999711
47427,0.00189,0.007401,-0.07479300000000001,0.00013799999999999988,6.400000000000069e-05,-8.699999999998986e-05
47526,-0.015592,-0.001199,-0.074409,2.8000000000000247e-05,0.0002999999999999999,-0.00018999999999999573
41005,0.004298,-0.001811,-0.073802,0.00014000000000000037,7.499999999999998e-05,-0.00014499999999999236
32999,0.000481,0.012644,-0.065468,-0.000118,0.00015699999999999915,0.00011400000000000299
44615,-0.001562,0.011083,-0.069203,-3.4999999999999875e-05,0.00027699999999999773,2.5999999999998247e-05
44970,0.011095,-0.003095,-0.067414,0.00018899999999999993,0.00011800000000000005,-0.00022300000000000098
47403,0.002578,-0.005879,-0.065126,0.00013900000000000023,1.599999999999952e-05,-0.0004649999999999932
48130,-4.4999999999999996e-05,0.0018859999999999999,-0.071074,0.00015099999999999998,0.00015700000000000024,-0.0004320000000000018
44910,-0.007043,0.004452,-0.07115300000000001,4.2999999999999636e-05,0.00026900000000000014,-0.0004069999999999907
46954,0.003121,0.01048,-0.068351,-6.000000000000016e-05,6.400000000000156e-05,9.399999999999686e-05
48433,0.004974999999999999,-0.009756,-0.07123399999999999,0.0001330000000000003,2.000000000000092e-05,-0.00014900000000001024
38631,0.010362999999999999,-0.006978,-0.073339,0.00024300000000000016,4.30000000000005e-05,-0.00015999999999999348
47718,0.008667999999999999,-0.011961000000000001,-0.070112,0.00014900000000000156,2.100000000000192e-05,-0.00014600000000000724
47724,0.004638,-0.007943,-0.06904300000000001,0.0002040000000000002,5.199999999999996e-05,-0.00026299999999998547
44628,-0.00705,0.001935,-0.071437,3.800000000000071e-05,0.00030999999999999995,-0.0003100000000000047
48538,-0.000308,-0.0074210000000000005,-0.063004,0.00012700000000000002,0.00017700000000000094,-0.0005489999999999939
47117,0.010598000000000002,-0.005909,-0.06699899999999999,0.00026199999999999835,1.6999999999999654e-05,-0.00021500000000000685
45277,0.0050999999999999995,-4.2000000000000004e-05,-0.072249,0.00019100000000000106,0.000172,-0.00044700000000000295
48620,0.005666,0.010065,-0.066631,-1.8000000000000654e-05,0.00011000000000000072,2.899999999998737e-05
46830,0.010632999999999998,-0.009529999999999999,-0.069118,0.0001420000000000015,-2.000000000002e-06,-0.00014200000000000323
48221,0.015508,-0.00496,-0.062948,0.00010400000000000166,7.000000000000062e-05,-0.0002930000000000016
41032,0.0031680000000000002,0.008468999999999999,-0.069757,-3.800000000000027e-05,9.300000000000107e-05,-2.0000000000006124e-05
46531,-0.002159,0.010807,-0.075146,2.8000000000000247e-05,0.0002449999999999987,-0.0001820000000000016
43512,-0.010910999999999999,-0.00908,-0.072718,0.00015099999999999836,8.99999999999998e-05,-7.399999999999074e-05
47761,0.004365,-0.001714,-0.063913,0.00012099999999999958,-4.3999999999999985e-05,-0.0004109999999999947
44782,-0.004881,-0.003176,-0.071426,0.00018599999999999953,0.00026999999999999984,-0.00017300000000000648
47412,-0.012216,0.002655,-0.0658,0.00018199999999999814,0.0001510000000000001,-0.00011099999999999999
43879,0.0011639999999999999,0.0032519999999999997,-0.066375,4.100000000000024e-05,0.00011800000000000048,-0.0002469999999999972
45103,-0.0032229999999999997,-0.009873,-0.072174,0.0002609999999999995,0.0001299999999999999,-0.00011799999999999311
47228,0.0064470000000000005,-0.009192,-0.063662,3.499999999999944e-05,-5.899999999999829e-05,-0.0002390000000000031
37988,0.010062,0.009375,-0.067471,2.999999999999531e-06,2.3999999999999716e-05,-5.7999999999988616e-05
44000,-0.007029,-0.0031829999999999996,-0.07269199999999999,0.00010199999999999966,0.00016699999999999961,-5.7000000000001494e-05
47129,-0.001143,8.2e-05,-0.067259,1.8999999999999703e-05,0.000227,-0.0002510000000000012
48048,0.006357,0.007373,-0.073354,0.00010600000000000019,3.899999999999997e-05,-0.00019199999999999773
43780,-0.011403,0.005979,-0.073208,6.899999999999962e-05,0.0002909999999999996,-0.00027299999999999547
46620,0.002931,-0.008591,-0.074572,0.0001429999999999999,4.0000000000000105e-05,-0.00015500000000000236
45587,-0.012549,-0.0036,-0.073467,-1.899999999999992e-05,0.0001950000000000003,-0.0002259999999999901
39077,0.008841,-7.8e-05,-0.069576,0.00010800000000000046,1.1999999999999994e-05,-0.00038399999999999546
47880,0.013424,-0.006828,-0.065667,0.0002160000000000009,-5.999999999999929e-06,-0.0001820000000000016
48413,-0.010605,0.006214000000000001,-0.073032,5.9000000000000025e-05,0.0002519999999999996,-0.00021699999999999497
47116,0.0038050000000000002,0.0047480000000000005,-0.068218,0.00015399999999999962,0.00016699999999999961,-0.00026299999999999935
48054,-0.013545,-0.006202,-0.070465,4.999999999999796e-06,0.0002620000000000001,-4.599999999999049e-05
47545,-0.001552,0.004445999999999999,-0.06401699999999999,0.00023900000000000006,0.00010000000000000113,-0.0001870000000000066
43074,-0.004261999999999999,0.011695,-0.066164,-9.60000000000006e-05,0.0001489999999999981,0.00010500000000000786
48431,-0.011371000000000001,-0.001274,-0.064943,0.00020500000000000032,0.0001879999999999998,-1.000000000001e-06
47798,-0.0061200000000000004,-0.004127,-0.064661,0.00013900000000000023,0.00018899999999999906,-0.0004959999999999964
42483,0.004287,0.008449,-0.069403,-4.099999999999937e-05,5.9000000000000025e-05,-0.00017899999999998473
46189,-0.012398999999999999,-0.005652,-0.069493,-0.00010400000000000166,0.00018099999999999974,-8.400000000000074e-05
48512,0.003115,0.005169,-0.064418,0.00021299999999999965,0.0002360000000000001,-0.0003489999999999882
44346,0.000203,0.002807,-0.067339,0.00013500000000000003,0.00017199999999999984,-0.00032500000000000584
39605,-0.002198,0.004627,-0.069623,-2.2000000000000318e-05,0.000255,-0.00016100000000000836
46221,0.001987,-0.009997,-0.069358,0.00011099999999999999,7.000000000000062e-05,4.900000000000737e-05
48483,-0.003661,0.003154,-0.062978,0.00013900000000000023,0.00012199999999999971,-0.0002969999999999917
46483,0.009333000000000001,-0.000737,-0.068096,4.89999999999987e-05,-1.99999999999994e-06,-0.00027499999999999747
48327,0.009720000000000001,0.002839,-0.06712900000000001,0.0003049999999999997,7.799999999999994e-05,-0.00019599999999998785
48435,-0.004432,0.0010500000000000002,-0.07352,0.0002600000000000007,0.00024099999999999968,-0.00037500000000000033
47495,0.008013999999999999,0.01226,-0.06808199999999999,-0.00010299999999999893,-0.0002500000000000002,-0.00016300000000001036
47246,0.00296,-0.003245,-0.067834,0.00028299999999999983,0.00026999999999999984,-0.00033400000000000096
48414,0.007467,-0.0059050000000000005,-0.070312,0.00026599999999999974,6.200000000000042e-05,-0.0004900000000000043
45515,-0.007993,0.006764,-0.070507,3.400000000000104e-05,0.000268,-0.00032300000000000384
42790,0.000279,0.009029,-0.07114,6.499999999999995e-05,0.00013099999999999917,-3.400000000000625e-05
43687,-0.004255,0.00929,-0.06489199999999999,-0.0001269999999999995,0.00019199999999999946,-8.000000000008e-06
45867,-0.0052309999999999995,0.007481,-0.063772,-3.800000000000071e-05,0.00017400000000000054,3.9999999999901226e-06
45414,-0.001201,0.008577999999999999,-0.072769,-0.00011300000000000004,0.0002500000000000002,-3.600000000000825e-05
48418,0.004373999999999999,-0.001589,-0.06788200000000001,0.0002500000000000002,0.00019999999999999987,-0.00025599999999999234
44766,0.000472,0.010563000000000001,-0.06875400000000001,-0.00010799999999999997,0.0001250000000000001,9.700000000001374e-05
47763,-0.009561,-0.008144,-0.07264100000000001,7.099999999999988e-05,9.500000000000133e-05,-0.00018899999999998085
48084,0.003469,0.007472,-0.063447,0.0001740000000000001,1.8999999999999052e-05,-0.00010299999999999199
36518,0.016671,-0.001601,-0.068619,1.0000000000003062e-05,0.00025200000000000005,-3.100000000000325e-05
44728,0.001246,0.005691,-0.063625,0.0001200000000000001,0.00022700000000000064,-0.00015600000000000336
45955,0.008846999999999999,-0.008761,-0.064687,0.00024000000000000063,7.400000000000115e-05,-3.100000000000325e-05
46274,-0.006275,-0.007598,-0.06771899999999999,0.0002390000000000005,4.0000000000000105e-05,-0.0004790000000000072
41320,0.007435,0.007643,-0.068801,5.5999999999999626e-05,0.0,-0.00010500000000000786
46862,-0.011131,0.006514,-0.06813899999999999,-3.8999999999999105e-05,0.00012299999999999985,-0.0002660000000000162
48436,-0.005196,-0.002157,-0.062326,0.0002790000000000006,0.00020700000000000015,-0.000338999999999999
39962,0.008039999999999999,0.008681,-0.068652,-2.8999999999999512e-05,2.300000000000045e-05,-0.0001260000000000011
47792,-0.015076,-0.006651,-0.07116800000000001,0.00019899999999999952,0.0002669999999999999,-0.00024099999999999122
48065,-0.005227000000000001,0.004961999999999999,-0.065999,7.800000000000081e-05,0.00019700000000000013,-0.00027199999999999447
44165,0.010211,-0.012659,-0.066092,1.2000000000001593e-05,-1.1999999999999858e-05,-0.0002570000000000072
37982,0.010542999999999999,0.003868,-0.070446,-8.999999999998592e-06,3.500000000000031e-05,-0.0003110000000000057
47188,0.01048,-0.004296,-0.065439,0.00015899999999999942,-3.2999999999999176e-05,-0.0005910000000000082
47788,0.000867,0.00775,-0.07238299999999999,7.799999999999994e-05,0.00024000000000000063,-9.200000000000874e-05
48504,-0.008237,0.002502,-0.068293,0.00017900000000000034,0.00030900000000000025,-6.899999999998574e-05
42298,0.003084,-0.000232,-0.072164,0.00014900000000000026,0.000158,-0.0002749999999999836
45221,0.003492,-0.011484999999999999,-0.06444499999999999,7.700000000000025e-05,0.00010699999999999772,0.00010199999999999099
44297,0.006481,0.002656,-0.068869,0.0002530000000000006,0.00015800000000000015,-0.00032599999999999296
47477,-0.001583,-0.005641,-0.069518,5.800000000000011e-05,0.00022200000000000084,-0.00023000000000000798
48424,-0.0038599999999999997,-0.00046,-0.072232,0.0003009999999999996,0.000267,-0.00026099999999999735
48479,0.00514,0.003392,-0.070923,0.00011699999999999992,8.099999999999991e-05,-0.0003999999999999976
41546,0.015313,-0.007825,-0.069196,6.600000000000009e-05,4.7000000000001034e-05,-9.200000000000874e-05
46521,0.014994,0.001224,-0.070816,-2.5000000000000716e-05,0.00021199999999999995,-6.699999999999762e-05
43814,0.009294,-0.012953,-0.067274,0.00010699999999999946,-1.600000000000039e-05,-0.00015199999999999936
48051,-0.010513999999999999,-0.009155,-0.070904,8.299999999999974e-05,0.00010499999999999919,-1.1000000000011001e-05
36191,-0.000871,0.011912,-0.064696,-4.700000000000006e-05,9.599999999999886e-05,0.00014500000000000624
42799,-0.0008169999999999999,0.009769,-0.06617,-6.20000000000001e-05,0.0001570000000000009,0.00017900000000001248
42876,0.0011020000000000001,0.000237,-0.07163,4.49999999999999e-05,0.00015400000000000003,-0.0003589999999999982
48452,0.010505,-0.0017800000000000001,-0.070336,0.0002689999999999984,7.700000000000003e-05,-0.0002370000000000011
47406,0.0012079999999999999,-0.010557,-0.06507399999999999,0.0001020000000000001,0.00011800000000000005,9.999999999998899e-05
47757,-0.014317,-0.007858,-0.07255800000000001,8.5e-05,0.00017200000000000028,-0.00017699999999998273
48214,-0.015681,-0.00431,-0.07159499999999999,0.00015100000000000183,0.00037699999999999973,-0.00017000000000000348
34145,0.015246000000000001,0.0029100000000000003,-0.070725,1.4999999999997654e-05,0.00015999999999999955,-8.899999999999186e-05
48411,-0.015054999999999999,-0.00777,-0.071629,0.0002189999999999987,0.00019199999999999946,-0.0001239999999999991
46192,0.013305999999999998,-7.6e-05,-0.071052,0.0002320000000000013,0.00024799999999999996,-5.4999999999999494e-05
44683,-0.006779,-0.005301,-0.07204,2.1000000000000185e-05,0.0001269999999999995,-8.199999999999874e-05
45697,-0.004407,0.010842000000000001,-0.069527,-5.699999999999976e-05,0.00013299999999999944,1.3000000000013001e-05
45948,-0.0030960000000000002,-0.012007,-0.069775,0.00014800000000000013,5.9000000000000025e-05,-2.1999999999994246e-05
44614,0.002065,0.0034750000000000002,-0.070453,2.099999999999975e-05,0.0002519999999999996,-0.0004740000000000022
42205,-0.008117000000000001,0.003967,-0.06937099999999999,0.00013500000000000144,0.0003370000000000005,-0.0004240000000000077
46813,0.005471,-0.011798,-0.06515,0.00019700000000000013,1.4999999999999389e-05,2.6999999999999247e-05
45211,-0.013325,0.001877,-0.07428799999999999,3.7000000000000574e-05,0.00015099999999999988,-0.00032700000000000784
45520,0.007804,0.006296,-0.063176,0.0001799999999999996,0.00015399999999999962,-0.00010999999999999899
41393,0.0019270000000000001,0.006768,-0.072949,0.000129,9.500000000000047e-05,-0.00010699999999999599
47753,0.0044139999999999995,-0.000879,-0.065081,0.00021900000000000044,0.00012399999999999998,-0.0004149999999999987
47947,0.016181,-0.004822,-0.06939400000000001,3.999999999999837e-05,4.99999999999997e-05,-0.00016399999999999748
47759,0.00891,-0.007738,-0.06886,0.0002520000000000005,5.800000000000076e-05,-0.0001250000000000001
35128,0.013670999999999999,0.0075179999999999995,-0.06861,4.000000000000184e-05,0.00015700000000000002,-0.00020900000000000085
47142,-0.0033599999999999997,0.011458,-0.07068600000000001,-4.100000000000024e-05,0.00013400000000000044,0.00010000000000001674
47420,-0.009054,-0.002499,-0.066413,0.00016200000000000069,0.0003129999999999999,-0.0002990000000000076
45908,-0.002964,-0.000964,-0.064996,2.599999999999998e-05,0.0002530000000000001,-0.0002289999999999931
45536,0.013640000000000001,0.003743,-0.066276,0.00012699999999999864,0.00023300000000000057,-8.999999999999286e-05
46173,0.015712999999999998,0.002646,-0.06933700000000001,3.400000000000278e-05,0.00014800000000000013,-4.999999999999449e-05
45678,0.003434,-0.011170999999999999,-0.06928,0.00011500000000000008,0.0001329999999999977,-9.399999999999686e-05
47197,-0.010565,0.009683,-0.06839400000000001,0.00010300000000000066,0.0001389999999999985,-8.499999999998786e-05
47103,0.0074930000000000005,0.001292,-0.066982,0.0001929999999999996,0.00018800000000000002,-0.0003589999999999982
45996,0.013653,-0.004652999999999999,-0.066922,0.00021900000000000044,2.1999999999998583e-05,-0.0001320000000000071
47768,-0.011312,0.005647999999999999,-0.066489,-4.900000000000217e-05,7.500000000000041e-05,-0.0002459999999999962
41343,0.000399,-5.8e-05,-0.07398300000000001,4.199999999999999e-05,0.000111,-0.00036399999999998933
47152,0.000993,0.005283,-0.07368300000000001,8.200000000000004e-05,0.00023699999999999936,-0.00014299999999997648
48395,0.004598,0.007216,-0.06307,0.00023200000000000044,0.0001899999999999992,-2.9000000000001247e-05
47789,-0.008471,0.006059999999999999,-0.069532,-2.800000000000198e-05,0.00023700000000000023,-0.00032600000000000684
48449,-0.005483,-0.006626,-0.071571,0.0001879999999999998,5.5999999999999626e-05,-0.00031799999999999884
41735,0.017147,-0.00248,-0.067148,-1.4000000000000123e-05,0.00013699999999999997,-1.1000000000011001e-05
37734,0.013897,0.001899,-0.07015300000000001,2.0000000000002655e-06,0.00031400000000000004,-9.199999999999486e-05
43999,-0.008737,0.007633,-0.07032,-1.4000000000000123e-05,0.00019700000000000013,-0.00023500000000001298
43705,-0.002778,0.004954,-0.065301,0.00018500000000000027,0.00019399999999999973,-0.00021000000000000185
42825,0.002084,-0.002193,-0.06907200000000001,0.00032899999999999987,0.0002900000000000001,-0.00011299999999998811
37969,-0.003871,0.006112,-0.067138,-5.299999999999966e-05,0.00013100000000000004,-4.200000000000037e-05
35618,-0.006727,0.0063620000000000005,-0.069336,-2.3999999999999716e-05,0.00018299999999999914,-0.00021999999999999797
48318,-0.003257,0.008321,-0.06907899999999999,4.0999999999999804e-05,0.00018199999999999987,0.00010299999999999199
48399,-0.0035470000000000002,0.001932,-0.063882,0.00023300000000000013,0.00024400000000000008,-0.0004130000000000106
44298,-0.0055190000000000005,0.010236,-0.064967,-8.3999999999999e-05,0.00011899999999999931,6.599999999999662e-05
47728,0.005271,-0.0059039999999999995,-0.06405200000000001,0.0001410000000000005,0.00013599999999999984,-0.0004089999999999927
44009,-0.002948,0.003988,-0.067591,0.0002630000000000002,0.0001330000000000003,-0.00023100000000000898
46849,-0.0017729999999999998,-0.008012,-0.068513,0.00012299999999999985,5.4999999999999494e-05,-0.00018599999999999173
46781,0.00739,0.010087,-0.071505,7.699999999999981e-05,5.9000000000000025e-05,-1.7999999999990246e-05
46299,-0.013063,0.010715,-0.066776,0.00014500000000000103,0.00012700000000000038,-2.8000000000000247e-05
48456,0.005158,0.008164999999999999,-0.066426,2.0000000000002655e-06,0.00012200000000000231,1.6000000000002124e-05
39005,-0.011009999999999999,0.004967,-0.07514799999999999,0.00010099999999999866,0.00013200000000000017,-0.00016599999999999948
48434,0.001953,-0.007303,-0.06266,4.699999999999995e-05,8.299999999999974e-05,-0.0004890000000000033
45619,0.010013,-0.001951,-0.06550199999999999,0.00014800000000000056,-5.999999999999929e-06,-0.0001920000000000116
47147,-0.000661,0.006919,-0.06925,6.100000000000007e-05,0.00022099999999999984,-0.0001769999999999966
48398,0.0015580000000000001,0.005562,-0.070012,4.699999999999995e-05,4.49999999999999e-05,-0.00011499999999999011
43767,-0.0005989999999999999,0.004398,-0.063694,0.00015999999999999993,0.00014999999999999996,-0.00020299999999999485
48126,-0.0048319999999999995,0.000243,-0.068318,0.0002429999999999993,0.0003329999999999999,-0.0003539999999999932
45518,0.001903,-0.001117,-0.069604,0.0002670000000000001,0.0002149999999999999,-0.00017400000000000748
45614,0.003366,0.004409,-0.067851,0.0001299999999999999,0.00025100000000000035,-0.0003170000000000117
43098,-0.008147999999999999,0.003311,-0.072875,5.999999999999929e-05,0.0003970000000000002,-0.0002390000000000031
44310,0.00067,-0.001865,-0.069867,0.000228,0.00017500000000000003,-0.00010999999999999899
45960,-0.003707,0.000429,-0.066218,0.00010899999999999972,0.00022400000000000002,-0.00020699999999999885
46251,-0.008332,-0.006176999999999999,-0.069405,8.500000000000174e-05,0.00016299999999999908,-0.0003090000000000037
47145,0.007026,0.0016040000000000002,-0.06345100000000001,4.49999999999999e-05,7.599999999999968e-05,-0.00037799999999998946
42524,-0.010402,0.009303,-0.069713,8.5e-05,0.00017099999999999928,-0.00015400000000000136
47744,-0.001101,0.007125,-0.072727,0.00013699999999999997,0.00018199999999999987,-4.599999999999049e-05
42499,-0.00269,-0.00667,-0.070217,9.39999999999999e-05,0.0002219999999999991,-0.0001250000000000001
44944,0.011337999999999999,0.0048319999999999995,-0.068893,6.700000000000109e-05,0.00017900000000000034,-6.0999999999991616e-05
47148,-0.000373,0.003679,-0.067802,8.800000000000002e-05,0.00021100000000000025,-0.0003530000000000061
47240,-0.010301,0.004622,-0.064577,8.5e-05,9.599999999999973e-05,-0.0001250000000000001
45953,0.012414,-0.004375,-0.068077,0.00020799999999999985,0.00010000000000000026,-0.00026600000000000235
42330,-0.011966,-0.007365999999999999,-0.071037,1.2999999999999123e-05,4.5999999999999167e-05,-8.099999999999774e-05
47399,-0.010962,-0.001232,-0.070316,9.200000000000007e-05,4.2000000000000154e-05,-0.00030499999999998584
46872,-0.000361,-0.00432,-0.067818,0.00022,0.00026400000000000035,-0.00028400000000000647
48070,-0.012948000000000001,0.006821,-0.067413,-0.0001389999999999985,0.0002040000000000002,-0.0002819999999999906
45305,-0.011438,0.010057,-0.06505200000000001,0.00013400000000000044,0.00013599999999999897,-6.999999999979245e-06
48058,0.0020259999999999996,0.005347,-0.064572,0.00014700000000000043,0.00015199999999999936,-0.00014799999999999536
47764,-0.000632,0.004651,-0.065755,0.00019899999999999996,0.00021100000000000025,-0.0003039999999999987
15880,-0.00044500000000000003,0.009406000000000001,-0.072018,-2.4999999999999957e-05,0.00011799999999999831,2.2999999999995246e-05
40196,-0.008254,0.009265,-0.06523000000000001,-6.399999999999982e-05,0.00016199999999999895,-0.00012199999999999711
48448,-0.013121,0.00454,-0.064808,0.00019000000000000093,0.00041600000000000057,-8.399999999998686e-05
47174,-0.000614,0.001118,-0.063588,0.00010499999999999995,0.00019800000000000004,-0.0001779999999999976
41620,0.002705,0.006969,-0.06502200000000001,0.00011800000000000005,0.000194999999999999,-8.899999999999186e-05
34833,0.013084,0.001843,-0.066823,5.300000000000096e-05,0.00021000000000000012,-0.00010400000000000686
38585,0.011057,-0.011208000000000001,-0.069897,0.00010899999999999972,-5.599999999999876e-05,-0.00014799999999999536
47826,0.01228,0.001764,-0.067407,4.200000000000037e-05,0.00013100000000000004,-6.0000000000004494e-05
34209,0.004767,0.010691,-0.068438,-3.500000000000031e-05,1.6999999999999654e-05,7.999999999999674e-05
40132,-0.000764,0.006339,-0.0681,5.600000000000006e-05,0.00018199999999999987,-9.100000000000774e-05
43178,-0.00762,0.007244,-0.068495,-1.1000000000000593e-05,0.00014700000000000043,-0.00014300000000000423
46792,0.012657,0.003864,-0.0677,3.5999999999999574e-05,0.00019400000000000016,5.3999999999998494e-05
46162,0.0032040000000000003,-0.001943,-0.06539700000000001,0.00014699999999999956,0.00013600000000000005,-0.00021199999999998997
41004,0.005163,0.00613,-0.06979099999999999,0.00011099999999999999,2.0000000000000052e-05,-0.00017500000000000848
46517,0.014285,9.7e-05,-0.067376,-1.4000000000000123e-05,0.00023900000000000004,-8.199999999999874e-05
33280,0.01137,0.006961,-0.068176,4.0000000000000105e-05,0.0002440000000000003,-8.799999999999086e-05
44939,-0.010022999999999999,0.003367,-0.067509,9.499999999999786e-05,0.0002360000000000001,-0.00028100000000000347
46488,0.012358000000000001,4.9000000000000005e-05,-0.067496,-5.800000000000076e-05,0.00015000000000000001,-0.00017200000000000548
48427,0.001608,0.000883,-0.06001,-3.8000000000000056e-05,0.00010100000000000007,-0.00027399999999999647
46823,0.008151,0.0035369999999999998,-0.06662399999999999,0.0003199999999999991,6.400000000000025e-05,-0.00016000000000002124
46156,-0.008057,0.007501000000000001,-0.064655,-4.5999999999999167e-05,0.0001239999999999991,-0.00011199999999998711
