Particle,x,y,z,Vx,Vy,Vz
44641,-0.011276,0.009548,-0.076909,0.0,0.0,0.0
45274,-0.004784,0.00366,-0.077619,0.0,0.0,0.0
43438,0.015619,0.00171,-0.069093,0.0,0.0,0.0
44098,-0.008603999999999999,0.002932,-0.078042,0.0,0.0,0.0
43896,0.001608,-0.004575,-0.07744799999999999,0.0,0.0,0.0
38573,-0.010216,0.0063019999999999994,-0.071998,0.0,0.0,0.0
44364,-0.011884,-0.0017729999999999998,-0.076744,0.0,0.0,0.0
44404,-0.014327999999999999,0.0034449999999999997,-0.070354,0.0,0.0,0.0
41906,0.010103999999999998,0.007287,-0.077704,0.0,0.0,0.0
44324,0.012372999999999999,0.0072039999999999995,-0.072634,0.0,0.0,0.0
44625,-0.006939,-0.009166,-0.069275,0.0,0.0,0.0
43305,0.009486000000000001,-0.009644999999999999,-0.068125,0.0,0.0,0.0
39212,-0.007252,0.010929,-0.06871,0.0,0.0,0.0
38854,-0.005572,0.008921,-0.063274,0.0,0.0,0.0
43531,0.005435,0.002597,-0.06494,0.0,0.0,0.0
45001,-0.015241,0.010279,-0.07106699999999999,0.0,0.0,0.0
44913,0.001253,0.013268,-0.063013,0.0,0.0,0.0
45230,0.012278,0.010263,-0.062083,0.0,0.0,0.0
43779,-0.0015129999999999998,0.000174,-0.062397,0.0,0.0,0.0
45235,0.007755,0.010481,-0.06454399999999999,0.0,0.0,0.0
45233,-0.011433,-0.004277,-0.06601399999999999,0.0,0.0,0.0
41220,0.005605000000000001,0.011859,-0.06449200000000001,0.0,0.0,0.0
44925,0.013998,0.008009,-0.068274,0.0,0.0,0.0
45390,0.005118,-0.011506,-0.07527400000000001,0.0,0.0,0.0
44184,0.014152,-0.005385,-0.061945,0.0,0.0,0.0
43831,0.005399,-0.007304000000000001,-0.066756,0.0,0.0,0.0
43752,0.012518000000000001,0.009391,-0.061950000000000005,0.0,0.0,0.0
45075,0.017626000000000003,-0.0035859999999999998,-0.065759,0.0,0.0,0.0
45486,-0.011016999999999999,0.006283,-0.06007,0.0,0.0,0.0
44594,-0.005817999999999999,0.007384,-0.067278,0.0,0.0,0.0
45193,0.005581,-0.012714,-0.06985899999999999,0.0,0.0,0.0
44620,-0.008952,-0.0076950000000000005,-0.06766,0.0,0.0,0.0
45248,-0.013172000000000001,-0.010289,-0.069694,0.0,0.0,0.0
43560,0.0032559999999999998,0.010966,-0.067094,0.0,0.0,0.0
44474,0.010099,0.009358,-0.077173,0.0,0.0,0.0
45316,-0.013923999999999999,-0.001375,-0.07473600000000001,0.0,0.0,0.0
42922,0.008875,-0.001012,-0.061376,0.0,0.0,0.0
44773,0.006793,-0.010925,-0.072144,0.0,0.0,0.0
41010,-0.009708,0.001631,-0.07596699999999999,0.0,0.0,0.0
45470,0.013685000000000001,0.003741,-0.068988,0.0,0.0,0.0
43847,-0.009025,0.013233,-0.07557699999999999,0.0,0.0,0.0
44100,0.003484,0.009680999999999999,-0.059936,0.0,0.0,0.0
41918,0.004097000000000001,0.009935000000000001,-0.07478499999999999,0.0,0.0,0.0
44306,-0.000523,0.0069429999999999995,-0.065706,-9.8e-05,0.00010899999999999972,-9.800000000000086e-05
42948,0.003279,0.009696999999999999,-0.06893300000000001,-4.000000000000097e-06,0.0001420000000000015,6.30000000000075e-05
42487,0.005789,0.011425000000000001,-0.06579600000000001,-2.7000000000000114e-05,0.00025699999999999855,7.40000000000185e-05
44667,0.00436,-0.003399,-0.075372,0.00020799999999999985,0.00012800000000000008,-4.400000000000237e-05
36266,0.012667999999999999,-0.001314,-0.066405,3.0000000000012655e-06,0.00017200000000000006,7.000000000007001e-06
38281,-0.011082000000000002,0.008045,-0.066152,9.100000000000254e-05,0.00012200000000000058,-2.2999999999995246e-05
45613,0.000752,0.003979,-0.063459,0.00019899999999999996,0.00020199999999999992,-0.00022400000000000198
43711,-0.008385,-0.011294,-0.070934,0.0001799999999999996,-3.5999999999999574e-05,-0.00013299999999999423
45341,0.009965,-0.009459,-0.072593,2.8000000000000247e-05,0.0001559999999999999,-0.0002839999999999926
45597,0.003929,0.011273,-0.063959,-8.799999999999997e-05,0.00024799999999999996,-0.0001310000000000061
45296,-0.005728,0.006884,-0.06442400000000001,1.599999999999952e-05,0.00012899999999999977,3.500000000000725e-05
44914,-0.004562,0.001774,-0.061219,8.199999999999961e-05,0.00019799999999999983,-0.00018699999999999967
40996,-0.002818,-0.009255000000000001,-0.073878,0.00014900000000000026,0.00011900000000000105,-0.00013900000000000023
44048,0.013121,0.008595,-0.071017,0.00028500000000000053,-1.1000000000000593e-05,-0.00018399999999998973
44938,0.008359,0.012634000000000001,-0.064064,-8.000000000000021e-05,0.00016099999999999795,-2.6000000000012125e-05
45782,0.006730000000000001,0.007428,-0.057183,4.99999999999997e-05,0.00014899999999999983,-5.7000000000001494e-05
44655,0.004225,0.0010969999999999999,-0.06890099999999999,0.00012299999999999985,0.0001280000000000003,-0.00019900000000000473
41528,-0.009967,-0.005399,-0.075075,0.00010600000000000019,0.00010600000000000019,-3.999999999999837e-05
44039,0.010386,0.011181,-0.07009900000000001,7.900000000000094e-05,-5.9000000000000025e-05,-7.099999999998774e-05
44270,-0.012579,0.009002000000000001,-0.07485699999999999,3.300000000000004e-05,6.399999999999982e-05,-9.600000000001274e-05
43392,-0.011430999999999998,0.0039030000000000002,-0.070554,0.00014799999999999883,0.00027500000000000007,-0.00036999999999999533
45309,0.005585,-0.001709,-0.07479300000000001,0.0002490000000000001,0.000183,-0.00019699999999998885
41355,0.011118000000000001,-0.001655,-0.073982,0.00024699999999999896,3.8000000000000056e-05,-0.0005179999999999907
43232,0.012227,0.002287,-0.064416,8.5e-05,0.00015700000000000002,2.9000000000001247e-05
45702,0.006096,0.0011870000000000001,-0.060759,0.0002149999999999999,5.499999999999993e-05,-0.0003049999999999997
39196,0.005411,0.009468,-0.063467,-0.00010399999999999993,0.00011299999999999852,-4.700000000000537e-05
45640,0.008571,-0.003869,-0.061933,0.0001559999999999999,4.5000000000000335e-05,-0.0003029999999999977
43587,-0.014037,0.009243,-0.067917,7.400000000000115e-05,0.0002970000000000004,1.6000000000002124e-05
44640,-0.00974,0.006876999999999999,-0.073424,1.899999999999992e-05,0.00028800000000000093,-0.00015799999999999148
32050,0.0070149999999999995,-0.010211,-0.071128,0.00016800000000000061,5.9000000000000025e-05,-9.900000000000186e-05
40183,-0.014583,0.007423,-0.075851,1.4000000000000123e-05,0.00010600000000000019,2.5000000000011124e-05
45253,-0.005271,-0.00588,-0.074697,8.799999999999954e-05,0.0001529999999999995,-9.200000000000874e-05
44757,0.013117,0.0070149999999999995,-0.062068,6.199999999999956e-05,0.00018800000000000067,-2.0000000000006124e-05
45080,-0.012942,-0.007344000000000001,-0.07016599999999999,2.0000000000002655e-06,0.0002470000000000007,-4.500000000000337e-05
45673,0.008503,0.0015480000000000001,-0.061592,6.899999999999962e-05,9.299999999999998e-05,-0.00010899999999999799
45552,0.0076619999999999995,-0.0047859999999999995,-0.07464799999999999,0.00033100000000000056,0.0002429999999999993,-0.00021200000000000385
44919,-0.004221,0.0022370000000000003,-0.070194,1.700000000000052e-05,0.0002009999999999998,-0.0003349999999999881
45323,-0.013272,-0.004027,-0.073548,4.49999999999999e-05,0.00015700000000000002,-0.00032200000000000284
45632,0.013493999999999999,0.006325,-0.07328100000000001,8.700000000000027e-05,-3.1000000000000645e-05,-0.0002799999999999886
43169,0.010138,0.012955999999999999,-0.063061,7.600000000000141e-05,-3.4999999999998574e-05,0.00016400000000001136
45329,-0.007984,0.009922,-0.059306,-2.1000000000000185e-05,0.00016099999999999969,-1.0000000000003062e-05
45736,0.016634,0.010152,-0.07257,0.0001010000000000004,0.00023899999999999963,6.699999999999762e-05
45681,0.002074,0.011896,-0.067646,-3.199999999999991e-05,0.00017300000000000128,6.899999999999962e-05
41029,-0.015097,0.012201,-0.072223,-6.600000000000009e-05,0.000281,-7.500000000000562e-05
43395,0.012572,0.0022029999999999997,-0.067778,2.6000000000001716e-05,0.000258,0.00010699999999999599
45333,-0.007109,-0.012648,-0.066758,0.00019000000000000006,4.2999999999999636e-05,-0.00010900000000001187
44083,-0.006288,-0.009845000000000001,-0.066937,0.00014700000000000043,0.00015300000000000036,-0.0005940000000000112
45370,0.013563,0.012407,-0.074154,-4.60000000000009e-05,5.4999999999999494e-05,-4.099999999999937e-05
45591,0.016152999999999997,-0.0065439999999999995,-0.062412,9.30000000000028e-05,2.6999999999999247e-05,-0.0005059999999999995
45166,0.000372,0.005875,-0.064602,8.300000000000001e-05,0.00011699999999999992,-9.499999999999786e-05
45223,-0.006535999999999999,-0.0007059999999999999,-0.071377,0.0002699999999999994,0.00017799999999999988,-0.0003449999999999981
45407,0.009696999999999999,-0.0055190000000000005,-0.07242,0.00017500000000000154,0.00014500000000000103,-0.0003480000000000011
45685,0.007115,0.000528,-0.073247,0.0002620000000000001,0.00022499999999999994,-0.00018899999999999473
44330,-0.002013,0.005233,-0.07192799999999999,9.599999999999995e-05,0.00024799999999999996,-0.000133000000000022
45229,-0.000923,-0.007892,-0.064837,0.00010600000000000008,0.00020199999999999906,-0.0002459999999999962
43129,-0.01374,-0.0031360000000000003,-0.071233,0.00010999999999999899,0.00015200000000000023,-0.00014999999999999736
37740,0.007542,-0.00734,-0.068554,0.00021000000000000012,4.60000000000009e-05,-0.00015999999999999348
42510,0.016413,0.011967,-0.071377,5.099999999999896e-05,0.00011300000000000025,-7.600000000000662e-05
45251,0.011250999999999999,-0.0077919999999999994,-0.072525,0.00011200000000000099,-3.600000000000044e-05,-0.00014399999999999136
44999,0.001528,-0.008913,-0.061732999999999996,8.699999999999984e-05,6.0000000000001025e-05,-0.00014300000000000423
44912,-0.007571,-0.000253,-0.07091,0.00024399999999999943,0.00015500000000000003,-0.00020199999999999385
45322,-0.002373,-0.00793,-0.065876,0.00015999999999999999,0.00015200000000000023,-0.0002449999999999952
45643,0.002316,0.007551,-0.075244,8.600000000000014e-05,0.00015599999999999902,-7.499999999999174e-05
43403,-0.010714,-0.005353,-0.072931,0.0002199999999999997,0.00016899999999999988,-4.999999999999449e-05
45688,-0.004860000000000001,-0.00188,-0.070747,0.00040399999999999985,0.00019899999999999996,0.00011400000000000299
45728,0.0022010000000000003,0.005948999999999999,-0.06538200000000001,5.299999999999966e-05,0.00012400000000000085,-0.0003529999999999922
41057,0.015156000000000001,0.000122,-0.069983,2.999999999999531e-06,0.00011,2.2000000000008124e-05
45784,0.014334,-0.001721,-0.066566,7.000000000000062e-06,0.0002630000000000002,-0.00021400000000000585
45805,0.01438,-0.002836,-0.062847,0.0001449999999999993,0.00021600000000000005,-0.00014899999999999636
43284,-0.001846,-0.00601,-0.065973,0.00019400000000000016,0.00016699999999999961,-0.00032099999999998796
43820,0.007399,-0.011927,-0.063744,0.00015899999999999942,-1.5999999999998654e-05,0.00013099999999999223
45219,-0.004494,-0.002643,-0.07485599999999999,-9.200000000000094e-05,8.600000000000014e-05,-0.00010100000000000386
45409,0.01476,-0.0036320000000000002,-0.070556,9.10000000000008e-05,-0.0001359999999999994,-1.9000000000005124e-05
38885,0.0046879999999999995,-0.001683,-0.07033,0.0001780000000000002,0.00010699999999999989,-0.00037999999999999146
44527,0.00917,0.006768,-0.074086,6.700000000000109e-05,0.00011300000000000025,-0.0002940000000000026
45290,0.0024449999999999997,-0.008726000000000001,-0.06663899999999999,0.000343,0.00011500000000000052,-0.00032700000000000784
45912,0.002111,-0.00298,-0.061833,0.00016799999999999975,4.7999999999999866e-05,-0.0003480000000000011
42257,-0.001983,0.012577999999999999,-0.06625700000000001,2.499999999999985e-05,0.00025500000000000175,1.5000000000001124e-05
45000,-0.012379,-0.008316,-0.064993,0.00020799999999999985,0.0001810000000000006,-4.800000000000637e-05
41081,0.007123,0.010114000000000001,-0.071145,-3.799999999999984e-05,-6.0000000000001025e-05,-0.00010999999999999899
44617,0.005801,0.010886,-0.06579399999999999,-2.8000000000000247e-05,0.0002489999999999992,6.999999999998674e-05
45836,0.003576,-0.0050940000000000004,-0.06461599999999999,0.0002490000000000001,0.00020199999999999992,-0.0006230000000000124
44980,-0.005976,-0.011624,-0.066056,0.0001330000000000003,1.5000000000001124e-05,-0.00027299999999999547
45930,0.001953,-0.007343,-0.060344,7.499999999999976e-05,0.00021299999999999965,-0.0004669999999999952
45937,0.0031309999999999997,0.010881,-0.06495999999999999,-8.899999999999967e-05,0.0001449999999999993,-0.00017400000000000748
45560,-0.01543,-0.008983000000000001,-0.07518899999999999,2.6999999999999247e-05,0.0002880000000000018,-2.9000000000015125e-05
45055,-0.012232,-0.0016539999999999999,-0.06786299999999999,0.000168999999999999,7.899999999999986e-05,-0.00032200000000000284
43783,-0.010486,0.0037949999999999998,-0.063403,-1.9999999999985307e-06,0.0001299999999999999,-0.00014300000000000423
43691,-0.003579,-0.005267,-0.069477,0.0003470000000000001,0.0002040000000000002,-0.00016199999999999548
44630,-0.001508,0.004429000000000001,-0.068951,0.00012300000000000006,0.00031099999999999964,-6.699999999999762e-05
45544,0.011484,-0.001943,-0.073215,0.00018699999999999967,5.000000000000013e-05,-0.00038199999999999346
45231,0.004696,-0.002387,-0.065303,0.00021600000000000005,0.00023499999999999953,-0.0005059999999999926
42600,0.017019,0.008024,-0.066304,2.6000000000001716e-05,0.000196,-0.00010500000000000786
45956,-0.005959,0.005223,-0.05824,0.00015499999999999976,0.00027199999999999967,-0.00013299999999999423
46037,0.005599,0.010957000000000001,-0.057104999999999996,-4.799999999999943e-05,0.00012199999999999885,-0.00028900000000000453
44272,-0.010799,0.011644999999999999,-0.07355500000000001,-0.00016100000000000142,0.0002409999999999999,5.000000000018878e-06
45535,0.003512,-0.002323,-0.061884,0.00016400000000000008,0.00023099999999999987,-0.0005850000000000022
45306,-7.5e-05,0.01217,-0.069164,-6.599999999999999e-05,0.000196,5.8000000000002494e-05
46032,0.011327,-0.0007840000000000001,-0.064785,-6.600000000000182e-05,8.00000000000001e-05,5.7000000000001494e-05
45120,-0.008571,-0.006768,-0.063557,0.00016199999999999895,0.0001979999999999994,-0.0005900000000000072
45388,-0.01248,-0.006392,-0.076382,0.0001010000000000004,0.00010899999999999972,-8.799999999999086e-05
39523,-0.010993000000000001,0.005725,-0.066063,-9.000000000000327e-06,0.00012299999999999985,-0.00020900000000001473
45326,0.011459,-0.006813,-0.06395,0.00023099999999999857,2.3999999999999716e-05,-0.0001709999999999906
46014,-0.016117,0.00302,-0.07638800000000001,4.000000000000531e-06,0.00027999999999999987,-0.0003529999999999922
45977,-0.016024,-0.003629,-0.07248600000000001,0.00010500000000000093,0.00030999999999999995,-0.00030499999999998584
44747,-0.005912,-0.009973000000000001,-0.062357,0.0002909999999999996,0.0001250000000000001,-9.499999999999786e-05
45952,0.012218999999999999,0.002659,-0.060262,5.4999999999999494e-05,0.00017900000000000034,1.2999999999999123e-05
45880,-0.01226,-0.003231,-0.064018,0.00025799999999999955,0.00018199999999999987,-2.8000000000000247e-05
45342,0.013851,-0.006573000000000001,-0.07337099999999999,1.799999999999892e-05,-2.9999999999998778e-05,-0.00028900000000001147
45112,0.010792,0.006843,-0.06985899999999999,0.00011200000000000099,0.0002669999999999999,-0.00020300000000000873
45914,0.014164999999999999,0.010743,-0.066093,0.0002260000000000005,5.4999999999999494e-05,0.0001850000000000046
46118,-0.00433,0.004115000000000001,-0.06856699999999999,0.0,0.00024499999999999956,-0.00011400000000000299
45463,0.011972,-0.002837,-0.062933,0.0002970000000000004,0.00012699999999999994,-0.00011099999999999999
45845,0.009961000000000001,-0.010447,-0.06448999999999999,0.00020399999999999759,-5.300000000000096e-05,-0.0002460000000000101
42509,-0.001734,-0.0021869999999999997,-0.065095,0.00010600000000000019,0.00027499999999999985,-0.00016599999999999948
45628,0.015957000000000002,0.0054859999999999996,-0.071673,0.00018399999999999667,-6.399999999999982e-05,-4.099999999999937e-05
43432,-0.004337,0.010369999999999999,-0.066509,-6.300000000000056e-05,0.00013900000000000197,8.799999999999086e-05
45282,-0.015982,0.000294,-0.072987,9.800000000000086e-05,0.00020700000000000004,-0.00026299999999999935
45242,0.007884,-0.001405,-0.068108,0.00033399999999999923,-6.100000000000007e-05,-0.00023899999999998922
30446,-0.009136,0.012896000000000001,-0.068418,-0.00015699999999999915,0.0002310000000000003,0.0001860000000000056
45533,-0.013393,0.0020139999999999997,-0.067729,-9.999999999999593e-06,0.0002400000000000002,-0.0003949999999999926
42573,0.003597,-0.0061200000000000004,-0.07632299999999999,0.00013500000000000014,4.49999999999999e-05,-0.00018000000000001348
45546,0.000268,0.009756,-0.065885,-8.200000000000001e-05,8.900000000000054e-05,8.400000000000074e-05
45897,-0.008622999999999999,-0.010138,-0.065011,0.0002129999999999979,0.00011899999999999931,-0.0002530000000000032
45898,-0.001702,-0.006624,-0.068755,7.200000000000002e-05,0.000183,-0.00020199999999999385
45750,0.013481,-0.00957,-0.063405,0.00018500000000000114,7.300000000000015e-05,-0.00015600000000000336
45550,0.0069050000000000005,-0.008169000000000001,-0.067501,0.00020199999999999992,3.400000000000104e-05,-0.00015699999999999048
46057,-0.00941,0.006598,-0.070863,0.00018899999999999993,0.0004330000000000002,-0.00010100000000000386
46065,0.018557999999999998,0.004458,-0.070812,0.00027900000000000147,4.8999999999999565e-05,-0.00021900000000001085
45825,0.01047,0.011926,-0.064064,-3.0000000000000512e-05,-0.00013300000000000117,0.00015999999999999348
43794,-0.002885,-0.007016,-0.071904,-2.7000000000000114e-05,6.799999999999948e-05,-0.00015000000000001124
44393,0.014381,-0.008002,-0.070706,7.500000000000041e-05,3.0000000000012655e-06,-0.0002319999999999961
45590,-0.00315,0.010617000000000001,-0.06268699999999999,-8.300000000000017e-05,0.00018099999999999887,6.499999999999562e-05
36494,0.010571,-0.006927,-0.074114,0.00010299999999999893,6.699999999999935e-05,-0.00039600000000000746
45791,0.013902,0.001467,-0.068115,8.000000000000021e-05,0.00014500000000000016,-0.00016200000000000936
38872,0.001183,-0.007966,-0.070462,0.0002049999999999999,1.600000000000039e-05,-0.00021400000000000585
44609,0.003064,-0.005385,-0.065838,0.00033299999999999996,0.0002310000000000003,-0.0004950000000000093
43204,0.0059299999999999995,-0.000279,-0.063675,0.00018400000000000014,0.00020700000000000002,-0.0004610000000000031
44012,-0.01075,-0.009519999999999999,-0.069797,2.999999999999531e-06,2.6999999999999247e-05,-0.00024399999999999422
45834,-0.006814,-0.010029,-0.07515300000000001,0.00016899999999999988,0.00025799999999999955,-0.0002149999999999791
44623,-0.011689999999999999,0.008394,-0.068188,0.00016699999999999875,0.0001860000000000004,5.999999999992123e-06
45522,-0.002375,0.004732,-0.072978,0.00015799999999999972,0.00020899999999999998,-0.00014299999999999036
45588,-0.0013700000000000001,-0.008369,-0.06681999999999999,0.00014900000000000004,0.00010399999999999993,-8.600000000001662e-05
45589,0.007807000000000001,0.012414999999999999,-0.06588,-7.100000000000075e-05,5.10000000000007e-05,1.8999999999991246e-05
45244,0.014195000000000001,-0.003628,-0.071603,0.00020199999999999906,0.00010200000000000053,-0.00028000000000000247
45523,0.01199,0.000857,-0.067701,2.099999999999845e-05,0.0001029999999999999,6.299999999999362e-05
44946,0.011109,0.000736,-0.073568,0.0001799999999999996,9.8e-05,-0.00033500000000001584
46006,0.012851000000000001,-0.002776,-0.06406300000000001,0.00015799999999999842,0.0003009999999999996,-0.00018699999999999273
45686,-0.016005,0.0061790000000000005,-0.074854,7.299999999999668e-05,0.0002219999999999991,-0.00026999999999999247
45592,-0.0068650000000000004,0.009211,-0.07129,0.0001299999999999999,0.00046199999999999887,-2.9000000000001247e-05
45561,0.009536,0.00878,-0.06756699999999999,2.599999999999998e-05,6.300000000000056e-05,-5.200000000001037e-05
42923,0.008127,-0.006163,-0.064942,0.00028399999999999953,-7.000000000000062e-06,-0.00019800000000000373
45028,0.014684,0.001888,-0.067468,0.0001030000000000024,0.000258,-5.8000000000002494e-05
44906,-0.001776,-0.006636,-0.064275,0.00017099999999999993,0.00027000000000000114,-0.00019999999999999185
45585,8.1e-05,0.0028020000000000002,-0.071613,0.00014,0.0002989999999999998,-0.00019600000000000173
45900,-0.015916,-0.0037029999999999997,-0.075202,9.199999999999833e-05,0.0003039999999999996,-0.00020499999999999685
45225,-0.00317,0.009170999999999999,-0.064027,-7.299999999999971e-05,0.00015400000000000136,1.9000000000005124e-05
46104,0.013266,0.008657,-0.060171,2.300000000000045e-05,0.00018099999999999887,-2.7999999999993308e-05
45981,0.004697,-0.009468,-0.077568,0.00024200000000000003,6.300000000000056e-05,-6.0000000000060005e-06
45918,-0.01238,0.0053029999999999996,-0.06884900000000001,5.999999999999062e-06,0.0002340000000000007,-0.0002959999999999907
43734,0.004279,0.004044,-0.07632299999999999,6.299999999999969e-05,0.00016799999999999975,-0.0003010000000000096
45402,0.012496,0.0035099999999999997,-0.066408,7.700000000000068e-05,0.0002310000000000003,7.699999999999374e-05
46018,0.004672,-0.011389,-0.061668,0.00027300000000000067,1.899999999999992e-05,4.800000000000637e-05
46002,0.013982,-0.003955,-0.072249,0.00017900000000000034,5.600000000000006e-05,-0.0003000000000000086
45811,-0.0031520000000000003,0.001113,-0.066148,0.00022000000000000014,0.00016700000000000005,-0.0003650000000000042
44819,0.001549,-0.009669,-0.07631600000000001,0.000227,4.49999999999999e-05,-8.899999999999186e-05
45738,-0.007572,0.007337,-0.077175,-5.6000000000000494e-05,0.0001590000000000003,-0.00017900000000001248
45885,-0.012528000000000001,-0.008919999999999999,-0.064118,0.00017500000000000154,7.599999999999968e-05,-0.00010600000000000886
44370,-0.009607,0.002311,-0.07609199999999999,8.799999999999954e-05,0.0002539999999999999,-0.00014400000000000523
45899,0.00082,0.002384,-0.07589499999999999,0.00013000000000000002,0.0002509999999999999,-0.0002450000000000091
43134,-1.4999999999999999e-05,0.009278999999999999,-0.07287099999999999,-4.000000000000002e-06,0.00011599999999999978,9.999999999982245e-06
45111,0.0033610000000000003,-0.011125999999999999,-0.06568399999999999,0.0001929999999999996,3.999999999999837e-05,5.999999999992123e-06
45563,-0.0023740000000000002,0.012074,-0.062923,2.2000000000000318e-05,0.0002149999999999999,0.00011700000000000599
43949,-0.001001,0.008773,-0.061176,-8.400000000000009e-05,8.800000000000127e-05,3.800000000000331e-05
45920,-0.005108,-0.011491,-0.07655500000000001,0.00011099999999999999,0.00019199999999999946,-3.399999999999237e-05
45337,0.014635,-0.004174000000000001,-0.063655,0.00023899999999999963,0.00016000000000000042,-0.00011799999999999311
45771,0.015908,-0.00984,-0.071453,4.000000000000184e-05,6.300000000000056e-05,-0.0001280000000000031
41905,0.000703,0.012955,-0.069054,-7.999999999999999e-05,0.0001370000000000017,-3.799999999999637e-05
43759,-0.0035529999999999997,-0.012106,-0.072544,0.00023199999999999957,5.10000000000007e-05,-0.00019899999999999085
42228,0.003378,-0.000122,-0.065031,0.00020900000000000042,0.000247,-0.0004619999999999902
44905,-0.0023929999999999997,-0.005156,-0.06533499999999999,0.00018599999999999997,0.00034,-0.00011300000000000199
45850,-0.008121,0.004694,-0.06696200000000001,-3.900000000000084e-05,0.00011999999999999945,-0.0002889999999999976
42862,-0.006042,0.003756,-0.06395300000000001,0.0001299999999999999,0.00011700000000000035,-0.00017999999999998573
45576,0.003315,-0.010062,-0.061759999999999995,-2.7000000000000114e-05,-5.099999999999896e-05,-0.0001520000000000063
40437,-0.010118,-0.008846999999999999,-0.07124,7.500000000000041e-05,9.499999999999786e-05,-0.00022500000000000298
45278,0.001958,0.006911,-0.061922,0.00016100000000000012,0.00010899999999999972,-0.00020200000000000773
43577,0.013512,0.010567,-0.072852,0.00018300000000000087,4.799999999999943e-05,-0.0002869999999999956
46091,-0.009007,0.011791000000000001,-0.061269,-9.699999999999986e-05,0.00017,-4.400000000000237e-05
45366,0.000335,-0.012480999999999999,-0.07158400000000001,0.00016600000000000002,0.00010599999999999846,1.0000000000010001e-05
42947,-0.013567000000000001,0.011198,-0.06659999999999999,3.8000000000001574e-05,9.10000000000008e-05,0.00016599999999999948
45062,-0.0008990000000000001,-0.000264,-0.07178,9.100000000000004e-05,0.000299,-0.0004070000000000046
44698,-0.008297,-0.0056289999999999995,-0.071688,7.399999999999941e-05,0.00020699999999999972,-0.00016199999999999548
38582,0.011766,0.0023450000000000003,-0.06565,0.00011599999999999978,0.00018999999999999963,-3.600000000000825e-05
45161,0.015538999999999999,-0.005462,-0.068018,0.00011599999999999978,9.899999999999926e-05,-0.0001850000000000046
43078,-0.008669,0.004004,-0.075365,2.000000000000092e-05,0.0002669999999999999,-0.0001250000000000001
46138,0.00635,-0.010218,-0.06656100000000001,0.00011100000000000085,3.999999999998796e-06,-7.899999999999574e-05
45874,-0.008907,0.004953,-0.06962600000000001,3.200000000000078e-05,0.00023000000000000017,-0.0003539999999999932
45308,-0.009468,0.011637,-0.06820699999999999,1.9000000000001654e-05,0.00033400000000000096,7.899999999999574e-05
45901,0.005018,-0.0071589999999999996,-0.060439,1.4000000000000123e-05,0.00011399999999999952,-0.0005980000000000013
45931,-0.005861,0.007253,-0.061742,6.000000000000016e-05,0.00023200000000000044,-0.0002009999999999998
45927,0.000995,-0.010388,-0.06836400000000001,0.00011300000000000004,7.099999999999988e-05,6.499999999999562e-05
45210,-0.010013999999999999,0.010387,-0.062248,-7.000000000000062e-05,0.0001999999999999988,-9.800000000000086e-05
45302,0.008497999999999999,0.009739000000000001,-0.06784399999999999,0.0,0.00012099999999999785,-0.00011400000000001687
42364,0.01278,-0.0125,-0.06594799999999999,7.300000000000015e-05,-2.0000000000002655e-06,-8.800000000000474e-05
44682,-0.003364,5e-06,-0.073767,0.00011699999999999992,0.000197,-0.00038200000000000733
45551,-0.012827,0.011739000000000001,-0.065006,2.3999999999999716e-05,2.099999999999845e-05,7.799999999999474e-05
42014,0.013077,0.002735,-0.07385800000000001,6.0000000000001025e-05,6.199999999999999e-05,-0.0001679999999999876
43774,0.0123,0.00316,-0.06529,2.300000000000045e-05,0.00023499999999999997,-7.899999999999574e-05
44086,-0.013794,0.007878,-0.076264,-1.4999999999999389e-05,0.00020400000000000106,-6.899999999999962e-05
44008,-0.0011200000000000001,-0.0011359999999999999,-0.067324,0.00017700000000000018,0.0002509999999999998,-0.0004980000000000123
44300,-0.0074210000000000005,0.0010220000000000001,-0.07204300000000001,0.00019300000000000046,0.00023899999999999985,-0.0003539999999999932
42788,0.0009429999999999999,0.006599,-0.074574,0.00012599999999999992,0.00011700000000000078,4.099999999999937e-05
44162,0.001949,0.003469,-0.061853,0.00010899999999999994,0.00018899999999999993,-0.0003119999999999998
43718,-0.010243,0.005125,-0.076502,-3.300000000000004e-05,0.00020499999999999945,-0.00020199999999999385
45813,-0.012188000000000001,-0.011714,-0.070938,0.00010300000000000066,2.599999999999998e-05,-0.00021000000000000185
41003,0.005108,0.012329000000000001,-0.070694,-0.00010999999999999985,0.00010699999999999772,-0.00014299999999999036
44465,0.013151999999999999,0.011670999999999999,-0.070331,0.0003130000000000008,-0.0001549999999999989,-8.899999999999186e-05
38874,0.004111,-0.008225,-0.0718,0.00020199999999999992,4.2999999999999636e-05,-0.00021200000000000385
45575,-0.008921,-0.012794,-0.067667,5.10000000000007e-05,7.300000000000015e-05,-0.00024099999999999122
44751,0.016117999999999997,0.010553000000000002,-0.06694199999999999,0.00027800000000000394,0.00016099999999999795,-0.00017900000000001248
44958,0.015525,0.011130000000000001,-0.063239,7.000000000000062e-05,0.0002989999999999989,-0.00011999999999999511
45583,-0.0043760000000000005,-0.005613000000000001,-0.06826600000000001,0.00035200000000000075,0.00032500000000000064,-0.00013699999999999823
40727,-0.005894999999999999,0.000315,-0.071632,0.00018599999999999953,0.00013499999999999997,-0.0004159999999999997
37975,-0.0027589999999999997,0.012625,-0.065319,6.499999999999995e-05,0.0001239999999999991,0.00022500000000000298
35102,-0.004878,-0.003945,-0.07079200000000001,0.00015000000000000083,0.00018499999999999983,-0.00016700000000000048
45291,0.0023639999999999998,0.007626,-0.063293,6.400000000000025e-05,0.00022500000000000037,-0.00010399999999999299
41042,-0.012074,0.011300000000000001,-0.06944700000000001,-4.000000000000531e-06,0.0002899999999999986,0.0001250000000000001
45044,-0.012986000000000001,-0.005051999999999999,-0.07031799999999999,1.8000000000000654e-05,7.599999999999881e-05,-0.00022500000000001685
44308,-0.007694,0.0086,-0.075999,1.5000000000000256e-05,0.00014699999999999956,-0.00010699999999999599
44900,0.006404,-0.0029140000000000004,-0.070804,0.0002729999999999998,6.300000000000056e-05,-0.00025899999999999535
45570,0.007627,0.011865,-0.067562,-6.299999999999969e-05,7.499999999999868e-05,8.899999999999186e-05
45808,0.004913,3.5999999999999994e-05,-0.06382399999999999,0.00023999999999999976,1.5000000000000005e-05,-0.0004260000000000097
45216,-0.001317,0.000703,-0.067661,0.0001730000000000002,0.00016200000000000003,-0.00043800000000000783
45271,-0.004373999999999999,-0.010477,-0.064777,8.099999999999948e-05,-4.200000000000037e-05,-0.00010599999999999499
42785,-0.006077,-0.002589,-0.06991,0.00026400000000000035,0.0002530000000000002,-0.0002460000000000101
45610,-0.005945000000000001,0.001009,-0.061274999999999996,0.0001299999999999999,0.00013200000000000017,-0.0001880000000000076
44907,-0.003012,0.006681,-0.064223,-3.500000000000031e-05,0.00013799999999999923,-3.299999999999137e-05
44789,-0.014829,-0.006626,-0.07345600000000001,7.599999999999968e-05,0.0003050000000000006,-4.999999999999449e-05
42207,0.001417,0.003605,-0.06923900000000001,-7.999999999999978e-06,0.00026099999999999995,-0.00026799999999999047
41766,0.006538,-0.001946,-0.06905,0.0004349999999999996,6.300000000000012e-05,-0.0005110000000000114
43155,-0.013487,-0.0078060000000000004,-0.06989100000000001,-2.8000000000000247e-05,0.00019700000000000013,-2.5999999999998247e-05
45240,0.012186,-0.007213,-0.07320099999999999,-1.600000000000039e-05,0.00011300000000000025,-0.00028700000000000947
43686,0.009578,-0.005941,-0.072384,0.00018899999999999993,0.00010299999999999979,-0.00032200000000000284
45436,-0.012853999999999999,0.004625,-0.064441,0.00010499999999999919,0.00013100000000000004,-0.00019299999999999873
43808,0.012839,0.006592,-0.073002,0.0001820000000000016,6.099999999999942e-05,-0.0001360000000000111
45266,-0.009661,-0.008314,-0.075654,9.999999999992654e-07,0.00016700000000000048,-0.00011400000000000299
43994,0.0055439999999999994,0.011314,-0.070025,-7.499999999999955e-05,5.9000000000000025e-05,-2.5999999999998247e-05
45299,-0.012869,-0.0031720000000000003,-0.064685,0.00014299999999999903,0.00021500000000000035,-5.999999999992123e-06
45647,0.012734,0.010345,-0.073681,0.00019299999999999873,-3.0000000000000512e-05,-0.00026900000000000535
43196,0.0036509999999999997,0.002336,-0.07120099999999999,0.00012200000000000058,0.00026999999999999984,-0.00017100000000001836
45249,-0.00047999999999999996,-0.002918,-0.07300100000000001,0.00015099999999999993,0.00010500000000000006,-4.799999999999249e-05
45886,0.0031160000000000003,0.012081,-0.064358,-6.000000000000363e-06,0.000171000000000001,0.0002339999999999981
45446,-0.003499,-0.008125,-0.066702,0.00014499999999999973,8.799999999999954e-05,-0.000123000000000012
44139,0.015884,-0.000453,-0.075696,0.00014199999999999977,0.00016700000000000005,-8.099999999999774e-05
45663,-0.01471,-0.009646,-0.071465,6.800000000000209e-05,0.00028399999999999953,-0.00010599999999999499
46044,0.0046429999999999996,-0.0006919999999999999,-0.076017,0.00014899999999999983,0.0001879999999999999,-0.00012100000000000999
45386,-0.014916,0.004048,-0.06944499999999999,9.60000000000006e-05,0.00028099999999999913,-0.0002670000000000172
45374,-0.015882,-0.00117,-0.07202800000000001,0.00016000000000000042,0.00013700000000000019,-0.00011799999999999311
45883,0.017475,0.007401,-0.07155,0.00019699999999999926,0.00012199999999999971,-0.00013099999999999223
40234,-0.00864,-0.004866,-0.069993,1.1999999999999858e-05,9.699999999999986e-05,-0.0002370000000000011
42859,-0.00275,-0.009476,-0.069255,0.00020999999999999968,0.00016799999999999975,-0.00015600000000000336
45285,0.002686,0.005441,-0.062323,0.000245,0.0002440000000000003,-8.199999999999874e-05
45866,-0.0035150000000000003,-0.007481,-0.070049,1.1000000000000159e-05,0.00017,-0.00014999999999999736
41402,-0.012429,0.005791,-0.065881,-3.699999999999884e-05,0.00010199999999999966,-0.00017300000000000648
42857,-0.001691,-0.002478,-0.069414,0.00013699999999999997,7.200000000000002e-05,-0.0002939999999999887
43444,0.003606,-0.010035,-0.070074,0.00017200000000000028,3.500000000000031e-05,-0.00014600000000000724
42495,-0.012955999999999999,0.011441000000000002,-0.072702,7.799999999999821e-05,0.00015599999999999815,-4.999999999991123e-06
45213,-0.001986,0.008355,-0.07372100000000001,7.799999999999994e-05,0.00021299999999999965,-0.0001619999999999816
45286,-0.00013800000000000002,0.0024649999999999997,-0.062113,0.000142,0.000258,-0.0003029999999999977
37423,0.005296,0.00632,-0.071742,0.00015399999999999962,0.0001979999999999994,-0.00020200000000000773
43585,-0.001895,-0.0022719999999999997,-0.067975,0.00025,0.00015599999999999946,-0.0002490000000000131
46025,0.010893,0.006085,-0.069545,0.00014800000000000056,0.00033299999999999996,9.399999999999686e-05
43416,0.016055,0.007030000000000001,-0.06881999999999999,0.00028900000000000106,2.8999999999999512e-05,-0.0001830000000000026
44031,0.0037280000000000004,-0.010456,-0.070122,0.0001759999999999995,5.10000000000007e-05,-7.099999999998774e-05
36723,0.015531000000000001,0.005969,-0.068077,6.899999999999788e-05,0.0002450000000000004,-5.9000000000003494e-05
44923,0.006507,-0.0049169999999999995,-0.065192,0.00026400000000000035,7.200000000000002e-05,-0.0005639999999999951
44417,-0.006889,-0.007509,-0.06918300000000001,0.00014500000000000016,9.900000000000013e-05,-0.0002909999999999996
44951,0.00679,0.006241,-0.061677,0.00016500000000000022,0.0002310000000000003,-0.00013499999999999623
45338,-0.004953,0.010383,-0.061372,-8.5e-05,0.00025799999999999955,4.200000000000731e-05
44529,-0.015711,0.006923,-0.07315300000000001,-2.6000000000001716e-05,0.00039900000000000005,-0.00011599999999999111
45298,-0.0050880000000000005,0.011456,-0.072301,1.400000000000099e-05,0.0001870000000000014,-3.300000000000525e-05
41363,0.016045,0.004141,-0.067849,4.39999999999989e-05,0.00022700000000000064,-0.0002179999999999821
39663,0.016236,-0.010955999999999999,-0.070768,0.00014000000000000123,7.699999999999894e-05,-5.6000000000000494e-05
42517,0.016908000000000003,-0.012808,-0.06944499999999999,8.199999999999527e-05,-4.700000000000017e-05,-4.000000000001225e-05
36549,0.003707,0.008191,-0.061338000000000004,4.9e-05,0.0001299999999999999,0.00011100000000000693
45844,0.00392,0.002382,-0.073573,0.00019500000000000073,0.00022600000000000007,-6.80000000000125e-05
29830,0.001288,0.012988,-0.067453,-0.00010600000000000019,7.000000000000062e-05,0.00019899999999999085
42505,-0.001671,0.010784,-0.074391,-4.40000000000002e-05,0.0003020000000000002,-0.00013799999999999923
41092,-0.010461999999999999,0.0037530000000000003,-0.06867100000000001,9.499999999999786e-05,0.0002649999999999996,-0.00032399999999999096
45871,0.014236,0.0026880000000000003,-0.065494,8.89999999999988e-05,0.0002639999999999995,-9.499999999999786e-05
46019,-0.015132,0.004359,-0.074762,-2.999999999999531e-06,0.00015399999999999962,-0.00031399999999999484
44049,-0.009041,-0.000425,-0.066863,0.00016800000000000148,0.00031299999999999996,-0.0002510000000000012
44074,-0.007517,0.003125,-0.06155,0.00021400000000000065,0.0001389999999999998,-8.49999999999948e-05
45758,-0.002041,0.000691,-0.065547,0.00022099999999999984,0.0002410000000000001,-0.00032700000000000784
41933,-0.009292,-0.006163999999999999,-0.06879,4.200000000000037e-05,1.7999999999999787e-05,-0.0002799999999999886
43396,-0.009873,-0.001694,-0.07123099999999999,0.00011200000000000099,5.800000000000011e-05,-6.60000000000105e-05
45528,-0.000464,-0.000322,-0.061719,0.00011900000000000002,0.00010200000000000001,-0.0003029999999999977
45857,0.005955,-0.006273,-0.067247,0.0001429999999999999,2.199999999999945e-05,-0.0003459999999999991
45892,0.014194,-0.006549999999999999,-0.070295,1.0000000000001327e-05,0.0,-0.00011100000000001387
44610,0.003117,-0.003916,-0.062821,0.00027300000000000024,0.00010500000000000006,-0.0005759999999999932
44911,0.001996,-0.0037029999999999997,-0.065568,0.000317,0.0002999999999999995,-0.00026699999999998947
45828,-0.010183,0.011381,-0.06626699999999999,-9.000000000000327e-06,0.00024199999999999916,7.399999999999074e-05
42798,0.009173,0.006108,-0.069887,0.00017699999999999834,0.00017500000000000068,-0.00018599999999999173
45452,0.013868,0.008003999999999999,-0.062854,2.8999999999999512e-05,0.00019100000000000193,-0.0001310000000000061
45514,0.007324,-0.00020999999999999998,-0.072081,0.00033900000000000076,0.000206,-0.00017999999999998573
37470,0.005019999999999999,0.007037,-0.066451,3.500000000000031e-05,0.00014700000000000043,3.9999999999901226e-06
45603,-0.014586,-0.003399,-0.076207,4.799999999999943e-05,0.00010400000000000036,-9.200000000000874e-05
35610,-0.0065439999999999995,0.002827,-0.07470099999999999,2.8999999999999512e-05,0.00023899999999999963,-0.0001450000000000201
45063,0.012587999999999998,-0.010246,-0.062303,9.400000000000207e-05,8.000000000000021e-05,-3.600000000000131e-05
42634,0.010988,-0.010577,-0.07141800000000001,6.399999999999982e-05,7.799999999999821e-05,-0.0002839999999999926
45516,-0.009443,-0.004609,-0.069452,3.399999999999931e-05,0.00010700000000000032,-0.00022400000000000198
45519,0.005872,-0.005772,-0.072622,0.0001760000000000008,8.99999999999998e-05,-0.0003110000000000057
44019,0.012327,-0.001377,-0.07192799999999999,9.400000000000033e-05,4.0000000000000105e-05,-0.00021999999999999797
45255,0.013182000000000001,-3.9e-05,-0.072666,1.5999999999998654e-05,5.6999999999999996e-05,-0.0001320000000000071
44293,-0.004307,0.01075,-0.074101,1.8000000000000654e-05,0.00019100000000000193,-0.00010899999999999799
39404,0.005644,0.009009,-0.066621,1.400000000000099e-05,0.0001559999999999999,-6.299999999999362e-05
44017,0.004307,0.002826,-0.068324,8.5e-05,6.499999999999995e-05,-0.00033700000000000396
44949,-0.0028,-0.005599,-0.07308400000000001,0.00010099999999999996,9.999999999999593e-06,-0.00025499999999999134
17102,0.00023999999999999998,0.011515000000000001,-0.067552,-4.399999999999996e-05,0.00012599999999999938,8.800000000000474e-05
44003,-0.003813,-0.01031,-0.069147,0.00013000000000000034,0.00012199999999999885,-0.00012099999999999611
44717,0.004042,-0.0013369999999999999,-0.074946,0.00020800000000000072,0.0001519999999999998,-0.00013599999999999723
41706,-0.003556,-0.00417,-0.069585,0.00031999999999999997,0.00019399999999999973,-0.00026199999999999835
45832,0.015689,-0.007208,-0.071172,4.999999999999796e-05,9.099999999999994e-05,-0.00020799999999999985
44320,0.010009,0.003811,-0.06307,0.00016499999999999848,0.00013399999999999957,-5.9000000000003494e-05
44004,-0.006806,-0.0054,-0.07030299999999999,9.8e-05,0.00019300000000000046,-0.00011800000000002087
43513,-0.011666000000000001,0.001113,-0.072487,5.7000000000001494e-05,0.00014499999999999995,-0.0001390000000000141
44142,0.015073,-0.0018520000000000001,-0.067137,7.999999999999327e-06,0.0002490000000000001,-7.200000000000262e-05
44642,0.004771,0.004115000000000001,-0.06888599999999999,0.00011499999999999965,7.899999999999921e-05,-0.0001940000000000136
34728,0.00041799999999999997,0.011781,-0.066899,-4.7999999999999974e-05,0.00010399999999999993,8.799999999999086e-05
45016,0.006729,5.6e-05,-0.072093,0.0002779999999999996,0.00015999999999999999,-0.00015699999999999048
46093,-0.013758,-0.006521,-0.074865,6.600000000000009e-05,0.00018099999999999974,-0.00015199999999999936
45548,0.016968,0.011534,-0.070423,0.00011499999999999705,0.00010499999999999919,-0.00010400000000000686
45626,-0.006978,0.002033,-0.06772199999999999,4.49999999999999e-05,0.00012699999999999994,-0.00044700000000000295
45547,0.008974,-0.004193,-0.070576,0.00030299999999999945,2.900000000000038e-05,-0.00028100000000000347
42234,-0.000539,0.012356,-0.06786400000000001,-8.300000000000007e-05,0.00011599999999999805,9.300000000000974e-05
45517,-0.0013469999999999999,-0.012577999999999999,-0.06655,0.00016199999999999982,8.999999999998592e-06,-0.00011600000000000499
44916,0.0043289999999999995,-0.001944,-0.066232,0.00020800000000000072,0.00019800000000000004,-0.0005529999999999979
45270,-0.002144,0.003306,-0.07236,-1.399999999999969e-05,0.0003010000000000005,-0.000126000000000015
45510,5.3e-05,-0.0076820000000000005,-0.07165600000000001,0.000172,3.400000000000104e-05,-0.00018799999999997985
44899,-0.000662,-0.0009559999999999999,-0.067503,0.00015300000000000003,0.00026199999999999997,-0.0004980000000000123
45543,-0.00623,-0.0038250000000000003,-0.073795,-3.899999999999997e-05,0.00021400000000000021,1.5000000000001124e-05
35113,0.012644,0.006163999999999999,-0.069242,0.00014599999999999856,0.00011000000000000072,-0.0001850000000000046
41649,0.0026030000000000003,-0.008805,-0.07015600000000001,0.00019099999999999976,4.5999999999999167e-05,-0.00019199999999998385
40720,-0.001719,-0.006445,-0.071726,0.0001789999999999999,1.2000000000000725e-05,-0.00021299999999999097
43381,0.002507,-0.002278,-0.062517,0.00015799999999999972,0.00011800000000000005,-0.00032300000000000384
39835,0.004685,0.0037589999999999998,-0.068917,0.00013299999999999944,4.100000000000024e-05,-0.00024399999999999422
44909,-0.008969,0.008383,-0.065216,1.9999999999985307e-06,0.00010600000000000019,-4.700000000000537e-05
43410,-0.010048999999999999,-0.001366,-0.073843,2.199999999999945e-05,0.00011500000000000008,-0.0001739999999999936
45672,0.003352,-0.0026739999999999997,-0.060578,0.00030500000000000015,0.00022999999999999974,-0.0005379999999999968
43374,-0.0008349999999999999,0.010371,-0.069839,-5.200000000000007e-05,0.00027899999999999973,-5.9000000000003494e-05
43700,0.014827,-0.000851,-0.067586,0.0001289999999999989,0.00027900000000000006,-6.90000000000135e-05
45232,0.003958000000000001,-0.00847,-0.067143,0.0002639999999999995,7.699999999999894e-05,-0.0003049999999999997
42041,0.007567,0.0045839999999999995,-0.062557,0.00017100000000000014,0.00017200000000000028,-0.00010699999999999599
40997,-0.004149,0.010428000000000002,-0.072749,9.700000000000073e-05,0.00019499999999999726,-7.900000000000962e-05
41416,0.011483,-0.011138,-0.063409,-4.999999999999796e-06,0.00011100000000000172,-0.00011200000000000099
44658,-0.011829000000000001,0.001926,-0.073112,0.00012300000000000158,0.00012600000000000003,-0.0001300000000000051
44687,-0.003339,0.011749,-0.067488,-1.299999999999999e-05,0.00016000000000000042,7.100000000000162e-05
42218,-0.012251,0.010515,-0.06928,7.399999999999941e-05,0.0003010000000000009,-1.9000000000019e-05
43462,0.014033,0.011637,-0.07014100000000001,0.00028199999999999927,-2.199999999999945e-05,-0.00015299999999998648
44729,-0.009042999999999999,-0.010439,-0.066422,0.00013999999999999777,0.0001860000000000004,-0.0003090000000000037
39337,0.017172999999999997,0.004573000000000001,-0.069502,0.00010600000000000193,0.00015199999999999936,-0.0001320000000000071
45752,0.011991,-0.010349,-0.07126600000000001,0.00011199999999999925,0.00012299999999999985,-0.00023599999999998622
43388,-0.0007009999999999999,-0.003783,-0.069355,0.00017999999999999993,0.00012699999999999994,-0.00015800000000000536
45258,-0.000888,-0.00887,-0.066316,9.999999999999994e-05,8.3999999999999e-05,-0.00012999999999999123
42020,-0.014939000000000001,-0.005424,-0.074644,4.70000000000019e-05,0.00017399999999999968,-8.299999999999974e-05
42902,-0.009255000000000001,0.0031160000000000003,-0.068826,9.900000000000013e-05,0.00033199999999999983,-0.00043400000000000383
45468,0.004771,0.004307,-0.060736,0.00011099999999999999,0.0001479999999999997,-0.00021700000000000191
44635,0.00447,-0.012022999999999999,-0.06916599999999999,0.00011399999999999952,5.400000000000023e-05,-5.7000000000001494e-05
45913,0.0069370000000000005,-0.011153,-0.071983,9.8e-05,7.599999999999968e-05,-0.00015699999999999048
37358,0.011157,0.007571,-0.069868,0.00010899999999999972,0.00016000000000000042,-0.00019199999999999773
40008,0.0016899999999999999,-0.006609,-0.070555,0.0001550000000000002,-2.999999999999531e-06,-4.999999999999449e-05
45301,-0.0042190000000000005,0.008816000000000001,-0.070823,-1.0999999999999725e-05,0.00023699999999999936,-7.100000000000162e-05
36082,0.005814,0.001262,-0.070763,0.00017700000000000007,0.00015700000000000002,-0.00031499999999999584
43688,0.006829,0.001778,-0.070257,0.00018400000000000014,0.00013599999999999984,-0.0004230000000000067
45276,-0.0035670000000000003,-0.003433,-0.072582,9.30000000000002e-05,5.600000000000006e-05,-0.00029100000000001347
22358,0.012103999999999998,0.006189,-0.07250799999999999,0.0002500000000000002,4.80000000000003e-05,-0.00022100000000001285
41665,0.012308,-0.0066619999999999995,-0.067777,7.700000000000068e-05,0.00013100000000000004,-0.00014999999999999736
43450,0.010691,-0.011204,-0.067485,6.899999999999962e-05,-6.800000000000035e-05,-0.00014799999999999536
44534,0.0016020000000000001,-0.002092,-0.060714,0.0002369999999999998,-1.7000000000000088e-05,-0.00027000000000000635
43701,0.014676999999999999,0.003575,-0.073517,9.800000000000086e-05,0.00013199999999999974,-0.00011500000000000399
27266,0.001099,0.01058,-0.072953,-0.00010999999999999985,0.00015300000000000036,-3.599999999999437e-05
44002,-0.008869,0.009138,-0.062808,-5.300000000000096e-05,0.0002249999999999995,4.000000000004e-06
43412,0.013673,0.0012929999999999999,-0.065315,8.400000000000074e-05,0.00025,-0.0001239999999999991
41703,-0.00309,0.002033,-0.07340300000000001,0.00018199999999999987,0.00021699999999999975,-0.00032299999999998996
45835,0.001426,-0.005325,-0.06987099999999999,0.00011899999999999997,-8.000000000000194e-06,1.4999999999987246e-05
43731,0.007228,-0.001843,-0.07085599999999999,0.00037199999999999993,0.00013199999999999996,-0.0002480000000000121
44010,0.0023090000000000003,-0.012073,-0.070282,0.00012199999999999971,0.00011899999999999931,-0.00018999999999999573
39521,0.005925,0.004,-0.06726399999999999,0.00011900000000000018,5.1999999999999096e-05,-0.0001779999999999976
28193,-0.000127,0.01018,-0.070777,-3.400000000000001e-05,0.00018299999999999914,2.4000000000010124e-05
37366,0.011118000000000001,0.007982,-0.064717,5.899999999999829e-05,0.00013699999999999997,-1.6000000000002124e-05
44060,0.005273,-0.004403,-0.071784,0.00018899999999999993,-8.000000000000194e-06,-0.00038599999999999746
44307,0.008856999999999999,-0.007201,-0.064514,0.000341000000000001,2.1000000000000185e-05,-0.00027599999999999847
45127,0.01293,-0.01098,-0.069635,0.0001299999999999999,8.800000000000127e-05,-0.0003470000000000001
44006,0.003162,-0.0026160000000000003,-0.069565,0.00029200000000000016,0.00018700000000000053,-0.0004880000000000023
42552,0.003979,0.011269,-0.07154300000000001,-0.00013900000000000023,8.300000000000148e-05,8.000000000008e-06
45324,-0.006711,-0.011000999999999999,-0.06812399999999999,0.00012399999999999998,0.0001739999999999988,-0.00021400000000000585
44982,0.008138999999999999,0.003806,-0.072806,0.00020600000000000132,0.00010900000000000016,-0.00027200000000000835
44187,-0.011996,0.0010680000000000002,-0.074349,5.7999999999999025e-05,0.00016799999999999975,-1.0999999999997123e-05
45222,-0.000959,-0.007030000000000001,-0.07441299999999999,0.000134,0.00011900000000000105,-7.00000000000145e-05
44372,-0.008493,-0.011209,-0.06606999999999999,9.699999999999986e-05,0.00014800000000000056,-0.00034400000000001096
45542,-0.004981,-0.009303,-0.06551900000000001,0.0002230000000000001,3.199999999999904e-05,-0.00025599999999999234
44931,0.010307,0.00835,-0.0692,4.4000000000000636e-05,0.0001799999999999996,-0.00016199999999999548
44691,-0.00028000000000000003,-0.010475,-0.073145,0.00015300000000000003,7.700000000000068e-05,-5.8999999999989616e-05
45842,0.002392,0.002269,-0.06990900000000001,0.000183,0.00035499999999999985,-0.00014899999999999636
44337,-0.011887,0.009285,-0.066326,0.00016699999999999875,0.00020400000000000106,2.000000000002e-06
43075,0.002412,-0.009621000000000001,-0.067326,0.00018199999999999987,-2.9999999999998778e-05,-0.00013099999999999223
44941,0.004114,-0.0048,-0.076413,0.00015200000000000023,6.599999999999922e-05,-1.4000000000014001e-05
45513,0.004835,-0.0006820000000000001,-0.071635,0.0003129999999999999,0.00011200000000000012,-0.00032000000000000084
44319,0.009430999999999998,-0.004346,-0.068012,0.00021000000000000185,0.0001250000000000001,-0.00027499999999999747
43754,0.009901,-0.004386999999999999,-0.066098,0.0002599999999999998,8.99999999999998e-05,-0.00024099999999999122
41977,0.000902,0.0033250000000000003,-0.068417,-8.300000000000007e-05,0.0002149999999999999,-0.0003520000000000051
42285,-0.009224999999999999,-0.007529,-0.07068600000000001,8.299999999999974e-05,0.0001360000000000007,-0.0002889999999999837
44704,0.007341,-0.009127000000000001,-0.069549,0.00021000000000000012,-2.6999999999999247e-05,-0.0002430000000000071
39954,0.003245,0.000331,-0.069483,0.00011499999999999965,0.00013500000000000003,-0.0003019999999999967
45865,0.004444,0.007275,-0.06556100000000001,2.7000000000000114e-05,0.000183,-0.00010999999999999899
45580,-0.013675000000000001,-0.012317999999999999,-0.071257,0.00025900000000000055,0.00019800000000000026,-0.00011600000000000499
40735,-0.013054,0.002597,-0.07398,3.099999999999978e-05,0.000281,-0.00011600000000000499
39510,0.0065,0.006639,-0.071879,0.00017,0.0001360000000000007,-0.00013199999999999323
39923,0.000694,0.008396,-0.07054099999999999,7.999999999999978e-06,0.00020899999999999912,-6.40000000000085e-05
44613,-0.009732,0.00826,-0.07502800000000001,-4.4000000000000636e-05,0.0002459999999999997,-0.00020699999999998497
29483,0.008173,0.00908,-0.070461,0.00014199999999999977,0.00010399999999999993,-9.700000000001374e-05
42137,-0.013099,0.004141,-0.071247,7.300000000000015e-05,0.0003240000000000005,-0.00037600000000000133
41935,-0.010874,-0.000606,-0.070143,0.00018899999999999993,0.00023,-0.0002390000000000031
44902,-0.013851,0.003027,-0.071815,-2.999999999999531e-06,0.0002599999999999998,-0.0002319999999999961
43082,0.005293,-0.010051000000000001,-0.066983,0.0002409999999999999,3.0000000000000512e-05,-4.300000000000137e-05
41005,0.002881,-0.002437,-0.072157,0.0002270000000000002,0.00011800000000000005,-0.00022500000000000298
32999,0.0011539999999999999,0.011618999999999999,-0.066555,-7.099999999999988e-05,0.00013200000000000017,0.00010000000000000286
44615,-0.0014650000000000002,0.008656,-0.069429,2.3000000000000234e-05,0.00028800000000000006,2.6999999999999247e-05
44970,0.009256,-0.0040149999999999995,-0.065235,0.0002349999999999991,8.99999999999998e-05,-0.0003100000000000047
44910,-0.007269,0.002791,-0.06815099999999999,8.000000000000194e-06,0.0001789999999999999,-0.0003710000000000102
38631,0.008478,-0.007488000000000001,-0.072078,0.00020000000000000226,0.00011100000000000085,-7.699999999999374e-05
44628,-0.007517,5.2e-05,-0.0686,6.300000000000056e-05,0.00019800000000000002,-0.00033600000000001684
45277,0.003509,-0.0012720000000000001,-0.068718,0.0001950000000000003,0.0001240000000000002,-0.00044900000000000495
41032,0.003417,0.007757,-0.069263,-2.499999999999985e-05,9.800000000000086e-05,-8.999999999999286e-05
43512,-0.011918,-0.009543,-0.07165099999999999,8.000000000000021e-05,7.999999999999327e-06,-0.00019299999999999873
44782,-0.006023,-0.005273,-0.069935,0.00010899999999999972,0.00024200000000000003,-0.00020000000000000573
43879,0.00032,0.0016790000000000002,-0.063586,0.00014399999999999998,0.00018699999999999988,-0.0004229999999999928
45103,-0.004577,-0.010811999999999999,-0.07112600000000001,0.00018400000000000014,0.00012999999999999817,-9.199999999999486e-05
37988,0.009935000000000001,0.008948000000000001,-0.066928,3.3999999999997574e-05,7.499999999999868e-05,-8.199999999999874e-05
44000,-0.007746,-0.00409,-0.07219,6.700000000000022e-05,8.5e-05,-6.899999999999962e-05
43780,-0.01191,0.003458,-0.07119400000000001,7.500000000000041e-05,0.00029399999999999956,-0.00030999999999999084
45587,-0.012682,-0.004984,-0.071965,2.999999999999531e-06,0.00015800000000000015,-0.0002449999999999952
39077,0.008875,-0.000819,-0.067407,-5.299999999999923e-05,0.00016299999999999995,-0.00014600000000000724
43074,-0.00361,0.010407,-0.06676699999999999,-6.300000000000012e-05,0.00017200000000000028,7.899999999999574e-05
42483,0.004466,0.007917,-0.068758,-2.2000000000000318e-05,7.099999999999988e-05,-7.300000000000362e-05
44346,-0.00122,0.001224,-0.06482399999999999,0.00021100000000000003,0.00021999999999999993,-0.0003150000000000097
39605,-0.0021669999999999997,0.002779,-0.067899,-2.8000000000000247e-05,0.0002570000000000003,-0.00019600000000000173
45515,-0.008265,0.004981,-0.06806699999999999,2.199999999999945e-05,0.00018500000000000027,-0.0003010000000000096
42790,-0.0007019999999999999,0.007601,-0.071242,0.00014999999999999985,0.0002160000000000009,1.6000000000002124e-05
43687,-0.0034089999999999997,0.007926,-0.064636,-0.00011100000000000042,0.00016699999999999875,-2.4999999999997247e-05
45867,-0.004983,0.006261999999999999,-0.064094,-1.700000000000052e-05,0.00014500000000000103,0.00021300000000000485
45414,-0.00055,0.006139,-0.072408,-1.5999999999999955e-05,0.0003279999999999993,-4.899999999999349e-05
44766,0.001073,0.009486000000000001,-0.06931399999999999,-6.499999999999995e-05,0.00015299999999999862,2.899999999998737e-05
36518,0.016067,-0.002901,-0.068395,8.89999999999988e-05,9.999999999999983e-05,-7.000000000007001e-06
44728,0.000235,0.003747,-0.062131,0.00011599999999999997,0.0002490000000000005,-0.00023200000000000304
45955,0.006528,-0.008396,-0.063659,0.00020300000000000006,-0.0001549999999999989,-8.000000000008e-06
41320,0.007243,0.007326,-0.067951,-4.999999999999796e-06,7.999999999999934e-05,-0.00016900000000000248
39962,0.008537000000000001,0.007991,-0.068023,-8.299999999999974e-05,0.00016200000000000069,-9.100000000000774e-05
44165,0.010339000000000001,-0.01284,-0.064307,-5.400000000000023e-05,4.60000000000009e-05,-0.00015400000000000136
37982,0.010228,0.0024140000000000003,-0.0686,5.900000000000176e-05,0.00022999999999999974,-0.00015000000000001124
42298,0.001823,-0.001597,-0.069288,0.00016500000000000022,0.00017599999999999994,-0.0003999999999999976
45221,0.002842,-0.012607,-0.065223,7.900000000000008e-05,0.00018400000000000014,0.00010400000000000686
44297,0.00439,0.000968,-0.065706,0.00025100000000000035,0.000241,-0.0004659999999999942
41546,0.01473,-0.008558999999999999,-0.069025,9.60000000000006e-05,0.00011599999999999978,1.1999999999998123e-05
43814,0.008275000000000001,-0.012999,-0.06603400000000001,0.00014599999999999856,3.8999999999999105e-05,-0.0001679999999999876
36191,-0.000852,0.01061,-0.065578,1.2000000000000075e-05,0.000197000000000001,3.899999999999737e-05
42799,-0.000484,0.007925,-0.06647,-4.000000000000005e-05,0.00028300000000000027,-5.2999999999997494e-05
42876,0.0005620000000000001,-0.000979,-0.068452,7.499999999999987e-05,0.00014000000000000004,-0.00037800000000000333
34145,0.014977,0.001815,-0.070022,4.2999999999999636e-05,0.00011200000000000012,-8.299999999999974e-05
44683,-0.007673,-0.006522999999999999,-0.071059,0.00017100000000000014,0.0002169999999999993,-0.00015099999999999836
45697,-0.004256,0.009723,-0.069949,3.600000000000044e-05,0.00016299999999999822,7.699999999999374e-05
45948,-0.0043479999999999994,-0.012511,-0.069074,0.00014400000000000003,0.00010099999999999866,2.3999999999996247e-05
44614,0.0015580000000000001,0.001495,-0.066745,0.00013199999999999974,0.00024400000000000008,-0.00044800000000000395
42205,-0.009154,0.0017310000000000001,-0.06633499999999999,0.00013299999999999944,0.00026400000000000013,-0.00043900000000000883
45211,-0.013785,0.000652,-0.07167100000000001,6.300000000000056e-05,0.00014100000000000007,-0.0003599999999999992
45520,0.006389000000000001,0.004972000000000001,-0.062002,0.00019700000000000013,0.00016599999999999948,-0.00020299999999999485
41393,0.000642,0.005394,-0.071961,0.0001650000000000001,0.00016500000000000022,-0.00015000000000001124
35128,0.013686,0.0058319999999999995,-0.06741899999999999,-2.100000000000192e-05,0.00024200000000000003,-0.00012100000000000999
45908,-0.003561,-0.00375,-0.062644,8.299999999999974e-05,0.00027899999999999973,-0.0004870000000000013
45536,0.012562,0.001822,-0.06555899999999999,0.00012900000000000064,0.00021100000000000003,-0.00011600000000000499
45678,0.002557,-0.012273999999999998,-0.068434,0.00011500000000000052,0.00014299999999999903,-0.00011700000000000599
45996,0.011482,-0.005252,-0.06454,0.00027199999999999967,0.0001319999999999993,-0.0004619999999999902
41343,0.000425,-0.001342,-0.07091599999999999,4.000000000000005e-05,0.0002040000000000002,-0.00035000000000001696
41735,0.016883,-0.003502,-0.06695699999999999,6.500000000000256e-05,0.00011899999999999975,-1.9000000000005124e-05
37734,0.013516,-0.000415,-0.069209,0.00011299999999999852,0.000295,-0.00015999999999999348
43999,-0.008566,0.006181,-0.068732,-3.5999999999999574e-05,0.00016199999999999982,-0.00016099999999999448
43705,-0.003887,0.003811,-0.063037,0.00010899999999999972,0.00011399999999999952,-0.00028400000000000647
42825,-0.000162,-0.004012,-0.06799,0.00030900000000000003,0.00020199999999999992,-0.00014700000000000824
37969,-0.003397,0.005173,-0.06722199999999999,-5.300000000000053e-05,0.0001299999999999999,3.299999999999137e-05
35618,-0.006726,0.005153,-0.067241,1.5000000000000256e-05,0.00012400000000000085,-0.0002420000000000061
44298,-0.005216999999999999,0.009307000000000001,-0.06541,-3.000000000000398e-06,0.00012999999999999817,1.8999999999991246e-05
44009,-0.0044989999999999995,0.002898,-0.065417,0.00018399999999999927,0.00014999999999999996,-0.00023699999999998722
39005,-0.011626,0.003507,-0.074136,4.799999999999943e-05,0.000219,-0.0001340000000000091
45619,0.009234,-0.001939,-0.064251,8.000000000000021e-05,1.9999999999999836e-05,-0.00010699999999999599
43767,-0.0019850000000000002,0.003186,-0.061868,0.00015200000000000023,0.0002000000000000001,-0.0002329999999999971
45518,-0.000261,-0.0028079999999999997,-0.06835899999999999,0.00027100000000000003,0.00019000000000000006,-0.00015400000000001524
45614,0.0022080000000000003,0.002303,-0.064946,0.00014899999999999983,0.00023399999999999983,-0.0003470000000000001
43098,-0.009403,0.001194,-0.070993,0.00016299999999999995,0.00019099999999999998,-0.00028500000000000747
44310,-0.0014650000000000002,-0.0030600000000000002,-0.068821,0.00026400000000000013,9.900000000000056e-05,-0.00015300000000001424
45960,-0.004541000000000001,-0.002081,-0.064542,9.800000000000086e-05,0.00039599999999999987,-0.0002390000000000031
42524,-0.01104,0.007823,-0.068552,9.199999999999833e-05,0.00019899999999999952,-0.0001280000000000031
42499,-0.0032440000000000004,-0.008153,-0.069353,7.900000000000051e-05,0.0001810000000000006,-0.00011700000000000599
44944,0.010944,0.003494,-0.068709,3.4999999999998574e-05,0.00018199999999999987,4.000000000004e-06
45953,0.010475,-0.005042,-0.06567700000000001,0.00018299999999999914,8.99999999999998e-05,-0.0003989999999999827
42330,-0.011797,-0.00785,-0.06986,-0.00011899999999999931,9.099999999999907e-05,-0.00022400000000000198
45305,-0.012612,0.009678,-0.06532299999999999,0.00017,3.7999999999998105e-05,5.9999999999990616e-05
15880,-0.0005759999999999999,0.008185000000000001,-0.071649,1.4999999999999823e-05,0.000167999999999998,-5.2999999999997494e-05
40196,-0.007926,0.008114000000000001,-0.064637,-5.699999999999976e-05,0.00016399999999999922,-0.00010999999999999899
41620,0.002011,0.005124,-0.064569,5.899999999999959e-05,0.00021299999999999965,-5.6000000000000494e-05
34833,0.012708,0.000251,-0.06618500000000001,4.700000000000017e-05,0.000185,-7.499999999999174e-05
38585,0.009894,-0.010622,-0.06877,0.0001570000000000009,-6.600000000000182e-05,-0.0001290000000000041
34209,0.004860000000000001,0.010012,-0.06896899999999999,1.199999999999899e-05,0.00011699999999999905,5.2999999999997494e-05
40132,-0.0013779999999999999,0.004914,-0.06708,7.799999999999994e-05,0.00016100000000000055,-0.0001239999999999991
43178,-0.007632,0.006103,-0.067401,7.000000000000062e-06,0.00013400000000000044,-0.00010799999999999699
41004,0.003827,0.005690000000000001,-0.069786,0.0001870000000000001,0.00022599999999999964,0.00012999999999999123
33280,0.010990999999999999,0.004797,-0.067873,5.10000000000007e-05,0.00027999999999999987,-7.899999999999574e-05
44939,-0.010799,0.0014990000000000001,-0.065411,9.900000000000013e-05,0.0002279999999999999,-0.0002530000000000032
