Particle,x,y,z,Vx,Vy,Vz
18,0.003992,0.009102,-0.070195,0.0,0.0,0.0
2544,-0.011493999999999999,-0.005386,-0.070053,0.0,0.0,0.0
2572,0.000976,-0.005942,-0.076044,0.0,0.0,0.0
2465,0.005057000000000001,-0.011287,-0.068093,0.0,0.0,0.0
1861,0.0016200000000000001,-0.007214000000000001,-0.07132,0.0,0.0,0.0
1706,0.006785,0.0039689999999999994,-0.073803,0.0,0.0,0.0
181,0.007785,0.001052,-0.065189,0.0,0.0,0.0
2903,-0.008272999999999999,-0.012575,-0.066521,0.0,0.0,0.0
207,0.004026,-0.0004,-0.06404900000000001,0.0,0.0,0.0
2481,-0.0022400000000000002,-0.001279,-0.075779,0.0,0.0,0.0
3166,0.009352000000000001,-0.004881,-0.071358,0.0,0.0,0.0
3112,-0.0035710000000000004,-0.0063869999999999994,-0.074139,0.0,0.0,0.0
1892,0.016247,0.011861,-0.06820699999999999,0.0,0.0,0.0
2185,-0.012262,0.009446999999999999,-0.070038,0.0,0.0,0.0
125,0.013876,-0.008012,-0.06978,0.0,0.0,0.0
2920,-0.008326,0.008231,-0.07125100000000001,0.0,0.0,0.0
167,-0.00805,0.009653,-0.064068,0.0,0.0,0.0
3253,-0.010372999999999999,-0.005252,-0.059097000000000004,0.0,0.0,0.0
2897,-0.01107,0.000846,-0.07589499999999999,0.0,0.0,0.0
3558,0.0078,0.008515,-0.066716,0.0,0.0,0.0
2571,0.012747999999999999,0.010231,-0.06440699999999999,0.0,0.0,0.0
2851,0.000494,-0.005395,-0.069743,0.0,0.0,0.0
1685,-0.0019039999999999999,0.010033,-0.063461,0.0,0.0,0.0
134,0.004357000000000001,-0.001983,-0.073457,0.0,0.0,0.0
2915,0.014497,0.012289,-0.066746,0.0,0.0,0.0
3232,-0.005418,0.00023400000000000002,-0.063734,0.0,0.0,0.0
3319,0.017175999999999997,-0.002556,-0.074017,0.0,0.0,0.0
3142,-0.004422,-0.005729,-0.071577,0.0,0.0,0.0
2973,-0.01262,-0.006365,-0.064913,0.0,0.0,0.0
612,-0.013382999999999999,0.011607,-0.065795,0.0,0.0,0.0
3026,-0.0030710000000000004,0.0032719999999999997,-0.069985,0.0,0.0,0.0
3289,0.008320000000000001,0.012917,-0.070049,0.0,0.0,0.0
816,-0.0022429999999999998,0.004769,-0.07567700000000001,0.0,0.0,0.0
3273,0.007392,0.012536,-0.061323,0.0,0.0,0.0
2569,0.005527,-0.007285,-0.06164,0.0,0.0,0.0
3129,-0.006051999999999999,0.011127000000000001,-0.075277,0.0,0.0,0.0
2502,-0.006911,0.001444,-0.061516,0.0,0.0,0.0
2621,0.015335000000000001,-0.007607,-0.071212,0.0,0.0,0.0
2108,-0.00865,0.009635,-0.062527,0.0,0.0,0.0
996,-0.009315,0.011346,-0.06844599999999999,0.0,0.0,0.0
2514,0.0052569999999999995,0.011091,-0.068073,0.0,0.0,0.0
3144,-0.005697,0.000404,-0.061486,0.0,0.0,0.0
3171,0.014201,0.001264,-0.063376,0.0,0.0,0.0
3305,0.017537,-0.012554000000000001,-0.07029200000000001,0.0,0.0,0.0
2847,0.007123999999999999,0.009762999999999999,-0.062713,0.0,0.0,0.0
2834,0.010211,-0.009630000000000001,-0.06543,0.0,0.0,0.0
2864,-0.006882,-0.007088,-0.067481,0.0,0.0,0.0
140,0.012132,0.0125,-0.07313599999999999,0.0,0.0,0.0
2196,0.008757,-0.0056689999999999996,-0.071297,0.0,0.0,0.0
435,0.007445,-0.0026179999999999997,-0.06196,0.0,0.0,0.0
1445,0.004138,0.00945,-0.066047,0.0,0.0,0.0
137,0.00536,0.009208000000000001,-0.07135,0.0,0.0,0.0
2832,0.01039,-0.002875,-0.062662,0.0,0.0,0.0
1333,-0.000967,0.004166,-0.064881,0.0,0.0,0.0
696,0.012477,-0.010031,-0.071607,0.0,0.0,0.0
2240,-0.007977,-0.008698000000000001,-0.06654,0.0,0.0,0.0
1230,-0.007498,-0.009493,-0.06935899999999999,0.0,0.0,0.0
2872,-0.009451000000000001,-0.008234,-0.057989,0.0,0.0,0.0
3207,-0.005783,-0.0044329999999999994,-0.0606,0.0,0.0,0.0
3242,0.012746,-0.010312,-0.086623,0.0,0.0,0.0
2958,0.002779,0.004181,-0.058845999999999996,0.0,0.0,0.0
3249,0.010424,0.011933999999999998,-0.060886,0.0,0.0,0.0
2612,-0.001153,0.013554,-0.062293,0.0,0.0,0.0
700,0.012287000000000001,-0.009224999999999999,-0.064082,0.0,0.0,0.0
3285,0.002064,-0.011937,-0.06399300000000001,0.0,0.0,0.0
3293,0.0005909999999999999,0.009428,-0.066431,0.0,0.0,0.0
1582,-0.015587,-0.0061189999999999994,-0.076476,0.0,0.0,0.0
2985,0.018643,-0.007685,-0.068728,0.0,0.0,0.0
2663,0.017357,-0.005174000000000001,-0.07289,0.0,0.0,0.0
3383,0.017061,-0.0027069999999999998,-0.07138599999999999,0.0,0.0,0.0
247,-0.014704,-0.0050620000000000005,-0.065699,0.0,0.0,0.0
2758,-0.015752000000000002,0.004158,-0.070163,0.0,0.0,0.0
2868,0.012377,0.006533000000000001,-0.063762,0.0,0.0,0.0
2919,0.010067,-0.009784000000000001,-0.061606,0.0,0.0,0.0
2793,-0.009937,0.004819,-0.06745999999999999,-2.000000000000092e-05,-0.00010900000000000059,-0.00020000000000000573
2528,-0.0006770000000000001,-0.008076999999999999,-0.07423600000000001,-5.8999999999999916e-05,2.499999999999898e-05,0.00010200000000000486
3444,0.000363,-0.005886,-0.07594100000000001,3.700000000000003e-05,1.1999999999999858e-05,-4.099999999998549e-05
3107,0.001065,-0.004543999999999999,-0.070373,7.999999999999999e-05,5.999999999999929e-05,-8.299999999999974e-05
192,-0.008378,-0.005681,-0.07003,4.200000000000037e-05,0.00013100000000000004,8.700000000000374e-05
3501,-0.011218,-0.01047,-0.073303,0.00017099999999999928,0.00025400000000000075,0.00014399999999999136
2248,-0.003984,-0.0002,-0.061674,-7.500000000000041e-05,0.000222,7.999999999999674e-05
3597,-0.009281000000000001,0.007135,-0.068868,2.0000000000002655e-05,2.0000000000000052e-05,3.999999999999837e-05
629,0.007851,-0.005517,-0.07286799999999999,2.599999999999998e-05,-0.00011400000000000039,-9.300000000000974e-05
2058,-0.009805999999999999,0.003169,-0.076387,-6.800000000000209e-05,-7.699999999999981e-05,-2.2000000000008124e-05
2797,0.004066,-0.01282,-0.070055,-6.100000000000029e-05,-0.00012100000000000131,0.0001290000000000041
3647,-0.012162000000000001,-0.009676,-0.07007200000000001,0.0,0.00018400000000000014,0.0001980000000000176
1851,0.006528,0.002695,-0.074313,-2.8000000000000247e-05,-1.399999999999969e-05,-0.0002500000000000002
3561,0.013500999999999999,0.007422,-0.07376300000000001,-0.00032199999999999937,-8.000000000000021e-05,-5.0999999999981616e-05
3527,-0.012625,0.011640000000000001,-0.06820999999999999,-9.000000000000327e-06,-1.700000000000139e-05,5.4999999999985616e-05
3131,-0.006116,-0.00046300000000000003,-0.063741,2.199999999999945e-05,0.00024900000000000004,-8.299999999998586e-05
3466,0.000885,-0.004561,-0.062152,0.00014500000000000006,0.00030599999999999985,-0.0001419999999999963
3459,0.006424,0.001056,-0.062613,-2.0000000000000052e-05,0.00014499999999999995,8.100000000001162e-05
3566,-0.006312,-0.003265,-0.061787999999999996,8.5e-05,0.0002409999999999999,-0.00011300000000000893
684,-0.011673,-0.005012,-0.071227,-3.300000000000004e-05,-3.600000000000044e-05,-6.90000000000135e-05
2578,0.005843,-0.006032,-0.07062,-4.700000000000017e-05,6.500000000000082e-05,-1.4000000000000123e-05
3154,-0.013281000000000001,-0.01141,-0.067965,-6.199999999999956e-05,-6.600000000000009e-05,0.0003610000000000002
3645,-0.002297,0.006475,-0.064929,-1.5999999999999955e-05,0.00029100000000000046,-0.00010100000000000386
3182,-0.007922,0.001829,-0.06478700000000001,9.099999999999907e-05,0.0003250000000000002,3.900000000001125e-05
3448,0.00332,-0.009696999999999999,-0.06455899999999999,0.00025200000000000005,0.00013699999999999823,0.00024399999999999422
3454,-0.006,0.007904,-0.076726,-1.4999999999999389e-05,3.7000000000000574e-05,1.1999999999998123e-05
1519,-0.012045,-0.0049180000000000005,-0.07546,-3.300000000000004e-05,-1.4999999999999389e-05,-7.300000000000362e-05
3196,-0.0038959999999999997,-0.008433,-0.073097,-6.300000000000012e-05,6.100000000000029e-05,0.0
1517,-0.00713,-0.003736,-0.069785,4.0000000000000105e-05,8.600000000000014e-05,-3.400000000000625e-05
1024,-0.010162000000000001,0.00066,-0.066831,4.60000000000009e-05,-8.200000000000004e-05,-0.0002279999999999921
3237,0.001719,0.00229,-0.057582,-7.000000000000062e-06,0.00022500000000000037,-9.499999999999786e-05
2558,-0.006919,0.0035259999999999996,-0.060954,3.5999999999999574e-05,9.100000000000037e-05,6.400000000000156e-05
1029,0.010506999999999999,0.005397,-0.063676,-0.00021199999999999865,0.0002210000000000007,5.2999999999997494e-05
313,-0.013473,0.007292,-0.067441,-0.00011999999999999858,-0.00011900000000000018,4.699999999999149e-05
3134,0.005719,0.009067,-0.062871,3.4000000000000176e-05,0.0002149999999999999,5.9999999999990616e-05
2468,0.008757,0.012166,-0.065128,0.00014400000000000003,8.5e-05,-7.799999999999474e-05
262,0.01249,-0.010107,-0.067423,6.600000000000009e-05,8.199999999999874e-05,-8.700000000000374e-05
2517,0.010735,-0.010207,-0.065887,0.00012400000000000085,0.00015100000000000183,-4.999999999999449e-05
2466,-0.0075,-0.001306,-0.070438,2.8999999999999512e-05,-0.00011399999999999974,-6.199999999999262e-05
2244,-0.005396,0.010776999999999998,-0.074788,-2.2000000000000318e-05,1.2000000000001593e-05,-0.00010200000000000486
3570,-0.0013180000000000002,-0.008576,-0.06264,0.00017400000000000033,0.0003020000000000019,-0.00024399999999999422
3174,0.00505,-0.006947,-0.07179,-3.2999999999999176e-05,9.000000000000327e-06,-9.199999999999486e-05
3667,-0.001635,0.004144999999999999,-0.077452,2.9999999999999862e-05,2.4000000000000583e-05,-0.00011100000000001387
223,0.009586,-0.001635,-0.06817000000000001,3.5999999999999574e-05,0.0001020000000000001,-5.999999999992123e-06
3474,-0.0065899999999999995,0.009705,-0.061098999999999994,1.6999999999998787e-05,0.0003020000000000002,-0.00014300000000000423
425,-0.014191,-0.002007,-0.078311,2.999999999999531e-06,0.00018400000000000014,-0.00018499999999999073
2203,-0.005809999999999999,0.004053,-0.062005000000000005,2.2999999999999583e-05,0.00023099999999999943,2.5000000000011124e-05
3311,0.010659,0.008621,-0.06745,-0.00017700000000000007,7.799999999999994e-05,-0.0001290000000000041
3612,0.016456,-0.012071,-0.06894700000000001,5.000000000000143e-05,0.00011899999999999931,3.300000000000525e-05
545,0.0055709999999999996,0.009576000000000001,-0.074759,-8.99999999999946e-06,-5.000000000001531e-06,-0.00030599999999998684
3141,0.010259,-0.012299,-0.071128,-1.2000000000001593e-05,0.00017099999999999928,-7.400000000000462e-05
3463,0.016609000000000002,-0.004283,-0.07287300000000001,-2.999999999999531e-06,6.499999999999995e-05,-1.9999999999992246e-05
2153,-0.009483,0.00378,-0.071351,4.49999999999999e-05,6.399999999999982e-05,7.999999999999674e-05
2884,-0.000842,0.0038599999999999997,-0.060796,4.699999999999995e-05,0.00017900000000000034,0.00018699999999999967
3438,0.002199,0.013058,-0.06560099999999999,0.00012200000000000015,6.399999999999982e-05,-8.800000000000474e-05
827,-0.010143000000000001,0.004357000000000001,-0.06650400000000001,-8.3999999999999e-05,1.599999999999952e-05,-0.00010199999999999099
135,-0.002193,0.004911,-0.060478000000000004,3.199999999999991e-05,0.0002520000000000005,8.800000000000474e-05
3477,-0.005795,-0.006117,-0.074922,-3.000000000000398e-06,3.000000000000398e-06,-6.599999999999662e-05
1941,0.013974,0.009525,-0.07427500000000001,-0.00020400000000000106,0.0001399999999999995,9.100000000000774e-05
3481,0.006547,0.005006,-0.076543,0.0,-9.8e-05,-0.00022199999999999998
3040,0.004017000000000001,0.005448000000000001,-0.070071,1.6999999999998787e-05,-2.300000000000045e-05,-4.200000000000037e-05
3545,0.009810000000000001,0.010326,-0.063776,9.999999999992654e-07,4.0000000000000105e-05,-0.00018999999999999573
3411,0.009472,-0.01059,-0.061089,0.0001460000000000003,0.00028800000000000006,4.099999999999243e-05
3568,0.003718,0.005655,-0.076417,6.199999999999999e-05,-1.1000000000000593e-05,-0.00014200000000000323
3579,0.018600000000000002,0.010627000000000001,-0.071214,4.999999999999796e-05,0.0001510000000000001,-0.00021799999999999597
3644,-0.004466,-0.001395,-0.059649,-3.099999999999978e-05,0.00020699999999999994,-6.0000000000004494e-05
3657,-0.012422,0.009375999999999999,-0.078248,-2.099999999999845e-05,3.200000000000078e-05,-7.799999999999474e-05
3669,-0.013461,-0.006589,-0.076396,-0.00017699999999999834,0.00010600000000000019,0.00017900000000001248
3697,0.0010500000000000002,0.009207,-0.067568,3.2999999999999826e-05,4.900000000000043e-05,7.999999999999674e-05
2226,0.010173999999999999,-0.001769,-0.074101,0.00013900000000000197,-0.00013600000000000005,-9.299999999999586e-05
3106,-0.003882,-0.003628,-0.072872,-7.900000000000008e-05,7.200000000000002e-05,-0.00018899999999999473
3210,-0.003457,0.010564,-0.063225,8.399999999999987e-05,0.00034,-8.400000000000074e-05
99,0.012542999999999999,0.007161,-0.07041,-0.00010599999999999846,9.000000000000067e-05,2.6999999999999247e-05
1152,-0.0029140000000000004,0.002951,-0.07004600000000001,-2.499999999999985e-05,8.5e-05,-0.00020299999999998097
1350,-0.008548,0.009366,-0.075532,-7.399999999999941e-05,2.700000000000098e-05,-3.100000000000325e-05
8,-0.007964,-0.003316,-0.075472,-0.00011800000000000005,2.599999999999998e-05,-0.00010399999999999299
3163,0.012904,0.004107,-0.061877,2.8999999999999512e-05,-1.899999999999992e-05,-0.00016499999999999848
3345,0.013214,-0.008037,-0.060042,0.00010600000000000019,0.00022500000000000037,4.400000000000237e-05
2166,-0.010452,0.006804,-0.070987,-8.300000000000148e-05,2.0000000000000052e-05,-2.9000000000015125e-05
116,0.005844,-0.008143000000000001,-0.067412,4.19999999999995e-05,0.00015500000000000062,-1.0999999999997123e-05
2186,-0.011713,0.000756,-0.07161100000000001,2.8999999999999512e-05,-8.000000000000086e-06,-3.199999999999037e-05
149,-0.0056,0.010055999999999999,-0.062058,4.99999999999997e-05,0.0003640000000000015,-0.00025699999999999334
1405,-0.005641,-0.006227,-0.06839,0.00015800000000000015,0.00018000000000000047,-2.599999999998437e-05
1000,-0.010816000000000001,-0.0077,-0.071338,3.100000000000151e-05,-9.999999999992654e-07,0.00018499999999999073
2233,-0.0007790000000000001,-0.011278999999999999,-0.066093,0.0003720000000000001,0.00015699999999999915,6.1000000000005494e-05
1930,-0.010745,-0.002725,-0.062948,-1.1000000000000593e-05,0.00013599999999999984,-0.00014200000000000323
79,0.002438,0.001693,-0.06727200000000001,3.700000000000014e-05,8.399999999999987e-05,-2.999999999998837e-05
2187,-0.005881,-0.011772,-0.07469100000000001,0.00014599999999999943,-9.799999999999913e-05,1.7000000000003124e-05
3856,0.0005819999999999999,-0.006221,-0.062698,0.00032200000000000013,0.00037799999999999986,-8.799999999999086e-05
47,-0.009601,0.0075439999999999995,-0.072244,-2.1000000000000185e-05,6.0000000000001025e-05,-5.7000000000001494e-05
2460,-0.0043890000000000005,-0.008763,-0.071952,2.000000000001133e-06,8.000000000000021e-05,2.2999999999995246e-05
249,0.011715999999999999,-0.006744,-0.068763,1.2000000000001593e-05,0.0001799999999999996,-0.00011600000000000499
1210,8.9e-05,-0.005029,-0.06863,0.00023700000000000001,0.00020899999999999912,-0.00016800000000000148
2472,-0.011039,0.010372,-0.070663,9.000000000000327e-06,-6.999999999999888e-05,-3.899999999999737e-05
3834,-0.000873,-0.006153,-0.060087,0.00011399999999999995,0.0002429999999999993,-0.0001260000000000011
1970,-0.012218,-0.010383,-0.071873,8.000000000000021e-05,2.9000000000001247e-05,0.00029000000000001247
3164,0.017169,0.0076500000000000005,-0.068145,-0.00011800000000000352,8.299999999999887e-05,-6.599999999999662e-05
661,0.01077,-0.004713,-0.06893,4.60000000000009e-05,3.4000000000000176e-05,-2.2999999999995246e-05
3451,0.010423,-0.007133,-0.069505,-9.999999999992654e-07,-7.000000000000062e-06,1.5000000000001124e-05
3006,0.010562,0.008205,-0.0686,-0.00018400000000000014,0.0001229999999999981,-0.00015100000000001224
3133,-0.007364,-0.003049,-0.07206100000000001,-5.3000000000000096e-05,5.799999999999989e-05,-5.0999999999981616e-05
3489,0.006141,0.005692,-0.061127,-0.00016199999999999982,0.00014999999999999996,-7.300000000000362e-05
3791,0.003916,-0.007847999999999999,-0.063674,0.0002599999999999998,0.00017199999999999854,0.0001719999999999916
3820,-0.010338,0.011077,-0.071987,3.5999999999999574e-05,-9.200000000000007e-05,-2.3999999999996247e-05
3201,0.0058,0.011654,-0.065741,8.5e-05,4.2999999999999636e-05,-8.199999999999874e-05
3846,-0.007538,0.009632,-0.071872,7.699999999999981e-05,6.900000000000135e-05,-4.799999999999249e-05
20,0.005426,0.00111,-0.067005,-5.999999999999929e-06,3.399999999999974e-05,-5.300000000001137e-05
188,-0.009406000000000001,0.004581,-0.06626699999999999,-6.199999999999956e-05,0.00010299999999999979,-1.7000000000017e-05
3453,-0.00911,-0.012076,-0.070685,0.0002139999999999989,8.100000000000121e-05,0.00044700000000000295
3308,0.004315,-0.011949999999999999,-0.071039,-5.0000000000000565e-05,-0.00011600000000000152,-5.7000000000001494e-05
2910,-0.008650999999999999,-0.009574999999999998,-0.06715900000000001,6.599999999999835e-05,0.0002589999999999971,-3.799999999999637e-05
3287,-0.007558,-0.001203,-0.065591,0.00010700000000000032,0.0001560000000000001,-9.200000000000874e-05
3450,-0.009654999999999999,-0.007473,-0.073399,4.1999999999998636e-05,5.3000000000000096e-05,0.00016400000000001136
3271,-0.007862000000000001,-0.006868,-0.057332,-7.799999999999994e-05,0.0003849999999999999,-0.00010399999999999993
3231,-0.002126,-0.012539,-0.071556,0.0001389999999999998,0.00012100000000000131,-7.200000000000262e-05
3563,-0.008472,0.0006919999999999999,-0.066775,7.000000000000062e-05,0.00010300000000000012,-2.0000000000006124e-05
2819,0.001615,-0.0027530000000000002,-0.07533799999999999,1.4000000000000123e-05,2.7000000000000114e-05,-0.0001940000000000136
3188,-0.001974,-0.011791000000000001,-0.07757800000000001,0.00014300000000000011,-2.399999999999798e-05,-3.699999999998149e-05
819,-0.016061,-0.00307,-0.07281499999999999,-0.00012799999999999964,9.699999999999986e-05,2.6999999999999247e-05
3581,-0.002984,-0.007027,-0.061055,0.0001510000000000001,0.0003560000000000004,-0.00011300000000000199
3973,-0.004346,-0.002985,-0.07485299999999999,-0.0001719999999999994,-6.499999999999995e-05,-0.00016600000000001336
1001,-0.004358,0.013012000000000001,-0.066444,-6.899999999999962e-05,0.0001229999999999981,-9.999999999998899e-05
1375,-0.005848,0.00562,-0.06520999999999999,1.899999999999992e-05,0.00019399999999999973,-1.5000000000001124e-05
3835,0.003184,-0.009609,-0.072963,2.9999999999999645e-05,8.99999999999998e-05,-1.4000000000000123e-05
3140,0.00014199999999999998,0.012686999999999999,-0.066607,2.6000000000000036e-05,7.800000000000168e-05,-7.600000000000662e-05
3776,-0.004165,0.0019619999999999998,-0.061589,4.399999999999977e-05,0.00029200000000000016,0.00016599999999999948
3798,-0.0063,0.005809,-0.07503499999999999,-2.3999999999999716e-05,-8.199999999999961e-05,3.699999999998149e-05
3954,0.018281,-0.008187,-0.068407,5.999999999999062e-06,-3.300000000000004e-05,-0.0001830000000000026
503,-0.00531,0.005375,-0.072239,-3.7000000000000574e-05,0.00010700000000000032,-1.8000000000004124e-05
3951,-0.007089000000000001,-0.012792,-0.065888,0.00026200000000000095,0.00016900000000000075,-8.199999999999874e-05
265,0.01472,-0.0006360000000000001,-0.069435,-5.400000000000023e-05,0.0001530000000000001,-8.800000000000474e-05
1224,0.002049,-0.008317999999999999,-0.072247,-2.8999999999999946e-05,5.099999999999896e-05,6.399999999999462e-05
28,-0.0058460000000000005,0.012832000000000001,-0.06737399999999999,-1.0000000000001327e-06,0.00019099999999999846,-4.900000000000737e-05
3176,0.012266,-0.004893,-0.07181100000000001,0.0,3.099999999999978e-05,1.7000000000017e-05
2383,-0.012826,0.008708,-0.063179,-5.400000000000023e-05,-6.499999999999909e-05,2.2000000000008124e-05
3806,0.005477,0.0075060000000000005,-0.059447,2.0000000000002655e-06,6.399999999999982e-05,-0.00026299999999999935
3812,-0.000213,0.010416,-0.069968,0.000155,-8.299999999999974e-05,9.000000000000674e-05
3852,0.001439,-0.012843,-0.062232,4.6000000000000034e-05,0.00016700000000000048,5.700000000000843e-05
2549,-0.012240000000000001,0.005796,-0.063677,2.599999999999998e-05,-6.700000000000022e-05,-3.0000000000030003e-06
3860,0.011513,-0.0065309999999999995,-0.062380000000000005,4.99999999999997e-05,0.00015999999999999868,-4.499999999998949e-05
3883,-0.001129,-0.012706,-0.070524,0.000232,0.00012200000000000058,-0.00014799999999999536
2880,-0.006593,0.00387,-0.072497,0.0001479999999999997,4.69999999999993e-05,-0.00016299999999999648
3601,0.013800000000000002,0.006709,-0.062223,-4.800000000000117e-05,0.00011300000000000025,-0.00032899999999999596
3608,-0.011938,0.004051999999999999,-0.065679,-9.99999999999994e-05,-0.00011799999999999918,-0.0001250000000000001
3981,0.012179,-0.001306,-0.056915999999999994,0.00011699999999999905,0.0002490000000000001,0.00016599999999999254
3024,-0.002074,0.005096,-0.061524999999999996,0.0001209999999999998,0.00016599999999999948,0.00014699999999999436
1968,-0.012182,-0.0025830000000000002,-0.067805,-0.00013400000000000044,0.00016400000000000008,3.700000000000925e-05
2450,0.00045400000000000003,0.006305,-0.074184,8.099999999999996e-05,1.5000000000000256e-05,-3.499999999999337e-05
215,-0.00161,0.01156,-0.075742,3.300000000000004e-05,8.499999999999827e-05,-0.00014200000000000323
299,0.014691000000000001,0.004187000000000001,-0.068175,-6.600000000000009e-05,1.199999999999899e-05,9.999999999871223e-07
3121,-0.008529,-0.011349999999999999,-0.06954600000000001,5.000000000000143e-05,8.000000000000021e-05,0.0001310000000000061
2791,-0.011262000000000001,0.003227,-0.062303,1.4000000000001858e-05,0.0002670000000000003,2.3999999999996247e-05
3849,0.0027930000000000003,0.009842,-0.065356,-6.000000000000016e-05,0.0002470000000000007,-7.000000000000062e-05
255,-0.007235999999999999,-0.008765,-0.069878,6.799999999999948e-05,0.00016299999999999995,0.00016299999999999648
3779,0.015164,0.008162,-0.06724200000000001,-0.00011500000000000052,2.3999999999999716e-05,-0.00014299999999999036
3912,0.017469000000000002,0.00381,-0.07334600000000001,-0.00035700000000000315,0.00033799999999999976,0.0002460000000000101
3817,-0.015935,0.009069,-0.072089,0.00027500000000000094,-2.8000000000000247e-05,9.800000000000086e-05
2822,0.008425,0.0021309999999999996,-0.07054600000000001,-0.0001520000000000011,6.900000000000048e-05,-8.199999999998486e-05
1953,-0.00789,-0.002258,-0.07338599999999999,-0.00012200000000000058,-8.000000000000194e-06,-0.00016700000000000048
3937,-0.002002,-0.0005610000000000001,-0.074687,3.099999999999978e-05,5.000000000000013e-06,-0.00020299999999999485
1926,0.009715999999999999,-0.011401,-0.06619,9.60000000000006e-05,0.00019699999999999926,-5.8999999999989616e-05
3955,0.012043,-0.000824,-0.07434099999999999,2.000000000000092e-05,1.4999999999999931e-05,7.999999999994123e-06
951,0.011744,-0.004631000000000001,-0.063441,0.00015900000000000115,0.00021700000000000105,1.2999999999999123e-05
2457,0.007492,-0.010378,-0.074159,-6.100000000000029e-05,4.1000000000001105e-05,-8.699999999998986e-05
3728,0.003471,0.011801,-0.066607,0.00015499999999999976,5.7999999999999025e-05,-0.0003130000000000077
2155,-0.005902,0.003952,-0.070512,0.00010000000000000026,6.200000000000042e-05,-0.00014400000000000523
2890,0.0018,-0.008637,-0.064444,0.000291,0.0001870000000000014,1.5000000000001124e-05
208,-0.014845,-0.0029620000000000002,-0.07173600000000001,-0.0002149999999999999,1.5000000000000256e-05,-0.00013799999999998536
2489,0.010518000000000001,-0.006297,-0.063814,9.39999999999986e-05,0.00019999999999999966,-4.800000000000637e-05
1955,0.0036269999999999996,-0.001035,-0.077124,7.800000000000038e-05,-8.200000000000004e-05,-0.00010900000000001187
1031,-0.010395,0.004107,-0.061971,-3.999999999998796e-06,0.00023099999999999943,-0.00011499999999999705
432,0.000982,-0.011664999999999998,-0.06843099999999999,8.600000000000014e-05,0.00011299999999999852,7.599999999999274e-05
3213,-0.003346,-0.0010509999999999999,-0.060969999999999996,-8.600000000000014e-05,0.00027399999999999983,4.299999999999443e-05
3841,0.009642,0.003946,-0.059986,2.000000000000092e-05,0.0003100000000000004,1.5000000000001124e-05
3788,0.004963,0.000222,-0.067069,-1.000000000000046e-05,4.200000000000002e-05,-0.00018399999999998973
3862,0.010421,0.008244,-0.064283,-9.300000000000107e-05,6.0000000000001025e-05,-0.00014400000000000523
3135,0.003424,0.0018,-0.062676,-8.999999999999894e-06,0.0002369999999999998,-0.0001820000000000016
2131,0.014279,0.005728,-0.065038,-1.8000000000000654e-05,1.700000000000052e-05,-0.0002580000000000082
3437,0.004772,-0.001983,-0.073092,0.00011599999999999978,4.7999999999999866e-05,-0.00013699999999999823
1536,0.01324,-0.001009,-0.074219,-2.9999999999998778e-05,6.499999999999995e-05,2.0999999999993246e-05
3807,0.00315,0.0129,-0.065474,0.00024299999999999973,0.00011399999999999952,-0.0002269999999999911
3825,-0.012893,-0.010449,-0.068495,-0.00011300000000000025,5.400000000000023e-05,9.699999999999986e-05
320,0.013193,-0.0015,-0.068765,-3.500000000000031e-05,9.099999999999994e-05,-3.699999999999537e-05
3784,-0.005273,0.004156,-0.06758,3.5999999999999574e-05,0.0003740000000000002,4.200000000000037e-05
3770,-0.0068189999999999995,-0.002933,-0.062519,5.999999999999929e-06,0.0002729999999999998,-0.00019299999999999873
3330,-0.014292999999999998,0.011015,-0.069664,0.00012599999999999938,7.999999999999327e-06,-1.6000000000002124e-05
1524,-0.008036,-0.008504,-0.071711,0.00010800000000000046,8.99999999999998e-05,0.0001779999999999976
3792,0.0063230000000000005,-0.001786,-0.073984,7.699999999999981e-05,-7.999999999999999e-05,-5.099999999999549e-05
1470,0.014921,-0.010525,-0.06939000000000001,-2.499999999999898e-05,6.899999999999962e-05,-3.599999999999437e-05
3155,-0.0005480000000000001,0.008576,-0.069678,-1.299999999999999e-05,-5.300000000000096e-05,-0.0001330000000000081
3997,0.003372,-0.002285,-0.067542,0.00011400000000000039,7.100000000000032e-05,-0.00019499999999998685
3161,0.011577,0.005477,-0.064629,-0.0001010000000000004,0.0002429999999999993,-0.0002859999999999946
272,0.012131,0.008262,-0.071366,-0.00020199999999999906,0.00013299999999999944,-7.200000000000262e-05
1005,0.013688,-0.010579,-0.065933,9.49999999999996e-05,0.00031899999999999984,-3.200000000000425e-05
2891,-0.010856,-0.011984999999999999,-0.06651399999999999,0.00022799999999999904,-5.6000000000000494e-05,1.2999999999985246e-05
3458,-0.0069370000000000005,-0.007109,-0.07307599999999999,-2.2999999999999583e-05,6.200000000000042e-05,5.5999999999986616e-05
33,0.009827,0.001917,-0.07564499999999999,-9.10000000000008e-05,-0.00020399999999999997,-0.00017400000000000748
2643,0.008786,-0.010542,-0.072325,-7.999999999999327e-06,0.00010499999999999919,-5.2999999999997494e-05
1242,-0.0038669999999999998,0.004516,-0.066805,7.399999999999941e-05,0.0002500000000000002,-0.00010000000000000286
3598,0.015694,0.00715,-0.063871,4.000000000000531e-06,7.200000000000002e-05,-0.00013699999999999823
4009,-0.005827,-0.002406,-0.068319,9.49999999999996e-05,0.00014500000000000016,-0.00010100000000000386
2600,-0.006766,-0.004371000000000001,-0.075674,-6.999999999999975e-05,6.000000000000796e-06,-9.999999999998899e-05
3517,0.002246,0.00046100000000000004,-0.074129,4.19999999999995e-05,-4.000000000000005e-05,-0.0002459999999999962
32,0.006206000000000001,0.004162,-0.070237,-9.800000000000086e-05,-3.9999999999996635e-06,-0.00010500000000000786
2161,0.000997,0.006407,-0.07466500000000001,4.300000000000007e-05,3.799999999999984e-05,-5.7999999999988616e-05
3137,-0.008147999999999999,-0.0033239999999999997,-0.065479,8.199999999999874e-05,0.00020799999999999942,9.699999999998599e-05
1202,0.0061790000000000005,-0.010627000000000001,-0.07400799999999999,-4.4000000000000636e-05,4.4000000000000636e-05,-6.30000000000075e-05
3766,-0.012487,0.010837,-0.066323,4.89999999999987e-05,-7.699999999999894e-05,7.599999999999274e-05
1525,-0.001554,0.007571,-0.061729,-1.0999999999999942e-05,0.0002420000000000009,0.0
3148,0.007471,0.009885,-0.07424800000000001,-8.99999999999998e-05,-2.0000000000002655e-06,-0.0002989999999999937
37,0.0071200000000000005,0.009777,-0.069676,-0.0001910000000000002,8.000000000000021e-05,-0.00020000000000000573
3526,-0.012112,-0.009551,-0.066427,3.500000000000031e-05,0.00012599999999999938,0.00020799999999999985
2823,-0.011356999999999999,-0.007575999999999999,-0.072252,8.099999999999948e-05,3.8999999999999105e-05,0.0002940000000000026
4007,-0.013247,0.0026880000000000003,-0.07227800000000001,4.999999999999796e-06,-8.400000000000031e-05,-1.9999999999992246e-05
1147,-0.006287,0.00033400000000000004,-0.072299,-4.999999999999796e-06,-3.900000000000008e-05,-0.00012200000000001099
203,0.00036899999999999997,0.001769,-0.066187,4.100000000000002e-05,0.00011899999999999997,-8.800000000000474e-05
45,0.0020369999999999997,0.006288,-0.063109,-0.00011599999999999978,0.00011699999999999992,8.999999999995123e-06
2511,0.016942,-0.001271,-0.069586,-0.00011599999999999805,0.00015499999999999997,-7.200000000000262e-05
3465,0.006201,0.0032890000000000003,-0.062127,-7.300000000000015e-05,0.00011199999999999969,7.000000000000062e-05
211,0.014695,-0.008457000000000001,-0.070523,-5.099999999999896e-05,6.399999999999982e-05,-0.0001300000000000051
2473,0.006939,-0.004012,-0.06744199999999999,4.30000000000005e-05,0.00018000000000000004,-8.500000000001562e-05
3123,0.010143000000000001,-0.0067859999999999995,-0.069104,1.4999999999997654e-05,1.0999999999998858e-05,-1.000000000001e-06
1957,-0.011728,0.008084,-0.064774,-3.399999999999931e-05,-1.0999999999998858e-05,4.699999999999149e-05
3119,0.006673,-0.005501000000000001,-0.068949,3.000000000000398e-06,-2.3999999999999716e-05,-1.5000000000001124e-05
1229,0.013798999999999999,0.01225,-0.07217,-0.00024099999999999816,3.299999999999831e-05,-6.0000000000060005e-06
63,0.0014199999999999998,-0.0077859999999999995,-0.069536,9.299999999999998e-05,8.69999999999994e-05,-5.3999999999998494e-05
3808,-0.002232,0.007962,-0.074434,0.00013500000000000014,0.0001239999999999991,-6.599999999999662e-05
3824,-0.003235,-0.006541,-0.06926399999999999,0.00011599999999999978,0.00022599999999999964,1.8999999999991246e-05
2923,0.013473,-0.007431,-0.074157,8.99999999999998e-05,-3.099999999999978e-05,-9.699999999999986e-05
268,0.002662,-0.003473,-0.071541,1.9000000000000353e-05,1.299999999999999e-05,-0.00016100000000000836
15,0.000154,0.009760999999999999,-0.07455200000000001,3.7000000000000005e-05,0.00016700000000000222,-0.00011300000000000199
233,-0.014952,-0.005311,-0.069434,-0.00012799999999999964,6.099999999999942e-05,-5.6000000000000494e-05
2839,0.007972,0.0021579999999999998,-0.070161,-0.0001549999999999989,3.600000000000001e-05,-8.900000000000574e-05
655,-0.011023,-0.003492,-0.073828,-7.399999999999941e-05,-0.00012100000000000001,-1.5000000000001124e-05
4013,-0.0030299999999999997,-0.012659,-0.07269,0.00019499999999999986,0.00010599999999999846,-0.00014499999999999236
3759,-0.005265,-0.003558,-0.07490000000000001,-9.099999999999994e-05,-1.3000000000000424e-05,-0.00011099999999998611
1220,0.008603999999999999,-0.01141,-0.06789400000000001,1.600000000000039e-05,0.00018199999999999987,-4.299999999998749e-05
2417,-0.014397,-0.003212,-0.074616,-0.00013900000000000023,9.000000000000327e-06,-0.0001850000000000046
3974,0.009373,-0.008657999999999999,-0.065109,9.200000000000007e-05,0.00024199999999999916,3.9999999999901226e-06
2608,-0.0072380000000000005,0.011649,-0.07405800000000001,-7.599999999999968e-05,-8.5e-05,-0.00017699999999998273
3143,-0.008026,0.008282,-0.073302,5.9000000000000025e-05,6.900000000000135e-05,-0.00010499999999999399
201,0.006806,-0.006831,-0.069157,3.099999999999891e-05,-2.799999999999938e-05,3.0000000000030003e-06
2836,0.012173,-0.007141,-0.070875,2.9999999999998778e-05,3.399999999999931e-05,-8.600000000000274e-05
2810,0.0056890000000000005,0.012156,-0.066486,0.00014699999999999956,0.00015299999999999862,-0.00011200000000000099
3782,0.0070350000000000005,-0.010621,-0.073527,-7.099999999999988e-05,3.500000000000031e-05,-3.200000000000425e-05
118,-0.0023239999999999997,-0.005026,-0.070327,-1.1000000000000159e-05,0.0002249999999999995,-0.00011099999999999999
1273,-0.004947,-0.003278,-0.068116,0.00011300000000000025,0.0002480000000000004,3.899999999999737e-05
3476,-0.000629,0.008981999999999999,-0.066944,1.699999999999998e-05,8.7000000000002e-05,-0.0001749999999999946
1056,0.012249000000000001,-0.008504,-0.074078,-1.8000000000000654e-05,3.5999999999999574e-05,-9.399999999999686e-05
3837,0.011533,-0.006006,-0.073093,7.500000000000041e-05,-3.199999999999991e-05,1.3000000000013001e-05
3520,-0.011063,-0.004585,-0.063546,0.00012199999999999885,1.9999999999999185e-05,6.60000000000105e-05
1238,0.00171,0.002408,-0.06856100000000001,-8.299999999999996e-05,6.900000000000005e-05,-0.00011599999999999111
152,0.009292,-0.00785,-0.06789400000000001,8.800000000000127e-05,0.0002139999999999989,3.1000000000017125e-05
820,0.00197,-0.0006540000000000001,-0.074699,2.5000000000000282e-05,-3.8999999999999864e-05,-0.00019599999999998785
2264,-0.009693,-0.005535999999999999,-0.06908700000000001,7.500000000000041e-05,0.00028199999999999927,7.00000000000145e-05
3544,-0.000374,0.003573,-0.06314800000000001,7.0000000000000075e-06,0.0001250000000000001,5.600000000001437e-05
240,-0.00636,0.010756,-0.07023099999999999,-2.499999999999985e-05,0.00013599999999999897,-0.00022000000000001185
3199,-0.012185,0.011147,-0.065261,3.7000000000000574e-05,-9.60000000000006e-05,1.5000000000001124e-05
3498,-0.0032519999999999997,-0.0014550000000000001,-0.072598,-1.700000000000052e-05,-3.199999999999991e-05,-0.0001779999999999976
21,-0.003415,0.010728999999999999,-0.07443300000000001,6.199999999999999e-05,6.100000000000029e-05,-0.0002149999999999791
3773,0.008867000000000002,-0.001163,-0.063876,8.3999999999999e-05,0.00014900000000000004,-5.999999999992123e-06
2941,0.007541,0.006412,-0.061162,-0.00013100000000000004,0.0002249999999999995,-3.999999999999837e-05
101,0.012964,-0.00266,-0.06811,3.300000000000004e-05,7.400000000000028e-05,-0.00011400000000000299
25,-0.00816,0.00817,-0.075294,-9.49999999999996e-05,-1.600000000000039e-05,-2.3999999999996247e-05
3,-0.005694,-0.0008139999999999999,-0.07159900000000001,-5.400000000000023e-05,-7.999999999999978e-06,-0.00011599999999999111
3809,-0.011512,-0.0016690000000000001,-0.074867,-4.60000000000009e-05,-4.999999999999796e-06,-0.00013599999999999723
3455,-0.008941000000000001,-0.003568,-0.065542,-3.999999999998796e-06,0.00016899999999999988,1.4000000000000123e-05
1,-0.001021,-0.000502,-0.072124,-4.7999999999999866e-05,9.999999999999918e-06,-0.00010600000000000886
2816,0.005909,0.010948000000000001,-0.064376,0.00014899999999999983,0.00015799999999999842,-0.0002500000000000002
3479,-0.007143,0.008611,-0.06306,2.599999999999998e-05,0.00032699999999999917,-3.399999999999237e-05
3796,0.010407999999999999,-0.00091,-0.062704,0.00011000000000000246,0.000196,3.399999999999237e-05
1688,0.011517,0.007234,-0.06923399999999999,-0.00016299999999999995,0.00018099999999999974,-0.0002380000000000021
56,-0.006085,0.006584,-0.07459600000000001,-1.0999999999999725e-05,-5.799999999999989e-05,-4.799999999999249e-05
1947,0.0033,-0.010961,-0.07098099999999999,5.8000000000000326e-05,-8.799999999999954e-05,-8.500000000001562e-05
3708,-0.014003,0.001688,-0.076036,5.7999999999999025e-05,-0.00017100000000000014,-0.0002469999999999972
433,-0.0071319999999999995,0.012747999999999999,-0.06662,-7.300000000000102e-05,0.00015300000000000036,-4.300000000000137e-05
263,0.015914,-0.006757,-0.07372100000000001,0.00010499999999999746,0.00011499999999999965,-5.7000000000001494e-05
1340,0.013293,0.004048,-0.06805599999999999,-0.0001410000000000005,4.2999999999999636e-05,-9.000000000009e-06
3072,0.001232,0.003478,-0.064065,-4.3999999999999985e-05,9.89999999999997e-05,4.099999999999937e-05
3922,0.012858000000000001,-0.007312,-0.065148,0.00013199999999999844,0.00016199999999999982,1.4000000000000123e-05
3157,-0.00419,0.010505,-0.076325,6.000000000000016e-05,6.699999999999935e-05,-4.999999999999449e-05
2009,0.012241,0.010904,-0.07496699999999999,-5.4999999999999494e-05,3.999999999998796e-06,-0.00020400000000000973
1550,-0.013312,0.002421,-0.077717,3.399999999999931e-05,0.00013299999999999987,-3.799999999999637e-05
3895,0.004228,-0.007167,-0.074404,-3.000000000000398e-06,-7.900000000000094e-05,-5.8000000000002494e-05
3574,0.002525,0.00377,-0.075624,3.4000000000000176e-05,9.200000000000007e-05,-0.00016600000000001336
1565,-0.004485,0.005404,-0.067453,-5.999999999999062e-06,0.00016299999999999995,-0.0001880000000000076
3978,0.008493,0.00047999999999999996,-0.074938,-8.299999999999974e-05,-0.00018299999999999995,-9.000000000000674e-05
1950,0.005684,0.011219,-0.06818300000000001,6.200000000000042e-05,7.799999999999994e-05,-9.999999999998899e-05
2467,-0.010877000000000001,-0.0020870000000000003,-0.07153100000000001,-0.00011799999999999831,1.9000000000000353e-05,-4.099999999998549e-05
381,-0.003634,-0.009858,-0.07146599999999999,-5.099999999999983e-05,0.0001360000000000007,9.099999999999386e-05
2051,-0.014135,-0.004882,-0.07368999999999999,-0.00012799999999999964,0.00016599999999999948,6.799999999999862e-05
3850,0.0010860000000000002,-0.000743,-0.057669,7.999999999999978e-05,0.00022999999999999995,-0.00019399999999999973
3221,0.000763,0.004271,-0.062776,-9.400000000000001e-05,0.00019200000000000033,-8.400000000000074e-05
3534,0.006071,-0.005386999999999999,-0.063318,0.00012199999999999971,0.00021299999999999878,0.0001820000000000016
2827,0.008711,0.01109,-0.065755,0.00014599999999999856,5.7000000000001494e-05,-0.00019800000000000373
3783,-0.013599,-0.008286,-0.071639,-0.0001570000000000009,-3.199999999999904e-05,0.00013900000000000023
2575,0.017326,6.500000000000001e-05,-0.072877,-0.00012999999999999817,0.00010999999999999999,-8.200000000001262e-05
3764,-0.006477999999999999,-0.00865,-0.065849,0.00020099999999999892,0.00020799999999999985,-5.3999999999998494e-05
175,0.007594999999999999,-0.011385,-0.069076,-1.0999999999999725e-05,8.699999999999854e-05,2.1999999999994246e-05
3771,-0.002876,-0.004095,-0.06788899999999999,0.00010800000000000046,0.00020899999999999955,9.999999999871223e-07
489,0.002508,-0.004827,-0.063954,2.1999999999999884e-05,0.00017400000000000054,-1.8000000000004124e-05
42,0.002415,0.004888,-0.06921200000000001,-0.00012399999999999998,4.80000000000003e-05,-8.700000000000374e-05
3781,-0.0028929999999999997,-0.008459,-0.075247,-4.5000000000000335e-05,0.0001349999999999997,-8.900000000000574e-05
825,-0.015050000000000001,-0.008872,-0.070013,-7.499999999999868e-05,4.799999999999943e-05,0.00016800000000000148
196,0.003898,0.012176,-0.072006,4.0999999999999804e-05,7.600000000000141e-05,-0.0001850000000000046
185,-0.013699,0.007878999999999999,-0.069078,9.999999999999593e-06,-0.00013799999999999923,0.00010799999999999699
3434,-0.009637,0.001567,-0.071557,5.400000000000023e-05,-8.999999999999894e-06,-0.00014300000000000423
58,0.015517,0.002133,-0.07204,-4.200000000000037e-05,0.000147,-4.799999999999249e-05
146,-0.0006540000000000001,-0.009958999999999999,-0.067914,0.00019000000000000006,0.00025900000000000055,0.00011300000000000199
438,0.01001,-0.010567,-0.067755,4.700000000000017e-05,0.00019199999999999946,-7.000000000007001e-06
2844,0.014365000000000001,-0.000391,-0.067381,8.199999999999874e-05,5.000000000000013e-06,-0.00023200000000000998
2972,-0.007378,0.001002,-0.06450499999999999,6.000000000000016e-05,0.00027399999999999994,-0.00010800000000001087
2175,0.004703000000000001,0.010252,-0.066533,8.89999999999988e-05,0.0001389999999999985,-2.5999999999998247e-05
3986,0.014704,-0.005256,-0.061279,3.099999999999978e-05,0.00018899999999999993,9.30000000000028e-05
3893,0.014471999999999999,0.011637999999999999,-0.07031100000000001,-0.00019199999999999946,0.00016400000000000095,-0.0001719999999999916
3911,0.00591,-0.010404,-0.063268,0.00014899999999999983,0.0002570000000000003,-3.799999999999637e-05
2156,0.006083,0.012253,-0.071545,-4.6000000000000034e-05,0.00011200000000000099,-0.00018599999999999173
2787,-0.002605,-0.0037099999999999998,-0.075611,-5.600000000000006e-05,9.999999999999593e-06,-0.00013799999999999923
2160,-0.007227,0.00942,-0.07332,-2.1000000000000185e-05,6.700000000000109e-05,-0.0001729999999999926
3228,0.00328,0.002754,-0.061573,-3.999999999999967e-05,0.0001749999999999998,1.2000000000005062e-05
3772,0.003126,-0.011929,-0.069802,-5.099999999999983e-05,-8.299999999999974e-05,-7.499999999999174e-05
194,0.003996,0.005476,-0.065106,-0.00010500000000000049,0.00011099999999999999,-5.300000000001137e-05
191,0.004953,-0.002563,-0.069875,1.4000000000000123e-05,-9.99999999999699e-07,-0.00013999999999998736
3469,0.007488000000000001,-0.00475,-0.069728,-1.0000000000001327e-05,-5.9000000000000025e-05,-2.3000000000009124e-05
3907,0.009210000000000001,-0.010951,-0.062709,0.00013599999999999897,0.0002620000000000001,-7.999999999994123e-06
2904,0.0006129999999999999,0.010048,-0.063709,0.0001510000000000001,0.0002349999999999991,-9.099999999999386e-05
821,-0.003185,-0.002564,-0.066072,9.500000000000003e-05,0.00026500000000000004,-0.00013599999999999723
157,0.011986,0.010818,-0.072661,-0.00014800000000000056,8.800000000000127e-05,2.2000000000008124e-05
1307,0.016734000000000002,-0.004384000000000001,-0.064879,4.399999999999543e-05,0.00020300000000000092,-3.399999999999237e-05
3441,-0.0036509999999999997,-0.012039999999999999,-0.067718,4.0999999999999804e-05,9.39999999999986e-05,-7.400000000000462e-05
603,0.010369999999999999,-0.011132,-0.07143899999999999,8.000000000001062e-06,0.00017700000000000007,-3.300000000000525e-05
3888,-0.003734,-0.010626,-0.061512,0.00027300000000000024,0.00037500000000000033,-0.00016700000000000742
2803,0.0016979999999999999,0.007679999999999999,-0.07051099999999999,6.000000000000146e-06,-5.299999999999923e-05,-8.700000000000374e-05
3525,-0.015548,-0.0032730000000000003,-0.077791,2.3999999999999716e-05,0.00018500000000000027,9.800000000000086e-05
3785,0.012199999999999999,0.010561,-0.067568,-0.00016699999999999875,0.00010300000000000066,-7.999999999999674e-05
3757,-0.009483,-0.002664,-0.074744,-9.400000000000033e-05,-2.699999999999968e-05,-0.00012799999999998923
520,-0.0009809999999999999,-0.0029300000000000003,-0.072453,-3.700000000000014e-05,-5.799999999999989e-05,-0.00010799999999999699
389,0.011678000000000001,-0.003767,-0.069643,-5.000000000001531e-06,7.899999999999964e-05,5.7000000000001494e-05
1513,-0.004941,0.003573,-0.06970699999999999,1.299999999999999e-05,0.00011100000000000042,-0.00011600000000000499
2478,0.0042510000000000004,-0.012303000000000001,-0.066048,0.0001299999999999999,4.70000000000019e-05,-9.399999999999686e-05
1293,-0.004359,-0.005966,-0.06557500000000001,0.0001280000000000005,0.00027199999999999967,-0.00011399999999998911
1724,-0.012728999999999999,-0.00656,-0.06634000000000001,-4.000000000000184e-05,0.00012299999999999985,7.900000000000962e-05
250,0.010461999999999999,-0.005326,-0.067363,8.400000000000074e-05,0.00017,-2.9999999999891225e-06
306,0.016706,-0.00020899999999999998,-0.06820699999999999,-2.999999999999531e-06,0.000166,-4.800000000000637e-05
1296,-0.004637,0.003954,-0.0745,5.899999999999916e-05,3.499999999999944e-05,-0.00021400000000000585
2529,0.009373,-0.004854,-0.073885,4.1000000000001105e-05,-4.49999999999999e-05,1.000000000001e-06
104,-0.007687,0.011904999999999999,-0.070455,-3.9999999999996635e-06,-5.199999999999996e-05,-0.00010499999999999399
2,-0.00023400000000000002,0.001603,-0.07239,-7.999999999999978e-06,9.599999999999995e-05,-0.00016400000000001136
1529,0.007791,0.008353,-0.066634,-0.0002310000000000003,0.00010400000000000166,-9.099999999999386e-05
1537,-0.014535,0.004631000000000001,-0.07514799999999999,-2.800000000000198e-05,-0.00012100000000000045,-8.000000000008e-06
269,0.009196999999999999,0.008727,-0.068202,-0.0002500000000000002,8.3999999999999e-05,-0.00020799999999999985
113,-0.005378999999999999,0.0044329999999999994,-0.073184,0.0001719999999999994,-3.399999999999931e-05,1.4000000000000123e-05
392,-0.012477,-0.007061,-0.069653,-7.999999999999327e-06,0.0001269999999999995,9.199999999999486e-05
2602,0.014198,-0.012861000000000001,-0.066183,0.00010699999999999946,0.0001349999999999997,-1.8999999999991246e-05
54,-0.014932,-0.0036869999999999997,-0.074717,-0.00016399999999999922,4.9e-05,7.000000000000062e-05
3821,0.0166,-0.009987,-0.068377,1.1000000000000593e-05,9.099999999999907e-05,-7.600000000000662e-05
2492,-0.008266,0.004096,-0.073894,0.00010699999999999946,6.799999999999948e-05,7.300000000000362e-05
3440,0.001909,-0.004248,-0.071983,1.4999999999999823e-05,2.999999999999531e-06,-0.00013199999999999323
384,-0.003716,0.002232,-0.073027,9.500000000000003e-05,2.5000000000000282e-05,-0.0001880000000000076
839,-0.012653000000000001,0.002196,-0.063706,-5.400000000000023e-05,0.00015899999999999985,-3.200000000000425e-05
72,0.005296,-0.002604,-0.075053,6.700000000000022e-05,-9.200000000000007e-05,-0.00014200000000000323
270,0.0091,-0.010247,-0.070602,-4.000000000000531e-06,0.00014300000000000077,-8.100000000001162e-05
398,0.008151,-0.001414,-0.072024,-2.0000000000002655e-06,-5.5000000000000144e-05,-0.00013299999999999423
486,0.012592,0.0032370000000000003,-0.068678,-0.00019899999999999952,-2.2000000000000318e-05,-2.1999999999994246e-05
476,0.015957000000000002,0.004801000000000001,-0.072994,-6.800000000000209e-05,0.0002589999999999988,-6.699999999999762e-05
564,0.010206,-0.003254,-0.06393399999999999,0.00011300000000000025,0.00018699999999999967,-1.0000000000148779e-06
234,-0.001508,0.010118,-0.070978,0.000196,0.00011599999999999978,-9.599999999999886e-05
3813,0.003698,0.01114,-0.07159399999999999,2.7000000000000114e-05,6.000000000000796e-06,-0.00011800000000000699
908,0.007163999999999999,0.004732999999999999,-0.06889100000000001,-0.00017899999999999947,3.400000000000104e-05,-4.200000000000037e-05
73,0.006516,0.011863,-0.071548,-7.000000000000062e-05,6.899999999999962e-05,-0.00015500000000000236
3108,0.004796,0.00322,-0.06873699999999999,-6.999999999999975e-05,1.7000000000000088e-05,-8.299999999999974e-05
1613,0.003906,0.007011999999999999,-0.07115099999999999,2.5999999999999548e-05,-7.499999999999868e-05,-0.00012100000000000999
3165,0.008592,0.00911,-0.065792,-8.900000000000054e-05,7.000000000000062e-06,-1.1999999999998123e-05
3797,-0.015135999999999998,0.006320999999999999,-0.07211100000000001,-8.000000000001062e-06,-0.00016599999999999948,-3.0000000000002247e-05
3758,0.003643,-1.6e-05,-0.069113,0.00010500000000000006,0.000131,-0.00016800000000001536
36,-0.004828000000000001,0.012236,-0.069012,2.4000000000000583e-05,2.199999999999945e-05,-0.00010999999999999899
184,-0.008109,0.006973,-0.066161,7.900000000000094e-05,0.00020899999999999998,-3.399999999999237e-05
102,-0.00933,0.01034,-0.063311,5.999999999999062e-06,9.599999999999886e-05,0.00014400000000000523
3117,0.005784,0.011829000000000001,-0.070878,-5.6000000000000494e-05,8.699999999999854e-05,-0.0002560000000000062
400,0.004705,0.0014750000000000002,-0.065554,1.899999999999992e-05,0.00012399999999999976,-2.5999999999998247e-05
150,0.015387,0.010691,-0.068742,-0.00018699999999999967,0.0001510000000000001,-9.299999999999586e-05
858,-0.001608,-0.007759,-0.071831,-9.299999999999998e-05,7.200000000000002e-05,-0.00011699999999999211
3118,-0.003214,-0.012403,-0.068143,1.1999999999999858e-05,0.00015000000000000083,-0.00019600000000000173
2169,0.002164,0.009189,-0.070735,0.00010399999999999949,0.00010000000000000113,-6.799999999998474e-05
226,-0.0006129999999999999,0.002467,-0.06637900000000001,-4.800000000000008e-05,0.00010299999999999979,-0.0001739999999999936
3507,0.00641,-0.012369999999999999,-0.064685,0.0001940000000000006,0.00020999999999999838,0.00010700000000000986
617,-0.002529,0.006573000000000001,-0.071867,-1.6999999999999654e-05,6.599999999999922e-05,-0.00022099999999999898
248,-0.014764,0.005755,-0.069993,-0.00013300000000000117,-0.00011399999999999952,0.00011799999999999311
1845,-0.004429000000000001,0.000545,-0.064939,-8.599999999999927e-05,0.000232,-0.00015700000000000436
2252,-0.009906,-0.011448999999999999,-0.070132,0.0001360000000000007,0.00013400000000000044,0.00024399999999999422
171,1.7e-05,0.007983,-0.074404,0.000158,2.0000000000002655e-06,-7.500000000000562e-05
302,0.005322,-0.004556,-0.06707500000000001,0.00010199999999999966,0.0001410000000000005,-7.699999999999374e-05
3260,0.005738,0.002891,-0.07188800000000001,-8.700000000000027e-05,3.100000000000021e-05,-0.00024799999999998434
3765,-0.005685,-0.008427,-0.07172100000000001,1.600000000000039e-05,0.0001760000000000008,7.900000000000962e-05
456,-0.006728,0.010882,-0.063165,1.7999999999999787e-05,0.0002210000000000007,-0.00015800000000000536
3786,0.014224,0.0011040000000000002,-0.070273,-2.300000000000045e-05,0.00012199999999999971,-0.0001260000000000011
3518,-0.0044139999999999995,0.007737,-0.067635,-7.800000000000081e-05,0.00021600000000000005,-7.599999999999274e-05
554,0.005562,-0.00038,-0.072675,-6.800000000000035e-05,-6.199999999999999e-05,-0.00014499999999999236
917,0.010499000000000001,0.003009,-0.072131,-0.0001520000000000011,2.0000000000000052e-05,-0.00011099999999999999
2454,-0.010820999999999999,-0.0035310000000000003,-0.07118300000000001,-0.00013300000000000117,6.100000000000029e-05,3.400000000000625e-05
869,-0.003133,0.004368,-0.069535,-7.799999999999994e-05,0.00010799999999999959,-0.00010000000000000286
74,0.004723,-0.000431,-0.065584,-5.3000000000000096e-05,6.800000000000003e-05,-3.399999999999237e-05
439,-0.014829,-0.010163,-0.07140200000000001,-4.2999999999999636e-05,6.499999999999909e-05,0.0001810000000000006
812,0.01063,0.007587,-0.072984,-0.00021200000000000212,0.00012600000000000024,-0.0001920000000000116
399,0.0088,0.01259,-0.06791,-5.6000000000000494e-05,7.799999999999821e-05,-0.00011800000000000699
3220,0.0007840000000000001,-0.006776,-0.071377,-5.400000000000012e-05,3.699999999999971e-05,0.0
3826,0.004162,-0.006104,-0.065989,6.299999999999969e-05,0.0001299999999999999,-0.00024299999999999322
130,0.01075,0.004441,-0.065405,-5.699999999999976e-05,0.0002230000000000001,9.100000000000774e-05
111,-0.011626,0.000404,-0.06629,-6.500000000000082e-05,0.00011000000000000002,-0.00011500000000000399
3801,0.011313,-1e-06,-0.07234399999999999,-0.00012900000000000064,9.3e-05,-4.500000000000337e-05
3120,0.007477999999999999,-0.0054139999999999995,-0.066484,8.700000000000114e-05,0.00011499999999999878,-2.1999999999994246e-05
44,-0.01149,-0.008645,-0.07104099999999999,-6.000000000000796e-06,-5.699999999999976e-05,0.00020499999999999685
519,-0.0043170000000000005,0.009434,-0.06934699999999999,5.200000000000083e-05,0.00016100000000000142,-9.000000000000674e-05
2290,0.010882999999999999,0.009406000000000001,-0.066687,-0.00015199999999999936,2.999999999999531e-06,-0.00011900000000000799
537,-0.010282,0.009553,-0.06454399999999999,-3.8000000000001574e-05,-7.900000000000094e-05,7.399999999999074e-05
1245,0.0044,0.006902999999999999,-0.075797,-5.999999999999929e-06,1.8000000000000654e-05,-0.0001659999999999856
843,0.009907000000000001,-0.008910999999999999,-0.06849899999999999,8.79999999999978e-05,0.00017599999999999907,3.999999999998449e-05
2802,-0.012425,0.006335,-0.07256900000000001,-0.00011799999999999831,-1.7999999999999787e-05,5.6000000000000494e-05
2821,0.010996,-0.004942,-0.06654900000000001,9.900000000000013e-05,0.00021300000000000052,-7.999999999994123e-06
437,-0.006469,-0.004471,-0.070632,6.800000000000035e-05,0.0001730000000000004,-1.8999999999991246e-05
318,0.010712,0.0024809999999999997,-0.065989,-8.900000000000054e-05,0.0001740000000000001,-1.2999999999985246e-05
3662,-0.015106,0.003599,-0.071071,-5.4999999999999494e-05,-0.00018100000000000017,4.899999999999349e-05
143,-0.002033,0.011472,-0.069684,0.00019000000000000006,0.00015500000000000062,-0.00026900000000000535
1890,-0.000259,0.0074800000000000005,-0.06759399999999999,-0.000172,5.899999999999916e-05,-0.00015800000000000536
3156,0.002747,-0.009272,-0.06806100000000001,7.100000000000032e-05,2.000000000000092e-05,-8.299999999999974e-05
3435,0.00155,0.011448999999999999,-0.06808499999999999,6.20000000000002e-05,3.500000000000031e-05,-7.200000000000262e-05
212,-0.00899,0.007689,-0.07181900000000001,2.199999999999945e-05,0.0001260000000000011,-4.299999999998749e-05
912,0.013006,-0.003193,-0.064521,9.60000000000006e-05,0.00015700000000000002,-7.800000000000862e-05
3767,-0.005707,-0.002491,-0.072952,-8.69999999999994e-05,5.3000000000000096e-05,-0.00011599999999999111
51,-0.00724,0.005450999999999999,-0.071379,2.0999999999999318e-05,-1.999999999999398e-06,-7.000000000000062e-05
160,0.011685000000000001,0.0059050000000000005,-0.07001900000000001,-0.00013800000000000097,0.00010799999999999959,-0.00012599999999998723
71,0.004182,0.001761,-0.07081399999999999,-5.500000000000036e-05,-1.0000000000000026e-05,-8.000000000001062e-05
53,0.003747,0.00864,-0.07061100000000001,-9.99999999999699e-07,-3.099999999999978e-05,-0.0001239999999999991
57,0.0009320000000000001,0.003926,-0.067647,-7.900000000000008e-05,7.500000000000041e-05,-9.500000000001174e-05
1855,-0.0021709999999999998,0.004267,-0.068111,2.0000000000000052e-05,0.00020700000000000059,-0.0001280000000000031
48,0.00047,0.005422,-0.06804,-0.00012999999999999996,6.800000000000035e-05,-9.899999999998799e-05
3115,-0.0008349999999999999,0.009325,-0.069214,4.299999999999985e-05,3.600000000000131e-05,-0.0001350000000000101
2800,0.004200000000000001,0.004063,-0.067288,-5.4000000000001096e-05,0.00010899999999999972,-7.099999999998774e-05
151,-0.001805,0.008835,-0.069517,-5.999999999999994e-05,2.099999999999845e-05,-0.0003100000000000047
3114,-0.004019999999999999,-0.000206,-0.067892,2.399999999999885e-05,0.00031499999999999996,-0.00021800000000000985
1211,0.000132,-0.000253,-0.066925,7.0000000000000075e-06,0.00014500000000000003,-8.099999999999774e-05
1594,-0.0013109999999999999,-0.000973,-0.067313,2.800000000000003e-05,0.00019399999999999995,-0.00010800000000001087
106,-0.002075,0.009658,-0.067266,2.900000000000038e-05,1.4999999999999389e-05,-8.199999999999874e-05
123,0.004073,-0.008192,-0.06915600000000001,7.199999999999915e-05,5.300000000000096e-05,-8.399999999998686e-05
77,-0.003337,0.008449,-0.069548,-5.700000000000019e-05,8.200000000000048e-05,-0.00019700000000000273
2229,0.0070810000000000005,7.9e-05,-0.06643600000000001,-1.3000000000000858e-05,6.00000000000001e-06,-4.699999999999149e-05
807,0.002182,0.006532,-0.070713,-2.8999999999999946e-05,-2.7000000000000114e-05,-8.300000000001362e-05
180,-0.0038290000000000004,0.010089,-0.064968,7.900000000000051e-05,0.00015899999999999942,-0.00014399999999999136
3190,-0.006442,0.0076100000000000004,-0.070373,-5.000000000000664e-06,0.00014199999999999977,-3.799999999999637e-05
3449,-0.010971999999999999,0.00066,-0.06268699999999999,-1.5000000000001124e-05,0.00024300000000000005,-6.70000000000115e-05
2550,0.008941000000000001,0.009851,-0.066506,-0.00011300000000000199,7.700000000000068e-05,-8.199999999999874e-05
3109,-0.000391,-0.004122,-0.064562,0.00010600000000000003,0.0002569999999999994,-0.00011400000000000299
1298,-0.009793,-0.0011619999999999998,-0.064411,3.7999999999998105e-05,0.0003219999999999999,-2.000000000002e-06
2871,0.006017000000000001,0.007754,-0.066088,-0.00020500000000000032,-2.999999999999531e-06,8.499999999998786e-05
92,0.0013469999999999999,0.00020899999999999998,-0.066386,2.8999999999999946e-05,9.099999999999999e-05,-9.900000000000186e-05
1857,-0.00075,0.0087,-0.067998,-7.999999999999978e-06,9.000000000000327e-06,-0.00021100000000000285
3504,-0.010392,-0.006142000000000001,-0.069312,-2.0000000000002655e-06,0.00020700000000000145,9.000000000000674e-05
2815,-0.007715,-0.006769,-0.07094,4.6000000000000034e-05,0.00014500000000000016,1.0000000000148779e-06
1225,0.017353999999999998,0.001186,-0.06927,2.0000000000054696e-06,7.600000000000011e-05,-5.3999999999998494e-05
229,-0.009035999999999999,0.001623,-0.065437,6.299999999999882e-05,0.0001479999999999999,-6.70000000000115e-05
3272,0.000464,-0.004325,-0.064786,7.900000000000008e-05,0.00028999999999999946,-4.899999999999349e-05
1531,-0.012464000000000001,0.006091,-0.070805,-0.00010499999999999919,-3.699999999999971e-05,0.00010100000000001774
1559,-0.003955,0.001853,-0.067411,7.000000000000062e-06,0.000307,-6.20000000000065e-05
2463,-0.008435,0.001196,-0.063484,5.199999999999996e-05,0.0002459999999999999,-2.2000000000008124e-05
124,0.012247999999999998,-0.007136,-0.069468,4.6000000000002636e-05,0.00015300000000000036,-3.0000000000002247e-05
281,-0.009662,0.003491,-0.06909,-5.599999999999876e-05,-6.000000000000016e-05,-0.0001340000000000091
836,-0.011148,-0.0009429999999999999,-0.069309,-3.199999999999904e-05,-2.1000000000000077e-05,-0.00012999999999999123
97,0.013687,-0.0011439999999999998,-0.06773,-1.9999999999985307e-06,9.399999999999968e-05,-9.299999999999586e-05
1572,0.000155,0.008442,-0.065854,-0.00011,0.00010899999999999972,-0.00011799999999999311
2452,0.008204000000000001,-0.010778000000000001,-0.06861,8.299999999999974e-05,0.00016400000000000095,-2.8000000000000247e-05
66,0.006742,-0.001333,-0.070912,1.700000000000052e-05,-4.0000000000000105e-05,-0.00020399999999999585
837,-0.005939,0.003648,-0.071727,1.599999999999952e-05,-2.0000000000002655e-06,-0.0001280000000000031
3447,0.009209,-0.000777,-0.065372,-4.000000000000531e-06,0.00012700000000000005,1.4000000000000123e-05
19,0.0031810000000000002,-0.005416000000000001,-0.07332999999999999,9.999999999999593e-06,-2.3999999999999716e-05,-0.0002380000000000021
1217,0.013172000000000001,0.000464,-0.067884,-0.00011400000000000125,-2.599999999999998e-05,-0.00014100000000000223
2949,0.010302,-0.001524,-0.068735,-4.0000000000000105e-05,0.00013100000000000004,2.8000000000014125e-05
829,0.005111,-0.003906,-0.070865,7.600000000000055e-05,-1.0000000000000026e-05,-0.00014999999999999736
3145,0.014126,0.008071,-0.066505,-0.00016299999999999995,0.00021000000000000012,-0.00013699999999999823
3777,0.005309,0.004715,-0.063072,-3.4000000000000176e-05,0.00013900000000000023,4.300000000000137e-05
287,-0.011269999999999999,0.004391,-0.067745,-3.8000000000001574e-05,-7.500000000000041e-05,-4.400000000000237e-05
3127,-0.006593,-0.006248,-0.067833,9.400000000000033e-05,0.00024100000000000076,-0.00016700000000000048
982,-0.00507,-0.008343999999999999,-0.07103,-1.5000000000000256e-05,0.00016000000000000042,-9.000000000009e-06
3138,0.005163999999999999,-0.0066,-0.065469,0.00012000000000000031,0.00016599999999999948,-0.0001260000000000011
817,0.00134,-0.000644,-0.065815,4.49999999999999e-05,0.00013000000000000002,-0.00011200000000001487
3475,0.01047,-0.001827,-0.07087099999999999,-3.600000000000131e-05,0.00011000000000000007,-1.0000000000010001e-05
393,-0.0052060000000000006,0.007817000000000001,-0.070824,-5.699999999999976e-05,0.00027099999999999867,-0.00020400000000000973
1956,-0.009822,-0.0035710000000000004,-0.068256,-2.199999999999945e-05,0.00018300000000000044,2.0999999999993246e-05
1250,0.013571,0.011138,-0.066266,-0.00017700000000000007,6.300000000000056e-05,-8.600000000000274e-05
1864,0.015156000000000001,0.000518,-0.070631,-4.900000000000217e-05,0.00010099999999999996,-0.00014799999999999536
2570,0.003835,-0.009263,-0.064833,0.00017400000000000054,0.00012299999999999985,-2.2000000000008124e-05
353,0.012166,0.005367,-0.072243,-0.00016299999999999995,1.899999999999992e-05,-5.8000000000002494e-05
89,0.006239,-0.001648,-0.065996,2.900000000000038e-05,0.00011399999999999995,-4.200000000000037e-05
849,-0.001734,0.0063360000000000005,-0.069618,-9.200000000000007e-05,0.0001549999999999989,-0.00016600000000001336
88,0.013404,0.00549,-0.067251,-0.00016399999999999922,0.00020199999999999992,-7.699999999999374e-05
2605,0.014689,-0.012932,-0.06972199999999999,9.999999999999593e-06,0.00011800000000000005,6.0999999999991616e-05
30,0.003144,0.001526,-0.070787,-0.00022800000000000034,6.499999999999995e-05,-0.00026899999999999147
3555,-0.001287,0.0009310000000000001,-0.06401000000000001,-3.700000000000014e-05,0.00022499999999999983,-0.00014999999999998348
315,-0.012726000000000001,-0.000262,-0.06834399999999999,-9.39999999999986e-05,1.4000000000000015e-05,-8.400000000001462e-05
3439,0.001166,-0.0066500000000000005,-0.066982,0.00023999999999999998,0.0002480000000000008,7.299999999998974e-05
600,-0.006030000000000001,0.009226000000000002,-0.07092799999999999,-1.599999999999952e-05,0.0002609999999999991,-9.800000000000086e-05
2789,0.008653000000000001,0.006527,-0.073825,-0.00012300000000000158,-3.699999999999971e-05,-0.00016499999999999848
2191,0.000791,-0.008785,-0.06608499999999999,0.00025599999999999993,0.00023099999999999857,-9.100000000000774e-05
70,0.002006,0.011935000000000001,-0.06798799999999999,4.7999999999999866e-05,2.199999999999945e-05,-9.099999999999386e-05
219,-0.012092,0.00733,-0.069154,-3.399999999999931e-05,-8.69999999999994e-05,6.699999999998374e-05
259,-0.0011970000000000001,-0.012353,-0.068003,0.00012300000000000006,3.799999999999984e-05,-4.300000000001525e-05
4,-0.002303,0.004589,-0.06981799999999999,-9.600000000000017e-05,0.00010600000000000019,-0.00011400000000001687
405,-0.000954,-0.000515,-0.06379800000000001,-4.3999999999999985e-05,0.0001530000000000001,-0.00010299999999999199
422,0.007127,0.005575,-0.068175,-0.0002589999999999997,8.99999999999946e-06,4.999999999991123e-06
3456,0.012477,-0.000256,-0.074458,1.1999999999999858e-05,5.099999999999999e-05,-7.999999999994123e-06
993,0.01641,0.010852,-0.069938,-0.00017700000000000007,0.00012599999999999938,-2.9000000000001247e-05
112,0.007927,0.009906,-0.065453,9.599999999999886e-05,0.00010499999999999919,-0.00014999999999999736
38,-0.0009379999999999999,0.010215,-0.066878,-9.000000000000002e-06,4.700000000000017e-05,-0.0001719999999999916
466,-0.010506,0.003375,-0.066573,-3.5999999999999574e-05,-2.400000000000015e-05,-0.00011400000000000299
3124,0.00587,0.001426,-0.072225,-0.00011000000000000072,1.0000000000001327e-06,-0.0001300000000000051
472,0.011332,0.0036230000000000004,-0.06715900000000001,-0.0001499999999999991,1.4999999999999389e-05,-3.299999999997749e-05
1267,0.01452,-0.000376,-0.072687,-9.099999999999907e-05,0.00010399999999999998,-4.500000000000337e-05
2799,-0.008820999999999999,-0.010022999999999999,-0.067088,0.00020199999999999906,0.00012999999999999817,-0.00020599999999999785
2475,-0.01184,0.010271,-0.074654,-7.599999999999968e-05,-4.999999999999796e-06,2.2999999999995246e-05
2177,0.005161,0.009732,-0.072244,2.2000000000000318e-05,-2.8999999999999512e-05,-0.00015999999999999348
2533,-0.005941,-0.00036199999999999996,-0.065652,8.99999999999946e-06,0.000385,-0.00010100000000000386
3882,-0.013483,0.006325,-0.070782,-6.600000000000009e-05,-8.399999999999987e-05,0.00020199999999999385
165,0.016600999999999998,0.007156,-0.06828000000000001,-1.1999999999998123e-05,6.899999999999962e-05,-0.00018799999999999373
3874,-0.005169,-0.0048,-0.07116299999999999,0.00011599999999999978,8.799999999999954e-05,-0.0001250000000000001
62,0.013069,0.0029449999999999997,-0.069351,-0.00012900000000000064,0.00014200000000000063,-6.1000000000005494e-05
1101,0.004431,0.010901999999999998,-0.07091,3.799999999999984e-05,4.800000000000117e-05,-9.699999999999986e-05
86,-0.006821,0.008528,-0.067058,3.000000000000398e-06,0.0002509999999999995,-0.00010899999999999799
1911,-0.005359,0.001196,-0.071463,-5.7000000000000627e-05,3.0999999999999995e-05,-0.00015600000000000336
341,-0.013272,-0.00428,-0.070367,-6.300000000000056e-05,-7.799999999999994e-05,-5.7000000000001494e-05
2154,-0.012577999999999999,0.001926,-0.069521,-2.700000000000098e-05,-1.5999999999999955e-05,8.999999999995123e-06
402,-0.004426,0.010259,-0.06865,5.3000000000000096e-05,0.00021999999999999797,-0.00014099999999998836
355,0.010323,-0.0010840000000000001,-0.065135,2.099999999999845e-05,0.00019000000000000006,3.299999999999137e-05
