Particle,x,y,z,Vx,Vy,Vz
2793,-0.009957,0.00471,-0.06766,0.0,0.0,0.0
2528,-0.000736,-0.008052,-0.074134,0.0,0.0,0.0
3444,0.0004,-0.005874,-0.075982,0.0,0.0,0.0
3107,0.001145,-0.004484,-0.070456,0.0,0.0,0.0
192,-0.008336,-0.00555,-0.06994299999999999,0.0,0.0,0.0
3501,-0.011047000000000001,-0.010216,-0.073159,0.0,0.0,0.0
2248,-0.004059,2.2e-05,-0.061594,0.0,0.0,0.0
3597,-0.009260999999999998,0.007155,-0.068828,0.0,0.0,0.0
629,0.007877,-0.005631000000000001,-0.072961,0.0,0.0,0.0
2058,-0.009874,0.003092,-0.076409,0.0,0.0,0.0
2797,0.004005,-0.012941000000000001,-0.069926,0.0,0.0,0.0
3647,-0.012162000000000001,-0.009492,-0.06987399999999999,0.0,0.0,0.0
1851,0.0065,0.0026810000000000002,-0.074563,0.0,0.0,0.0
3561,0.013179,0.007342,-0.07381399999999999,0.0,0.0,0.0
3527,-0.012634000000000001,0.011623,-0.06815500000000001,0.0,0.0,0.0
3131,-0.0060940000000000005,-0.000214,-0.06382399999999999,0.0,0.0,0.0
3466,0.00103,-0.004255,-0.062293999999999995,0.0,0.0,0.0
3459,0.006404,0.001201,-0.06253199999999999,0.0,0.0,0.0
3566,-0.006227,-0.003024,-0.061901000000000005,0.0,0.0,0.0
684,-0.011706,-0.005048,-0.07129600000000001,0.0,0.0,0.0
2578,0.005796,-0.005966999999999999,-0.070634,0.0,0.0,0.0
3154,-0.013343,-0.011476,-0.067604,0.0,0.0,0.0
3645,-0.002313,0.006766,-0.06503,0.0,0.0,0.0
3182,-0.007831000000000001,0.002154,-0.064748,0.0,0.0,0.0
3448,0.003572,-0.00956,-0.064315,0.0,0.0,0.0
3454,-0.0060149999999999995,0.007941,-0.076714,0.0,0.0,0.0
1519,-0.012078,-0.004933,-0.075533,0.0,0.0,0.0
3196,-0.003959,-0.008372,-0.073097,0.0,0.0,0.0
1517,-0.00709,-0.00365,-0.069819,0.0,0.0,0.0
1024,-0.010116,0.000578,-0.067059,0.0,0.0,0.0
3237,0.001712,0.0025150000000000003,-0.057677,0.0,0.0,0.0
2558,-0.006883,0.003617,-0.06089,0.0,0.0,0.0
1029,0.010295,0.005618000000000001,-0.063623,0.0,0.0,0.0
313,-0.013593,0.007173,-0.06739400000000001,0.0,0.0,0.0
3134,0.005753,0.009282,-0.062811,0.0,0.0,0.0
2468,0.008901,0.012251,-0.065206,0.0,0.0,0.0
262,0.012556,-0.010025000000000001,-0.06751,0.0,0.0,0.0
2517,0.010859,-0.010055999999999999,-0.065937,0.0,0.0,0.0
2466,-0.007471,-0.0014199999999999998,-0.0705,0.0,0.0,0.0
2244,-0.005418,0.010789,-0.07489,0.0,0.0,0.0
3570,-0.0011439999999999998,-0.008273999999999998,-0.062884,0.0,0.0,0.0
3174,0.005017000000000001,-0.006938,-0.071882,0.0,0.0,0.0
3667,-0.001605,0.004169,-0.07756300000000001,0.0,0.0,0.0
223,0.009622,-0.0015329999999999999,-0.068176,0.0,0.0,0.0
3474,-0.006573000000000001,0.010007,-0.061242,0.0,0.0,0.0
425,-0.014188000000000001,-0.001823,-0.078496,0.0,0.0,0.0
2203,-0.005787,0.004284,-0.06197999999999999,0.0,0.0,0.0
3311,0.010482,0.008699,-0.067579,0.0,0.0,0.0
3612,0.016506,-0.011952,-0.068914,0.0,0.0,0.0
545,0.005562,0.009571,-0.07506499999999999,0.0,0.0,0.0
3141,0.010247,-0.012128,-0.071202,0.0,0.0,0.0
3463,0.016606000000000003,-0.004218,-0.072893,0.0,0.0,0.0
2153,-0.009438,0.0038439999999999998,-0.071271,0.0,0.0,0.0
2884,-0.000795,0.004039,-0.060609,0.0,0.0,0.0
3438,0.002321,0.013122,-0.065689,0.0,0.0,0.0
827,-0.010227,0.004373,-0.066606,0.0,0.0,0.0
135,-0.002161,0.005163,-0.06039,0.0,0.0,0.0
3477,-0.005798,-0.006114,-0.074988,0.0,0.0,0.0
1941,0.01377,0.009665,-0.074184,0.0,0.0,0.0
3481,0.006547,0.004908,-0.076765,0.0,0.0,0.0
3040,0.004033999999999999,0.005425,-0.070113,0.0,0.0,0.0
3545,0.009811,0.010366,-0.063966,0.0,0.0,0.0
3411,0.009618,-0.010302,-0.061048000000000005,0.0,0.0,0.0
3568,0.00378,0.005644,-0.076559,0.0,0.0,0.0
3579,0.01865,0.010778000000000001,-0.071432,0.0,0.0,0.0
3644,-0.004497,-0.001188,-0.059709000000000005,0.0,0.0,0.0
3657,-0.012443,0.009408,-0.07832599999999999,0.0,0.0,0.0
3669,-0.013637999999999999,-0.006483,-0.076217,0.0,0.0,0.0
3697,0.001083,0.009256,-0.067488,0.0,0.0,0.0
2226,0.010313000000000001,-0.001905,-0.074194,0.0,0.0,0.0
3106,-0.003961,-0.003556,-0.073061,0.0,0.0,0.0
3210,-0.003373,0.010904,-0.063309,0.0,0.0,0.0
99,0.012437,0.0072510000000000005,-0.070383,0.0,0.0,0.0
1152,-0.002939,0.003036,-0.07024899999999999,0.0,0.0,0.0
1350,-0.008622,0.009393,-0.075563,0.0,0.0,0.0
8,-0.008082,-0.00329,-0.07557599999999999,0.0,0.0,0.0
3163,0.012933,0.0040880000000000005,-0.062042,0.0,0.0,0.0
3345,0.01332,-0.007812,-0.059997999999999996,0.0,0.0,0.0
2166,-0.010535000000000001,0.006824,-0.07101600000000001,-3.4999999999998574e-05,6.299999999999969e-05,6.0000000000060005e-06
116,0.005886,-0.007988,-0.067423,1.1999999999999858e-05,0.0001360000000000007,-7.400000000000462e-05
2186,-0.011684,0.000748,-0.071643,4.999999999999796e-06,-5.000000000000013e-06,-5.2999999999997494e-05
149,-0.00555,0.01042,-0.062314999999999995,7.200000000000088e-05,0.000366,-0.00019700000000000273
1405,-0.005483,-0.006046999999999999,-0.06841599999999999,0.00014999999999999996,0.0001739999999999988,-2.000000000015878e-06
1000,-0.010785,-0.0077009999999999995,-0.07115300000000001,3.399999999999931e-05,-2.9000000000001247e-05,0.00021900000000001085
2233,-0.00040699999999999997,-0.011122,-0.066032,0.00047,0.00018899999999999993,0.00015099999999999836
1930,-0.010756,-0.002589,-0.06309000000000001,1.2999999999999123e-05,0.00017,-0.00014299999999999036
79,0.002475,0.001777,-0.067302,2.3999999999999716e-05,0.00013699999999999997,-0.00013999999999998736
2187,-0.0057350000000000005,-0.011869999999999999,-0.074674,0.00019000000000000093,-0.0001370000000000017,-0.00013499999999999623
3856,0.0009040000000000001,-0.005843,-0.062786,0.0002239999999999998,0.0002890000000000002,-0.00016700000000001436
47,-0.009622,0.0076040000000000005,-0.072301,-3.099999999999978e-05,3.099999999999891e-05,-7.599999999999274e-05
2460,-0.004386999999999999,-0.008683,-0.071929,-1.899999999999992e-05,0.00013299999999999944,0.000123000000000012
249,0.011728,-0.006564,-0.06887900000000001,2.8000000000000247e-05,8.399999999999987e-05,-8.999999999995123e-06
1210,0.000326,-0.0048200000000000005,-0.068798,0.000258,0.0002260000000000005,-0.00015899999999999248
2472,-0.01103,0.010302,-0.070702,0.0,-0.00010799999999999872,-8.599999999998886e-05
3834,-0.000759,-0.00591,-0.060213,0.00010599999999999997,0.00030200000000000105,4.300000000000137e-05
1970,-0.012138,-0.010353999999999999,-0.071583,7.699999999999894e-05,9.999999999999593e-06,0.0002819999999999906
3164,0.017050999999999997,0.007732999999999999,-0.068211,-0.00010199999999999446,0.00010999999999999985,-0.0001940000000000136
661,0.010816000000000001,-0.004679,-0.068953,8.499999999999827e-05,4.100000000000024e-05,-3.999999999999837e-05
3451,0.010422,-0.00714,-0.06949,1.9999999999985307e-06,-1.2000000000000725e-05,1.8000000000004124e-05
3006,0.010378,0.008327999999999999,-0.068751,-0.00027899999999999973,0.0002149999999999999,-0.00026599999999998847
3133,-0.007417,-0.002991,-0.072112,-6.200000000000042e-05,-1.5999999999999955e-05,-8.299999999999974e-05
3489,0.005979,0.005842,-0.061200000000000004,-6.600000000000009e-05,6.600000000000009e-05,-7.999999999994123e-06
3791,0.004176,-0.0076760000000000005,-0.063502,0.00023700000000000023,0.00014700000000000043,0.00013699999999999823
3820,-0.010302,0.010985,-0.07201099999999999,3.099999999999978e-05,-1.1000000000000593e-05,-1.7000000000017e-05
3201,0.005885,0.011696999999999999,-0.06582299999999999,9.8e-05,9.800000000000086e-05,-0.00026600000000000235
3846,-0.007461000000000001,0.009701000000000001,-0.07192,5.900000000000089e-05,4.1999999999998636e-05,3.599999999999437e-05
20,0.00542,0.0011439999999999998,-0.067058,-8.000000000000194e-06,3.000000000000008e-05,-3.899999999998349e-05
188,-0.009468,0.004684,-0.06628400000000001,-5.299999999999923e-05,0.0001380000000000001,-0.00014399999999999136
3453,-0.008896000000000001,-0.011994999999999999,-0.070238,0.00016500000000000195,0.00011299999999999852,0.00043099999999998695
3308,0.004265,-0.012066,-0.071096,-4.399999999999977e-05,-0.00011499999999999878,5.7000000000001494e-05
2910,-0.008585,-0.009316000000000001,-0.067197,0.00014899999999999983,0.00022300000000000098,-0.00020599999999999785
3287,-0.007450999999999999,-0.001047,-0.065683,9.799999999999913e-05,0.000169,-2.9000000000001247e-05
3450,-0.009613,-0.0074199999999999995,-0.073235,4.99999999999997e-05,-8.6000000000001e-05,0.00013699999999999823
3271,-0.007940000000000001,-0.006483,-0.057436,-0.00010499999999999919,0.0004029999999999997,-3.9999999999970615e-06
3231,-0.001987,-0.012417999999999998,-0.071628,0.00023900000000000006,0.00010099999999999866,5.3999999999998494e-05
3563,-0.008402,0.000795,-0.06679500000000001,3.799999999999984e-05,0.00013100000000000004,-5.8999999999989616e-05
2819,0.001629,-0.002726,-0.075532,2.3999999999999933e-05,7.100000000000032e-05,-6.499999999999562e-05
3188,-0.001831,-0.011814999999999999,-0.07761499999999999,0.00010899999999999994,8.499999999999827e-05,-0.00012000000000000899
819,-0.016189,-0.002973,-0.07278799999999999,-7.800000000000168e-05,8.90000000000001e-05,9.099999999999386e-05
3581,-0.002833,-0.006671,-0.061168,0.00023499999999999997,0.00032499999999999977,-0.0001429999999999973
3973,-0.0045179999999999994,-0.0030499999999999998,-0.075019,-2.5000000000000716e-05,-1.5999999999999955e-05,-0.0001310000000000061
1001,-0.0044269999999999995,0.013134999999999999,-0.06654399999999999,-3.400000000000104e-05,0.0001510000000000001,2.499999999998337e-05
1375,-0.005829,0.005814,-0.06522499999999999,8.000000000000194e-06,0.0002790000000000006,-0.00016200000000000936
3835,0.003214,-0.009519,-0.072977,3.700000000000014e-05,9.699999999999986e-05,-2.5999999999998247e-05
3140,0.00016800000000000002,0.012765,-0.066683,2.0999999999999995e-05,9.799999999999913e-05,-0.00013999999999998736
3776,-0.0041210000000000005,0.002254,-0.061423,5.7000000000000627e-05,0.0002570000000000003,0.00010800000000000393
3798,-0.006324,0.005727,-0.07499800000000001,-9.099999999999994e-05,-0.00010600000000000019,-2.799999999998637e-05
3954,0.018286999999999998,-0.00822,-0.06859,2.7000000000002716e-05,5.500000000000123e-05,-9.200000000000874e-05
503,-0.005347,0.005482,-0.072257,-2.4000000000000583e-05,6.900000000000048e-05,-3.0000000000030003e-06
3951,-0.006827,-0.012622999999999999,-0.06597,0.00027700000000000034,0.0002509999999999995,-0.00014100000000000223
265,0.014666,-0.000483,-0.069523,-3.500000000000031e-05,9.099999999999994e-05,-9.599999999999886e-05
1224,0.00202,-0.008267,-0.07218300000000001,-0.00010300000000000001,0.00010600000000000019,3.900000000001125e-05
28,-0.005847000000000001,0.013023,-0.067423,2.9000000000001247e-05,0.00016200000000000069,2.1999999999994246e-05
3176,0.012266,-0.004862,-0.071794,-4.000000000000531e-06,3.0000000000000512e-05,5.099999999999549e-05
2383,-0.01288,0.008643000000000001,-0.06315699999999999,-6.100000000000029e-05,-9.400000000000207e-05,-4.400000000001625e-05
3806,0.005479,0.00757,-0.05971,1.999999999999398e-06,8.899999999999967e-05,-0.00022500000000000298
3812,-5.8e-05,0.010333,-0.069878,0.000116,-5.199999999999996e-05,3.299999999999137e-05
3852,0.001485,-0.012676,-0.062174999999999994,8.200000000000004e-05,0.00013199999999999844,7.399999999999768e-05
2549,-0.012214000000000001,0.005729,-0.06368,4.300000000000137e-05,-9.099999999999994e-05,-6.30000000000075e-05
3860,0.011563,-0.006371000000000001,-0.062424999999999994,8.000000000000021e-05,0.00018400000000000014,-1.8000000000004124e-05
3883,-0.000897,-0.012584,-0.070672,0.000255,0.00011500000000000052,2.000000000002e-06
2880,-0.006445,0.0039169999999999995,-0.07266,0.00013699999999999997,3.0000000000000512e-05,-0.00010499999999999399
3601,0.013752,0.006822,-0.062552,-3.600000000000131e-05,0.00010600000000000019,-0.00028000000000000247
3608,-0.012038,0.003934,-0.065804,-9.299999999999933e-05,-0.00011599999999999978,-4.699999999999149e-05
3981,0.012296,-0.001057,-0.05675,0.00011099999999999999,0.00023400000000000005,0.0002020000000000008
3024,-0.001953,0.005261999999999999,-0.061378,8.200000000000004e-05,0.00016400000000000095,-4.399999999999543e-05
1968,-0.012316,-0.002419,-0.067768,-0.00016199999999999895,0.0001789999999999999,2.6999999999999247e-05
2450,0.000535,0.00632,-0.074219,7.200000000000002e-05,1.1999999999999858e-05,-1.7000000000017e-05
215,-0.001577,0.011644999999999999,-0.07588400000000001,5.600000000000006e-05,8.700000000000027e-05,-7.499999999999174e-05
299,0.014625,0.004199,-0.06817400000000001,-3.700000000000231e-05,-3.9999999999996635e-06,-2.699999999998537e-05
4225,0.015461,-0.0054,-0.07413800000000001,-3.500000000000031e-05,9.900000000000013e-05,1.4000000000014001e-05
3121,-0.008478999999999999,-0.011269999999999999,-0.069415,5.6999999999998024e-05,8.699999999999854e-05,0.00014599999999999336
2791,-0.011248,0.003494,-0.062279,9.999999999992654e-07,0.00020799999999999985,2.000000000002e-06
3849,0.002733,0.010089,-0.065426,-4.600000000000047e-05,0.0002500000000000002,-5.400000000001237e-05
255,-0.007168,-0.008602,-0.069715,3.399999999999931e-05,0.0001760000000000008,0.0001769999999999966
3779,0.015049,0.008186,-0.067385,-0.00010999999999999899,2.8000000000000247e-05,-0.00024199999999999222
3912,0.017112,0.004148,-0.0731,-0.0003049999999999997,0.00028600000000000066,0.00019999999999999185
4068,0.005043,-0.011242,-0.068084,5.4000000000001096e-05,-1.4999999999999389e-05,-0.00014599999999999336
3817,-0.01566,0.009041,-0.071991,0.00026500000000000135,-2.8000000000000247e-05,0.00011600000000000499
2822,0.008272999999999999,0.0022,-0.070628,-0.00013699999999999997,4.99999999999997e-05,-0.0001320000000000071
4094,0.003492,-0.0045579999999999996,-0.06327300000000001,0.00014599999999999986,0.00027199999999999967,4.400000000001625e-05
1953,-0.008012,-0.0022660000000000002,-0.073553,-0.00011399999999999952,-2.499999999999985e-05,-0.000130000000000019
3937,-0.001971,-0.0005560000000000001,-0.07489,2.1000000000000185e-05,2.0000000000000052e-05,-0.00024299999999999322
4104,0.007673,0.007573000000000001,-0.061518,-0.00011800000000000005,0.0001999999999999988,6.900000000000656e-05
1926,0.009812,-0.011204,-0.06624899999999999,5.699999999999976e-05,0.00016299999999999995,4.999999999999449e-05
3955,0.012063,-0.000809,-0.074333,2.499999999999898e-05,2.4999999999999957e-05,2.799999999998637e-05
4158,-0.0044139999999999995,-0.008308,-0.07373600000000001,-6.0000000000001025e-05,2.2999999999998716e-05,6.0000000000060005e-06
951,0.011903,-0.0044139999999999995,-0.063428,0.00012299999999999985,0.0002749999999999992,-0.0001229999999999981
2457,0.007431,-0.010336999999999999,-0.07424599999999999,-5.9000000000000025e-05,2.5999999999998247e-05,-0.00011200000000001487
3728,0.003626,0.011859,-0.06692000000000001,0.00016100000000000012,6.0000000000001025e-05,-0.00021599999999999397
4278,0.009237,0.000509,-0.05772,0.00013099999999999917,0.00021,-0.00017800000000000454
2155,-0.005802,0.004014,-0.07065600000000001,4.2999999999999636e-05,0.00010799999999999959,-0.00011999999999998123
4148,-0.006706,-0.010573,-0.065136,0.00018800000000000067,0.0004600000000000021,0.00016599999999999948
4157,-0.0063869999999999994,-0.001296,-0.059268999999999995,-7.200000000000002e-05,0.00022999999999999995,-5.600000000000743e-05
2890,0.002091,-0.00845,-0.064429,0.00027500000000000007,0.00017799999999999934,-5.2999999999997494e-05
4246,-0.007193,-0.010017,-0.058774,9.49999999999996e-05,0.0002649999999999996,-0.00013099999999999917
4093,-0.006731,-0.012218999999999999,-0.07252,0.0001879999999999998,1.899999999999992e-05,0.00014500000000000624
208,-0.01506,-0.002947,-0.071874,-0.00010299999999999893,7.900000000000008e-05,1.9999999999881224e-06
2489,0.010612,-0.006097,-0.063862,9.400000000000033e-05,0.0001780000000000002,-3.199999999999037e-05
1955,0.003705,-0.001117,-0.07723300000000001,6.400000000000025e-05,-9.400000000000012e-05,-0.00013099999999999223
1031,-0.010398999999999999,0.004338,-0.062085999999999995,6.999999999998327e-06,0.00020000000000000052,-4.400000000000931e-05
432,0.0010680000000000002,-0.011552,-0.068355,6.999999999999845e-06,0.0001239999999999991,0.00020599999999999785
3213,-0.003432,-0.000777,-0.060927,-6.799999999999992e-05,0.00017500000000000003,-4.900000000000043e-05
3841,0.009662,0.004256,-0.059971,-2.700000000000098e-05,0.00036099999999999934,-0.00014700000000000824
3788,0.004953,0.000264,-0.067253,3.000000000000398e-06,6.300000000000001e-05,-3.500000000000725e-05
3862,0.010327999999999999,0.008304,-0.06442700000000001,-7.499999999999868e-05,5.4999999999999494e-05,-0.00012099999999999611
4244,0.00985,0.009602000000000001,-0.067495,-0.00018099999999999887,9.000000000000327e-06,-0.00011699999999999211
3135,0.003415,0.0020369999999999997,-0.062858,-2.0000000000002655e-06,0.00016500000000000022,-6.599999999999662e-05
2131,0.014261,0.005745,-0.065296,-3.200000000000078e-05,-5.200000000000083e-05,-0.00044199999999999795
4206,-0.0045179999999999994,0.002008,-0.060405,1.199999999999899e-05,0.00028300000000000027,4.700000000000537e-05
3437,0.004888,-0.001935,-0.073229,4.80000000000003e-05,-1.5999999999999955e-05,-0.00010999999999999899
1536,0.013210000000000001,-0.000944,-0.074198,-3.400000000000104e-05,5.299999999999999e-05,1.8999999999991246e-05
4228,-0.008063,-0.008741,-0.058241999999999995,4.799999999999943e-05,0.00028500000000000053,0.00016399999999999054
4366,0.007108,0.002012,-0.058055,6.100000000000029e-05,0.00023000000000000017,-0.0001739999999999936
4235,-0.007633,0.011089,-0.065185,1.700000000000052e-05,0.00024399999999999943,-4.799999999999249e-05
3807,0.0033929999999999997,0.013014,-0.065701,0.00015299999999999992,8.299999999999974e-05,-0.0001789999999999986
3825,-0.013006,-0.010395,-0.068398,-7.199999999999915e-05,7.499999999999868e-05,0.00021799999999999597
4116,0.005617,0.01177,-0.060689,0.00011300000000000112,0.00012700000000000038,-9.299999999999586e-05
320,0.013158,-0.001409,-0.068802,-2.599999999999998e-05,7.000000000000018e-05,-5.9999999999990616e-05
3784,-0.005237,0.00453,-0.067538,5.500000000000036e-05,0.0001879999999999998,4.999999999999449e-05
3770,-0.006813,-0.00266,-0.062712,-3.300000000000004e-05,0.0002899999999999999,-0.00021699999999999497
3330,-0.014166999999999999,0.011023,-0.06968,0.00012700000000000038,-1.3000000000000858e-05,4.600000000000437e-05
4129,-0.0067009999999999995,0.010882999999999999,-0.069696,-7.100000000000075e-05,0.00011700000000000078,-7.999999999999674e-05
1524,-0.007928,-0.008414,-0.071533,0.00010799999999999872,8.900000000000054e-05,0.00011599999999999111
4066,0.00018099999999999998,0.007201,-0.063908,0.00016999999999999999,7.699999999999981e-05,-0.00036999999999999533
4084,-0.006625,0.009573,-0.075693,5.7000000000000627e-05,5.7000000000001494e-05,-8.900000000000574e-05
3792,0.0064,-0.001866,-0.07403499999999999,9.899999999999926e-05,-6.199999999999999e-05,-0.00011800000000002087
4099,-0.000618,-0.0023,-0.057366999999999994,9.999999999999994e-05,0.00017,0.00018999999999999573
1470,0.014896000000000001,-0.010456,-0.069426,-3.600000000000131e-05,9.400000000000033e-05,-3.799999999999637e-05
3155,-0.0005610000000000001,0.008523,-0.06981100000000001,-3.399999999999985e-05,-6.199999999999956e-05,-0.00013699999999998436
4125,-0.015848,0.002368,-0.076424,1.5000000000001124e-05,-0.0002239999999999998,-8.199999999999874e-05
3997,0.0034860000000000004,-0.002214,-0.06773699999999999,9.39999999999999e-05,7.499999999999998e-05,-0.00015700000000001824
3161,0.011476,0.005719999999999999,-0.064915,-7.300000000000015e-05,0.0002469999999999998,-0.00027499999999999747
272,0.011929,0.008395,-0.071438,-0.0001860000000000004,0.00013400000000000044,-9.499999999999786e-05
1005,0.013783,-0.01026,-0.06596500000000001,0.00013199999999999844,0.000282000000000001,-3.299999999999137e-05
2891,-0.010628,-0.012041,-0.066501,0.00019800000000000026,-4.1000000000001105e-05,-1.8000000000004124e-05
3458,-0.00696,-0.0070469999999999994,-0.07302,-5.5999999999999626e-05,9.099999999999907e-05,1.5000000000001124e-05
4173,0.014372,0.012476000000000001,-0.066623,-0.0001349999999999997,0.00015800000000000015,-0.00010000000000000286
4184,0.012977,0.0060149999999999995,-0.064633,-9.000000000000327e-06,1.2000000000000725e-05,-0.00027500000000001135
33,0.009736,0.0017130000000000001,-0.075819,-5.999999999999929e-05,-0.00014600000000000008,-0.00016499999999999848
2643,0.008778000000000001,-0.010437,-0.072378,7.999999999999327e-06,0.00012000000000000031,-0.0001250000000000001
1242,-0.0037930000000000004,0.004766,-0.066905,6.900000000000005e-05,0.00025299999999999975,-2.599999999998437e-05
4303,0.011975,-0.012586,-0.062363,0.00022000000000000144,0.0003259999999999999,0.00015099999999999836
3598,0.015698,0.007222,-0.064008,-8.999999999998592e-06,7.599999999999968e-05,-0.0002400000000000041
4377,0.013722,0.009689,-0.07245399999999999,-9.60000000000006e-05,0.00011400000000000125,0.00015399999999998748
4379,0.002427,0.002846,-0.07903400000000001,1.7999999999999787e-05,-4.399999999999977e-05,0.0001850000000000046
4009,-0.005732,-0.002261,-0.06842000000000001,0.0001429999999999999,0.00020300000000000006,7.900000000000962e-05
2600,-0.006836,-0.004365,-0.075774,-0.00011099999999999999,2.8000000000000247e-05,-3.400000000000625e-05
3517,0.0022879999999999997,0.000421,-0.074375,1.800000000000022e-05,-1.699999999999998e-05,-0.00019399999999999973
32,0.006108,0.004158,-0.070342,-0.00011499999999999965,-5.999999999999929e-06,-0.00012099999999999611
2161,0.0010400000000000001,0.006445,-0.074723,5.400000000000001e-05,3.4000000000000176e-05,-3.700000000000925e-05
3137,-0.008066,-0.0031160000000000003,-0.06538200000000001,3.400000000000104e-05,0.00018000000000000047,-2.0999999999993246e-05
1202,0.006135,-0.010583,-0.074071,-5.099999999999983e-05,5.900000000000176e-05,-5.6000000000000494e-05
3766,-0.012438000000000001,0.01076,-0.066247,8.000000000001062e-06,-7.099999999999988e-05,4.999999999999449e-05
1525,-0.001565,0.007813,-0.061729,-1.3999999999999907e-05,0.0002500000000000002,0.00017199999999999854
3148,0.007381,0.009883,-0.074547,-0.00015700000000000002,2.5000000000000716e-05,-0.00026199999999999835
4145,0.004407,-0.001993,-0.07352299999999999,8.100000000000034e-05,1.0000000000000026e-05,-0.00023200000000000998
37,0.006929,0.009857,-0.06987600000000001,-0.00017200000000000028,6.500000000000082e-05,-0.00018799999999997985
3526,-0.012077,-0.009425000000000001,-0.066219,0.00010899999999999972,9.60000000000006e-05,0.0002909999999999996
4097,-0.005736,-0.009775,-0.073147,2.8999999999999512e-05,5.900000000000176e-05,-7.400000000000462e-05
2823,-0.011276,-0.007537,-0.071958,6.0000000000001025e-05,4.60000000000009e-05,0.00027599999999999847
4007,-0.013242,0.002604,-0.072298,1.0000000000001327e-05,-9.999999999999983e-05,-1.9999999999992246e-05
4128,-0.00834,0.0020299999999999997,-0.07548,4.1000000000001105e-05,-7.199999999999958e-05,8.700000000000374e-05
1147,-0.006292,0.00029499999999999996,-0.07242100000000001,2.3999999999999716e-05,-5.399999999999996e-05,-0.00010499999999998011
203,0.00041,0.001888,-0.066275,4.900000000000005e-05,0.00011600000000000022,-0.0001250000000000001
45,0.001921,0.006405,-0.0631,-0.0001919999999999999,0.0002180000000000003,-8.099999999999774e-05
2511,0.016826,-0.001116,-0.069658,-7.100000000000162e-05,0.00018199999999999998,-0.00010999999999999899
3465,0.006128,0.003401,-0.062057,-6.099999999999942e-05,0.00010800000000000002,8.300000000000668e-05
4238,-0.002198,-0.011678000000000001,-0.07426300000000001,6.799999999999992e-05,-2.099999999999845e-05,-0.00010899999999998411
211,0.014644,-0.008393000000000001,-0.07065300000000001,-8.000000000000021e-05,4.000000000000184e-05,-4.899999999999349e-05
2473,0.006982,-0.003832,-0.067527,9.099999999999994e-05,0.00010799999999999959,-8.499999999998786e-05
4256,-0.008979,0.003705,-0.075907,-8.200000000000048e-05,-4.199999999999994e-05,5.000000000000837e-05
4146,-0.006033999999999999,-0.00228,-0.065232,6.199999999999869e-05,0.00032499999999999977,-2.2000000000008124e-05
3123,0.010157999999999999,-0.006775000000000001,-0.069105,2.599999999999998e-05,8.000000000000194e-06,9.999999999996123e-06
1957,-0.011762,0.008073,-0.064727,-4.1000000000001105e-05,-1.600000000000039e-05,4.700000000000537e-05
3119,0.0066760000000000005,-0.005525,-0.068964,4.999999999999796e-06,-1.0999999999998858e-05,-3.0000000000030003e-06
1229,0.013558,0.012282999999999999,-0.072176,-0.00025900000000000055,7.200000000000088e-05,-5.7000000000001494e-05
63,0.0015129999999999998,-0.007699,-0.06959,8.800000000000019e-05,8.099999999999948e-05,-5.9000000000003494e-05
3808,-0.002097,0.008086,-0.0745,0.00014499999999999995,0.0001299999999999999,-0.00011799999999999311
3824,-0.0031190000000000002,-0.006315,-0.069245,0.00011900000000000018,0.0002470000000000007,5.0000000000050004e-06
2923,0.013563,-0.007462,-0.074254,0.0001310000000000009,1.1000000000000593e-05,-0.00019199999999999773
268,0.0026810000000000002,-0.00346,-0.071702,-4.0000000000000105e-05,8.999999999999894e-06,-0.00016299999999999648
15,0.000191,0.009928000000000001,-0.07466500000000001,0.00010399999999999995,9.799999999999913e-05,-0.00015999999999999348
233,-0.01508,-0.00525,-0.06949,-0.0001370000000000017,2.599999999999998e-05,-2.8000000000000247e-05
2839,0.007817000000000001,0.0021939999999999998,-0.07025,-0.0001540000000000005,3.600000000000001e-05,-0.00010099999999998999
655,-0.011097,-0.003613,-0.073843,-0.00015600000000000162,-8.600000000000014e-05,-0.0001239999999999991
4013,-0.002835,-0.012553000000000002,-0.072835,0.00017700000000000007,6.800000000000209e-05,-0.00027000000000000635
3759,-0.005356,-0.0035710000000000004,-0.075011,-9.49999999999996e-05,-1.7999999999999787e-05,-5.3999999999998494e-05
1220,0.00862,-0.011228,-0.067937,5.10000000000007e-05,0.00019099999999999846,-7.200000000000262e-05
2417,-0.014536,-0.0032029999999999997,-0.074801,-0.0001250000000000001,3.0999999999999344e-05,-1.8999999999991246e-05
4105,0.004096,0.009538,-0.066078,-4.99999999999997e-05,0.00011200000000000099,3.699999999999537e-05
3974,0.009465,-0.008416,-0.06510500000000001,9.900000000000013e-05,0.00019899999999999952,-3.999999999998449e-05
2608,-0.007314,0.011564,-0.074235,2.0000000000002655e-06,-8.099999999999948e-05,-4.600000000000437e-05
4368,-0.007889,0.0069500000000000004,-0.072916,-1.600000000000039e-05,4.6000000000000034e-05,-6.499999999999562e-05
3143,-0.007967,0.008351,-0.073407,6.600000000000009e-05,5.099999999999896e-05,-9.400000000001074e-05
201,0.006836999999999999,-0.006859,-0.069154,3.600000000000131e-05,-2.7000000000000114e-05,9.999999999871223e-07
2836,0.012202999999999999,-0.0071070000000000005,-0.070961,3.100000000000151e-05,2.7000000000000114e-05,-0.00010100000000000386
2810,0.005836,0.012308999999999999,-0.066598,0.00014699999999999956,0.00012700000000000038,-0.00015500000000000236
3782,0.006964000000000001,-0.010586,-0.073559,-6.300000000000056e-05,3.7000000000000574e-05,-7.100000000000162e-05
118,-0.002335,-0.004801000000000001,-0.070438,2.7000000000000114e-05,0.00024000000000000063,-7.800000000000862e-05
1273,-0.004834,-0.0030299999999999997,-0.068077,0.0001330000000000003,0.0002669999999999999,0.0001280000000000031
3476,-0.000612,0.009069,-0.067119,6.000000000000037e-06,8.3999999999999e-05,-0.00015000000000001124
4165,-0.0081,-0.010541,-0.057623,9.000000000000327e-06,0.0002500000000000002,-8.900000000000574e-05
1056,0.012231,-0.008468,-0.074172,2.599999999999998e-05,1.9999999999999185e-05,-0.00011500000000000399
3837,0.011608,-0.006038,-0.07307999999999999,6.499999999999909e-05,-4.399999999999977e-05,-1.0000000000148779e-06
3520,-0.010941000000000001,-0.0045650000000000005,-0.06348,0.0001310000000000009,2.8000000000000247e-05,7.899999999999574e-05
1238,0.001627,0.002477,-0.068677,-7.400000000000006e-05,5.9999999999999724e-05,-9.800000000000086e-05
4361,0.009733,-0.012575,-0.067452,7.199999999999915e-05,0.00019300000000000046,-6.0000000000060005e-06
152,0.009380000000000001,-0.007636,-0.06786299999999999,8.3999999999999e-05,0.0001990000000000004,9.999999999996123e-06
820,0.0019950000000000002,-0.0006929999999999999,-0.07489499999999999,9.999999999999593e-06,-4.700000000000006e-05,-0.0001980000000000176
2264,-0.009618,-0.005254,-0.069017,4.300000000000137e-05,0.0002689999999999993,4.299999999998749e-05
3544,-0.000367,0.003698,-0.063092,9.9999999999997e-07,0.00014999999999999996,-3.500000000000725e-05
240,-0.006385,0.010891999999999999,-0.070451,-4.0000000000000105e-05,0.0001260000000000011,-0.00016199999999999548
3199,-0.012147999999999999,0.011051,-0.065246,3.8999999999999105e-05,-9.800000000000086e-05,1.0999999999997123e-05
3498,-0.003269,-0.001487,-0.072776,-1.9999999999998318e-06,-1.299999999999999e-05,-0.00014600000000000724
21,-0.003353,0.01079,-0.07464799999999999,2.9999999999999645e-06,-8.999999999998592e-06,-0.00017000000000000348
3773,0.008951,-0.001014,-0.063882,8.199999999999874e-05,0.00014499999999999995,2.899999999998737e-05
4065,-0.006422,-0.0008010000000000001,-0.07074599999999999,9.999999999999593e-06,3.500000000000009e-05,1.5000000000001124e-05
2941,0.00741,0.006637,-0.061202,-0.0001429999999999999,0.00021500000000000078,3.9999999999970615e-06
101,0.012997,-0.0025859999999999998,-0.068224,-1.8000000000000654e-05,2.1999999999999884e-05,-1.5000000000001124e-05
25,-0.008255,0.008154,-0.075318,-9.49999999999996e-05,-7.999999999999327e-06,-6.799999999999862e-05
3,-0.0057480000000000005,-0.0008219999999999999,-0.071715,-8.99999999999946e-06,5.39999999999999e-05,-4.599999999999049e-05
3809,-0.011558,-0.001674,-0.075003,-4.49999999999999e-05,4.199999999999994e-05,-4.699999999999149e-05
3455,-0.008945,-0.003399,-0.065528,-1.799999999999892e-05,0.000219,-6.999999999993123e-06
4163,-0.008168,-0.012393000000000001,-0.06628700000000001,8.799999999999954e-05,0.00013300000000000117,0.0001360000000000111
1,-0.0010689999999999999,-0.000492,-0.07223,-9.400000000000012e-05,-2.8999999999999946e-05,-9.099999999999386e-05
2816,0.006058,0.011106,-0.064626,0.00013100000000000004,0.00014000000000000123,-0.00020499999999999685
4294,0.014796,0.011281000000000001,-0.07015600000000001,-0.00017,5.9999999999997555e-05,1.1000000000011001e-05
3479,-0.007117,0.008938,-0.063094,3.4000000000000176e-05,0.0003180000000000006,-2.9000000000001247e-05
3796,0.010518000000000001,-0.000714,-0.06267,0.00010399999999999819,0.000169,-1.0999999999997123e-05
4106,-0.001008,0.004409,-0.064755,-3.6999999999999924e-05,0.0001860000000000004,-0.00010699999999999599
1688,0.011354,0.007415,-0.06947199999999999,-0.00011699999999999905,0.0001330000000000003,-0.00011900000000000799
56,-0.006096,0.006526,-0.074644,-4.49999999999999e-05,-2.599999999999998e-05,-5.1999999999996493e-05
4373,0.00495,0.0012230000000000001,-0.06533,1.9999999999999185e-05,9.299999999999998e-05,-4.699999999999149e-05
1947,0.0033580000000000003,-0.011049,-0.071066,9.99999999999699e-07,-0.00010600000000000019,-7.699999999999374e-05
3708,-0.013945,0.001517,-0.076283,3.300000000000004e-05,-0.00014399999999999981,-6.0000000000004494e-05
433,-0.0072050000000000005,0.012901,-0.066663,-7.999999999999934e-05,0.00014300000000000077,-1.6000000000002124e-05
263,0.016019,-0.006642,-0.07377800000000001,8.000000000000021e-05,0.00013700000000000084,-3.299999999999137e-05
1340,0.013151999999999999,0.004091,-0.068065,-0.00010499999999999746,3.099999999999978e-05,3.300000000000525e-05
3072,0.001188,0.003577,-0.064024,-6.799999999999992e-05,0.00011699999999999992,4.200000000000037e-05
3922,0.01299,-0.00715,-0.065134,0.0001370000000000017,0.00017900000000000034,-1.0999999999997123e-05
3157,-0.00413,0.010572,-0.076375,2.499999999999985e-05,7.000000000000062e-06,-0.00021899999999999697
2009,0.012186,0.010908,-0.075171,-8.6000000000001e-05,5.6000000000000494e-05,-0.00018799999999999373
1550,-0.013278,0.002554,-0.07775499999999999,2.000000000000092e-05,0.00011000000000000029,4.999999999999449e-05
3895,0.004225,-0.007246000000000001,-0.074462,-6.499999999999909e-05,-0.0001250000000000001,-1.5999999999988246e-05
3574,0.002559,0.003862,-0.07579000000000001,4.2999999999999636e-05,7.799999999999994e-05,-0.00011399999999998911
1565,-0.004490999999999999,0.005567,-0.067641,-1.700000000000052e-05,0.00018899999999999993,-0.00032299999999998996
3978,0.00841,0.000297,-0.07502800000000001,2.8000000000000247e-05,-0.000134,-0.00013799999999998536
1950,0.005746,0.011297,-0.068283,4.8999999999999565e-05,6.800000000000035e-05,-9.499999999999786e-05
2467,-0.010995,-0.002068,-0.071572,-0.0001360000000000007,1.1999999999999858e-05,-0.00011300000000000199
381,-0.003685,-0.009722,-0.071375,-4.199999999999994e-05,0.00016299999999999995,5.4999999999999494e-05
2051,-0.014263,-0.004716000000000001,-0.07362199999999999,-0.0001410000000000005,0.00012700000000000038,8.599999999998886e-05
3850,0.001166,-0.000513,-0.057863,5.600000000000006e-05,0.000263,-0.00019100000000000367
3221,0.000669,0.004463,-0.06286,-5.199999999999996e-05,0.00016000000000000042,-1.4000000000000123e-05
3534,0.006193,-0.005174000000000001,-0.063136,0.00010000000000000026,0.0002260000000000005,-4.700000000000537e-05
2827,0.008856999999999999,0.011147,-0.065953,0.0001480000000000023,3.799999999999984e-05,0.0
3783,-0.013756,-0.008317999999999999,-0.0715,-0.00012999999999999817,-2.300000000000045e-05,0.00021399999999999197
2575,0.017196000000000003,0.000175,-0.07295900000000001,-0.00010700000000000293,9.200000000000004e-05,-3.399999999997849e-05
3764,-0.0062770000000000005,-0.008442,-0.065903,0.00022700000000000064,0.00023300000000000057,-2.4000000000010124e-05
4081,-0.012019,0.005599,-0.07370399999999999,1.6999999999999654e-05,-4.700000000000017e-05,1.5000000000001124e-05
175,0.007584,-0.011298,-0.069054,-1.1999999999999858e-05,7.300000000000188e-05,2.5000000000011124e-05
3771,-0.0027679999999999996,-0.003886,-0.067888,0.00016399999999999965,0.0002460000000000001,-0.00014499999999999236
489,0.0025299999999999997,-0.004652999999999999,-0.063972,3.2000000000000344e-05,0.00016999999999999914,-2.5999999999998247e-05
42,0.002291,0.004936,-0.06929900000000001,-0.0001290000000000002,4.799999999999943e-05,-0.00010599999999998111
3781,-0.002938,-0.008324,-0.075336,-6.299999999999969e-05,9.39999999999986e-05,6.0000000000060005e-06
4067,0.005481,0.003095,-0.057582,-1.6999999999999654e-05,0.00021400000000000021,-0.0001239999999999991
825,-0.015125,-0.008824,-0.069845,-7.799999999999994e-05,5.400000000000023e-05,0.0002349999999999991
196,0.003939,0.012252,-0.072191,8.600000000000014e-05,3.200000000000078e-05,-4.999999999999449e-05
4182,0.010764,-0.002246,-0.074154,0.00015300000000000036,-2.499999999999985e-05,0.00013900000000000023
185,-0.013689,0.007741,-0.06897,-6.399999999999982e-05,-0.00017099999999999928,5.4999999999999494e-05
3434,-0.009583,0.0015580000000000001,-0.0717,5.400000000000023e-05,-1.1000000000000159e-05,-0.00011100000000001387
58,0.015475,0.00228,-0.072088,-6.699999999999935e-05,0.00011599999999999978,-2.6999999999999247e-05
146,-0.000464,-0.009699999999999999,-0.067801,0.00015999999999999999,0.0002189999999999987,3.700000000000925e-05
438,0.010057,-0.010375,-0.067762,3.799999999999984e-05,0.00016299999999999995,-4.999999999991123e-06
2844,0.014447,-0.000386,-0.067613,6.899999999999962e-05,1.600000000000001e-05,-0.0001719999999999916
2972,-0.007318,0.001276,-0.064613,8.5e-05,0.000397,-7.999999999994123e-06
4102,0.003757,0.002149,-0.065098,2.0000000000000052e-05,0.0002230000000000001,2.5000000000011124e-05
2175,0.004791999999999999,0.010391,-0.066559,7.400000000000028e-05,0.00014300000000000077,-2.8000000000014125e-05
4124,-0.014646000000000001,0.002951,-0.067932,-0.00012099999999999785,-7.900000000000008e-05,-6.399999999999462e-05
3986,0.014735,-0.005067,-0.061186,-6.000000000000796e-06,0.0002180000000000003,5.7000000000001494e-05
3893,0.01428,0.011802,-0.070483,-0.00016000000000000042,0.00019899999999999952,-6.999999999993123e-06
4095,-0.003612,-0.011639,-0.07043899999999999,0.00010200000000000053,0.00012800000000000138,-0.00012000000000000899
3911,0.006059,-0.010147,-0.063306,0.0001349999999999997,0.00027199999999999967,7.999999999994123e-06
2156,0.006037,0.012365000000000001,-0.07173099999999999,-1.700000000000052e-05,0.00013599999999999897,-0.00022200000000001385
4140,-0.008595,0.0042699999999999995,-0.06343800000000001,2.5000000000000716e-05,0.00017200000000000028,-2.899999999998737e-05
4108,0.012792999999999999,0.010285,-0.064738,4.900000000000217e-05,8.3999999999999e-05,-9.299999999999586e-05
2787,-0.002661,-0.0037,-0.075749,-5.099999999999983e-05,-1.1999999999999858e-05,-7.900000000000962e-05
2160,-0.007248,0.009487,-0.07349299999999999,3.199999999999991e-05,7.900000000000094e-05,-6.40000000000085e-05
3228,0.0032400000000000003,0.0029289999999999997,-0.061561,-3.000000000000008e-05,0.00020800000000000029,3.899999999999737e-05
3772,0.003075,-0.012012,-0.069877,-5.700000000000019e-05,-4.800000000000117e-05,-5.0000000000050004e-06
194,0.003891,0.005587,-0.06515900000000001,-0.00010300000000000023,0.00010500000000000006,-6.499999999999562e-05
191,0.004967,-0.002564,-0.070015,2.9999999999999645e-05,7.000000000000062e-06,-0.00014700000000000824
3469,0.007477999999999999,-0.004809,-0.06975100000000001,5.000000000000664e-06,-7.200000000000002e-05,-3.9999999999901226e-06
3907,0.009346,-0.010689,-0.062717,0.00013200000000000017,0.0002680000000000009,-1.0000000000148779e-06
2904,0.000764,0.010282999999999999,-0.0638,0.00014400000000000003,0.00021100000000000112,-0.00013399999999999523
821,-0.00309,-0.002299,-0.066208,7.699999999999981e-05,0.0002599999999999998,-0.00010000000000000286
157,0.011838,0.010906,-0.072639,-0.00012699999999999864,0.0001489999999999981,7.999999999994123e-06
1307,0.016777999999999998,-0.004181,-0.064913,7.400000000000115e-05,0.00015899999999999942,-4.399999999998849e-05
3441,-0.00361,-0.011946,-0.067792,2.8000000000000247e-05,0.00014199999999999977,1.0999999999997123e-05
603,0.010378,-0.010955,-0.071472,-9.999999999992654e-07,0.00019299999999999873,-3.200000000000425e-05
3888,-0.0034609999999999997,-0.010251,-0.061679000000000005,0.00020899999999999998,0.00033299999999999996,0.0
4203,0.009667,0.013087,-0.06407500000000001,8.99999999999998e-05,3.7000000000000574e-05,4.700000000000537e-05
2803,0.001704,0.007627,-0.070598,-8.999999999999894e-06,-4.0000000000000105e-05,-7.30000000000175e-05
4194,-0.003149,-0.009993,-0.065696,0.00039900000000000005,0.00029400000000000086,-0.00016099999999999448
3525,-0.015524,-0.003088,-0.077693,1.3000000000000858e-05,0.00010199999999999966,5.6000000000000494e-05
3785,0.012033,0.010664,-0.067648,-0.00016500000000000022,9.299999999999933e-05,-5.8000000000002494e-05
3757,-0.009577,-0.002691,-0.074872,-0.00010199999999999966,-2.1000000000000185e-05,-6.0000000000060005e-06
520,-0.001018,-0.002988,-0.072561,-1.3999999999999907e-05,3.4000000000000176e-05,-0.00019399999999999973
389,0.011673,-0.0036880000000000003,-0.069586,-2.2999999999998716e-05,6.700000000000022e-05,6.599999999999662e-05
4363,0.004674,0.00014000000000000001,-0.061594,0.00013399999999999957,0.00014699999999999997,0.00010700000000000293
1513,-0.004928,0.003684,-0.069823,2.4000000000000583e-05,0.00012699999999999994,-8.700000000000374e-05
4071,0.013758,-0.007975,-0.06984699999999999,-7.599999999999968e-05,5.7999999999999025e-05,-0.0001260000000000011
4159,-0.0053620000000000004,-0.010836,-0.062721,0.00020300000000000092,0.00024399999999999943,-2.0000000000006124e-05
2478,0.004381,-0.012256,-0.06614199999999999,0.00016500000000000022,6.999999999998327e-06,3.199999999999037e-05
1293,-0.0042309999999999995,-0.005694,-0.065689,0.00013900000000000023,0.0002610000000000008,-0.0001840000000000036
1724,-0.012769,-0.006437,-0.066261,3.300000000000004e-05,0.00011800000000000005,0.00015899999999999248
250,0.010546,-0.005156,-0.067366,7.500000000000041e-05,0.00016799999999999975,-4.000000000004e-06
306,0.016703,-4.2999999999999995e-05,-0.068255,1.9999999999985307e-06,0.00018399999999999997,-9.499999999999786e-05
4085,-0.011894,-0.009942,-0.074485,-8.6000000000001e-05,0.0002649999999999996,0.00032200000000000284
1296,-0.0045780000000000005,0.0039889999999999995,-0.074714,4.6000000000000034e-05,0.00010700000000000032,-0.00021600000000000785
2529,0.009414,-0.004899,-0.073884,0.0001239999999999991,-0.00013699999999999997,-0.00010999999999999899
4316,0.017405999999999998,-0.005058,-0.072855,4.100000000000284e-05,0.00012000000000000031,-5.1999999999996493e-05
104,-0.007691,0.011852999999999999,-0.07056,3.000000000000398e-06,-5.2999999999997494e-05,-0.00011200000000000099
2,-0.000242,0.001699,-0.07255400000000001,-4.299999999999999e-05,0.00010099999999999996,-0.0001679999999999876
1529,0.00756,0.008457000000000001,-0.06672499999999999,-0.00021200000000000038,7.699999999999894e-05,-8.000000000001062e-05
1537,-0.014563000000000001,0.00451,-0.075156,9.000000000000327e-06,-7.599999999999968e-05,-2.5999999999998247e-05
269,0.008946999999999998,0.008811,-0.06841,-0.00021499999999999818,7.400000000000115e-05,-0.0001290000000000041
113,-0.005207,0.004399,-0.07317,0.00013100000000000004,1.4999999999999389e-05,-0.0001250000000000001
4253,0.006939,-0.013172000000000001,-0.065735,0.00015500000000000062,0.0001570000000000009,2.2000000000008124e-05
392,-0.012485,-0.006934,-0.06956100000000001,3.099999999999978e-05,0.00016400000000000008,0.0001880000000000076
2602,0.014305,-0.012726000000000001,-0.066202,7.500000000000041e-05,0.00013400000000000044,2.5999999999998247e-05
4074,0.017127,-0.00254,-0.074004,-9.999999999975306e-07,6.499999999999995e-05,-9.200000000000874e-05
54,-0.015096,-0.0036379999999999997,-0.074647,-0.00014899999999999983,7.200000000000002e-05,6.1000000000005494e-05
3821,0.016611,-0.009896,-0.068453,5.999999999999062e-06,0.00012000000000000031,-0.00013499999999999623
2492,-0.008159000000000001,0.004163999999999999,-0.073821,0.00010700000000000119,0.00011000000000000072,7.999999999999674e-05
3440,0.001924,-0.0042450000000000005,-0.072115,2.3999999999999933e-05,-7.999999999999327e-06,-0.00013499999999999623
384,-0.003621,0.0022570000000000003,-0.073215,5.799999999999989e-05,5.899999999999959e-05,-0.00018599999999999173
839,-0.012707000000000001,0.002355,-0.063738,-3.8999999999999105e-05,0.00014900000000000026,7.000000000007001e-06
72,0.005363000000000001,-0.002696,-0.075195,0.00015399999999999962,-0.00010099999999999996,-6.20000000000065e-05
270,0.009096,-0.010103999999999998,-0.07068300000000001,-2.2999999999998716e-05,0.00015199999999999762,-8.399999999998686e-05
398,0.008149,-0.001469,-0.072157,5.699999999999976e-05,-3.999999999999989e-05,-0.00016700000000000048
486,0.012393000000000001,0.003215,-0.0687,-0.0001870000000000014,-1.299999999999999e-05,-3.399999999999237e-05
476,0.015889,0.005059999999999999,-0.073061,-9.699999999999986e-05,0.00027700000000000034,-7.899999999999574e-05
564,0.010319,-0.0030670000000000003,-0.063935,6.299999999999882e-05,0.00017000000000000045,6.899999999999962e-05
234,-0.001312,0.010234,-0.071074,0.00018099999999999995,0.00011199999999999925,-0.00015999999999999348
3813,0.003725,0.011146000000000001,-0.071712,4.80000000000003e-05,3.5999999999999574e-05,-0.00017900000000001248
908,0.006985,0.004767,-0.06893300000000001,-0.00017299999999999954,2.8999999999999512e-05,-4.499999999998949e-05
4197,-0.006579,-0.003774,-0.063436,7.500000000000041e-05,0.00034,5.200000000001037e-05
73,0.0064459999999999995,0.011932,-0.071703,-7.699999999999981e-05,6.100000000000029e-05,-0.00016700000000000048
3108,0.004726,0.0032370000000000003,-0.06881999999999999,-8.199999999999961e-05,1.6999999999999654e-05,-8.500000000001562e-05
1613,0.003932,0.0069370000000000005,-0.071272,5.800000000000076e-05,-6.100000000000029e-05,-0.00013499999999999623
3165,0.008503,0.009117,-0.065804,-0.00010699999999999946,2.000000000000092e-05,-0.00012199999999999711
3797,-0.015144,0.006155,-0.07214100000000001,-1.6999999999999654e-05,-0.00021600000000000005,-9.999999999871223e-07
3758,0.003748,0.000115,-0.06928100000000001,9.099999999999994e-05,0.00013199999999999998,-0.00012299999999998423
36,-0.004804,0.012258,-0.069122,2.7000000000000114e-05,2.000000000000092e-05,-0.00010200000000000486
184,-0.008029999999999999,0.007182,-0.06619499999999999,7.399999999999768e-05,0.00021000000000000012,-4.200000000000037e-05
102,-0.009324,0.010435999999999999,-0.063167,-1.5999999999998654e-05,0.0001270000000000021,6.599999999999662e-05
4190,0.014334,-0.008237999999999999,-0.066066,7.099999999999988e-05,0.00017699999999999834,-0.00019600000000000173
3117,0.005728,0.011916,-0.071134,-3.799999999999897e-05,5.400000000000196e-05,-0.00018899999999999473
4127,-0.008577999999999999,0.005104,-0.069304,-4.4000000000000636e-05,-2.1000000000000185e-05,-1.8999999999991246e-05
400,0.004724,0.001599,-0.06558,2.2000000000000318e-05,0.00012300000000000006,-3.0000000000002247e-05
4061,-0.004811,-0.004006,-0.071945,-5.099999999999983e-05,0.00011000000000000029,-1.4000000000014001e-05
150,0.0152,0.010842000000000001,-0.068835,-0.0002559999999999993,0.00024699999999999896,7.999999999994123e-06
858,-0.001701,-0.007687,-0.071948,-0.00010399999999999993,8.299999999999974e-05,-0.0001229999999999981
3118,-0.003202,-0.012253,-0.068339,-1.5999999999999955e-05,0.00017099999999999928,-0.00024299999999999322
2169,0.0022679999999999996,0.009289,-0.07080299999999999,5.900000000000046e-05,8.5e-05,-0.00012200000000001099
226,-0.000661,0.00257,-0.066553,-4.099999999999991e-05,0.00012600000000000024,-9.800000000000086e-05
3507,0.0066040000000000005,-0.01216,-0.064578,0.00016499999999999935,0.00014800000000000056,3.299999999999137e-05
617,-0.0025459999999999997,0.006639,-0.072088,6.999999999999628e-06,8.80000000000004e-05,-0.00019600000000000173
248,-0.014897,0.005641,-0.069875,-0.00014299999999999903,-0.0001230000000000007,9.500000000001174e-05
1845,-0.004515,0.000777,-0.065096,-7.600000000000055e-05,0.00019399999999999995,-4.099999999999937e-05
2252,-0.00977,-0.011314999999999999,-0.069888,0.00013299999999999944,0.00011699999999999905,0.00022600000000000398
171,0.000175,0.007985,-0.074479,0.00023799999999999996,8.099999999999948e-05,-9.900000000000186e-05
302,0.005424,-0.004415,-0.067152,4.80000000000003e-05,0.00014400000000000003,-5.2999999999997494e-05
3260,0.005651,0.002922,-0.07213599999999999,-7.699999999999981e-05,3.899999999999954e-05,-0.00021300000000001873
3765,-0.0056689999999999996,-0.008251,-0.071642,-1.600000000000039e-05,0.0001499999999999991,2.799999999998637e-05
456,-0.00671,0.011103,-0.063323,3.899999999999997e-05,0.0002669999999999999,-3.799999999999637e-05
3786,0.014201,0.0012259999999999999,-0.070399,-7.900000000000094e-05,7.700000000000003e-05,-8.199999999998486e-05
3518,-0.004492,0.007953,-0.067711,-6.799999999999948e-05,0.00021799999999999944,-2.6999999999999247e-05
4348,-0.014946999999999998,0.004929,-0.072154,-0.00010700000000000119,-0.0002040000000000002,-6.40000000000085e-05
554,0.005494,-0.000442,-0.07282,-4.69999999999993e-05,-5.5000000000000036e-05,-0.00013799999999999923
917,0.010347,0.003029,-0.072242,-0.00015299999999999862,2.3999999999999716e-05,-0.00014900000000001024
2454,-0.010954,-0.00347,-0.071149,-0.00016700000000000048,7.099999999999988e-05,-1.9999999999881224e-06
869,-0.003211,0.004476,-0.069635,-0.00010600000000000019,0.00011599999999999978,-0.00013199999999999323
74,0.00467,-0.000363,-0.065618,-6.200000000000042e-05,5.8e-05,-8.700000000000374e-05
439,-0.014872,-0.010098000000000001,-0.071221,-6.199999999999956e-05,8.400000000000248e-05,0.00019800000000000373
812,0.010417999999999998,0.007713,-0.073176,-0.00023199999999999783,0.00014999999999999996,-0.0001759999999999956
4100,0.006133,-0.005485,-0.06856100000000001,5.699999999999976e-05,7.000000000000062e-05,-3.899999999998349e-05
399,0.008744,0.012667999999999999,-0.068028,-6.700000000000109e-05,7.100000000000162e-05,-0.00013499999999999623
3220,0.00073,-0.006739,-0.071377,-6.199999999999988e-05,1.1000000000000593e-05,-3.0000000000030003e-06
3826,0.004225,-0.005974,-0.066232,0.00010000000000000026,0.0001250000000000001,-6.799999999999862e-05
130,0.010693,0.004664,-0.065314,-6.399999999999982e-05,0.00026099999999999995,-1.7999999999990246e-05
111,-0.011691,0.000514,-0.066405,-6.400000000000156e-05,8.699999999999995e-05,-0.00013399999999999523
3801,0.011184,9.2e-05,-0.072389,-0.0001499999999999991,8.499999999999999e-05,-3.100000000000325e-05
3120,0.0075650000000000005,-0.005299000000000001,-0.066506,7.199999999999915e-05,9.000000000000154e-05,-4.099999999999937e-05
44,-0.011496000000000001,-0.008702,-0.070836,-1.9999999999985307e-06,-1.4000000000000123e-05,0.00026500000000000135
519,-0.004265,0.009595000000000001,-0.069437,8.299999999999974e-05,0.00016399999999999922,-0.00011099999999999999
2290,0.010731,0.009409,-0.066806,-0.0001399999999999995,-2.0000000000002655e-06,-0.00012099999999999611
537,-0.010320000000000001,0.009474,-0.06447,-2.9999999999998778e-05,-9.299999999999933e-05,7.100000000000162e-05
1245,0.004394,0.006921,-0.07596299999999999,-2.1000000000000185e-05,4.700000000000017e-05,-0.00018300000000001648
4082,-0.012327,0.009365,-0.070047,-2.6999999999999247e-05,-4.099999999999937e-05,2.6999999999999247e-05
843,0.009994999999999999,-0.008735,-0.068459,8.300000000000148e-05,0.0001760000000000008,2.2999999999995246e-05
2802,-0.012542999999999999,0.0063170000000000006,-0.07251300000000001,-0.00015000000000000083,-5.500000000000123e-05,4.300000000001525e-05
2821,0.011095,-0.004729,-0.066557,8.99999999999998e-05,0.00018099999999999974,-3.0000000000002247e-05
437,-0.006401,-0.004298,-0.07065099999999999,8.99999999999998e-05,0.00017799999999999934,-4.400000000000237e-05
318,0.010622999999999999,0.002655,-0.06600199999999999,-7.399999999999941e-05,0.0001860000000000004,-5.800000000001637e-05
3662,-0.015160999999999999,0.003418,-0.071022,-7.800000000000168e-05,-0.00012300000000000028,5.3999999999998494e-05
143,-0.001843,0.011627,-0.069953,0.0002000000000000001,0.0001449999999999993,-0.00026299999999999935
1890,-0.000431,0.007539,-0.06775199999999999,-0.00020000000000000004,5.400000000000023e-05,-4.500000000000337e-05
3156,0.002818,-0.009252,-0.06814400000000001,0.00011200000000000012,5.999999999999929e-05,-8.899999999999186e-05
3435,0.0016120000000000002,0.011484,-0.068157,5.9999999999999724e-05,3.200000000000078e-05,-6.499999999999562e-05
212,-0.008968,0.007815,-0.071862,-1.600000000000039e-05,8.799999999999954e-05,-6.30000000000075e-05
912,0.013102,-0.003036,-0.064599,0.00011399999999999778,0.00012100000000000001,7.200000000000262e-05
3767,-0.005794,-0.002438,-0.073068,-0.00010800000000000046,9.299999999999977e-05,-3.100000000000325e-05
51,-0.007219000000000001,0.005449,-0.071449,1.8000000000000654e-05,1.700000000000052e-05,-5.099999999999549e-05
160,0.011547,0.006013,-0.070145,-0.00019899999999999952,0.00010399999999999993,7.999999999994123e-06
71,0.004127,0.001751,-0.070894,-0.00011099999999999999,-5.999999999999929e-06,-0.0001310000000000061
53,0.003746,0.008609,-0.070735,-1.9000000000000353e-05,-1.9999999999999185e-05,-0.0001659999999999856
57,0.000853,0.004001,-0.06774200000000001,-7.300000000000004e-05,6.399999999999982e-05,-0.00010599999999999499
1855,-0.0021509999999999997,0.0044740000000000005,-0.06823900000000001,1.6999999999999654e-05,0.00019999999999999966,-0.00012199999999999711
48,0.00034,0.00549,-0.06813899999999999,-0.00012100000000000001,6.900000000000048e-05,-0.00010800000000001087
3115,-0.0007920000000000001,0.009361000000000001,-0.06934900000000001,3.200000000000002e-05,3.299999999999831e-05,-5.7000000000001494e-05
2800,0.0041459999999999995,0.0041719999999999995,-0.06735899999999999,-5.4999999999999494e-05,0.00011699999999999992,-6.500000000002337e-05
151,-0.001865,0.008856,-0.069827,-3.300000000000004e-05,3.100000000000151e-05,-0.00026699999999998947
3114,-0.003996,0.00010899999999999999,-0.06811,1.4000000000000123e-05,0.000284,-0.00019599999999998785
1211,0.00013900000000000002,-0.000108,-0.067006,1.099999999999997e-05,0.000186,-9.800000000000086e-05
1594,-0.0012829999999999999,-0.0007790000000000001,-0.06742100000000001,4.299999999999985e-05,0.000232,-0.00019999999999999185
106,-0.0020459999999999996,0.009673,-0.067348,2.8999999999999946e-05,5.800000000000076e-05,-0.00018499999999999073
123,0.004144999999999999,-0.008138999999999999,-0.06924,4.900000000000043e-05,7.499999999999868e-05,-8.299999999999974e-05
77,-0.0033940000000000003,0.008531,-0.069745,-6.199999999999956e-05,0.00011099999999999825,-0.00015199999999999936
2229,0.007068,8.5e-05,-0.066483,-9.999999999992654e-07,4.999999999999986e-06,-4.800000000000637e-05
807,0.002153,0.0065049999999999995,-0.07079600000000001,-2.9999999999999645e-05,-3.799999999999984e-05,-9.299999999998199e-05
180,-0.00375,0.010248,-0.06511199999999999,8.899999999999967e-05,0.0001749999999999998,-0.00016100000000000836
3190,-0.0064470000000000005,0.007752,-0.070411,-9.000000000000327e-06,0.00015300000000000036,-0.00010699999999999599
3449,-0.010987,0.000903,-0.062754,-2.5000000000000716e-05,0.000246,0.00011400000000000299
2550,0.008827999999999999,0.009928000000000001,-0.066588,-0.00010999999999999899,9.199999999999833e-05,-9.400000000001074e-05
3109,-0.000285,-0.0038650000000000004,-0.064676,9.399999999999998e-05,0.00025500000000000045,-0.000126000000000015
4063,0.011634,0.001595,-0.069465,-0.00011300000000000025,0.000147,-0.00013799999999999923
1298,-0.009755000000000002,-0.0008399999999999999,-0.064413,3.200000000000078e-05,0.0003219999999999999,-4.000000000004e-06
2871,0.005812,0.007751,-0.066003,-0.00016299999999999995,8.000000000000194e-06,-2.599999999998437e-05
92,0.0013759999999999998,0.0003,-0.066485,3.200000000000013e-05,0.00010899999999999999,-0.0001250000000000001
1857,-0.000758,0.008709,-0.068209,-2.1999999999999993e-05,-1.9999999999985307e-06,-0.00019399999999999973
3504,-0.010394,-0.005934999999999999,-0.06922199999999999,-1.3999999999998389e-05,0.00021099999999999938,0.00010599999999999499
2815,-0.007669,-0.006624,-0.07093899999999999,1.3999999999999256e-05,0.00012599999999999938,4.399999999998849e-05
1225,0.017356000000000003,0.001262,-0.069324,-7.000000000003531e-06,7.299999999999993e-05,7.999999999994123e-06
229,-0.008973,0.001771,-0.065504,8.000000000000021e-05,0.0001919999999999999,-6.799999999999862e-05
3272,0.0005430000000000001,-0.004035,-0.06483499999999999,3.999999999999989e-05,0.00021200000000000038,-6.60000000000105e-05
1531,-0.012569,0.006054,-0.07070399999999999,-0.00011399999999999952,-7.200000000000002e-05,0.00010099999999998999
1559,-0.003948,0.00216,-0.067473,9.000000000000327e-06,0.00023099999999999987,-0.00010299999999999199
2463,-0.008383,0.001442,-0.063506,5.500000000000123e-05,0.0002540000000000001,-6.0999999999991616e-05
124,0.012294000000000001,-0.006983,-0.069498,3.699999999999884e-05,0.0001499999999999991,-5.1999999999996493e-05
281,-0.009718,0.003431,-0.06922400000000001,-1.9000000000001654e-05,-6.900000000000005e-05,-3.899999999999737e-05
836,-0.011179999999999999,-0.000964,-0.06943899999999999,1.9999999999985307e-06,2.5000000000000066e-05,-8.400000000001462e-05
97,0.013685000000000001,-0.0010500000000000002,-0.067823,-1.3000000000000858e-05,8.40000000000002e-05,-8.400000000000074e-05
1572,4.4999999999999996e-05,0.008551,-0.06597199999999999,-0.000127,0.00012000000000000031,-3.600000000000825e-05
2452,0.008287000000000001,-0.010614,-0.068638,6.499999999999909e-05,0.00017,-5.2999999999997494e-05
66,0.006759,-0.001373,-0.071116,8.000000000000194e-06,-3.199999999999991e-05,-0.00015500000000000236
837,-0.005923,0.003646,-0.071855,3.000000000000398e-06,3.899999999999997e-05,-4.700000000000537e-05
3447,0.009205,-0.00065,-0.065358,7.999999999999327e-06,0.00012699999999999994,5.0000000000050004e-06
4151,-0.010943,0.004023,-0.069896,-6.600000000000009e-05,-8.000000000000194e-06,-7.500000000000562e-05
19,0.003191,-0.00544,-0.073568,-1.8999999999999486e-05,6.000000000000016e-05,-6.20000000000065e-05
1217,0.013058,0.000438,-0.068025,-0.00010500000000000093,-1.200000000000002e-05,-0.00019800000000000373
2949,0.010262,-0.001393,-0.06870699999999999,-4.4000000000000636e-05,0.0001699999999999998,6.299999999997974e-05
829,0.005187000000000001,-0.003916,-0.071015,6.199999999999869e-05,-9.999999999999593e-06,-0.00011500000000000399
3145,0.013963,0.008281,-0.06664199999999999,-0.000196,0.00022599999999999877,-9.199999999999486e-05
4088,0.001139,-0.0075769999999999995,-0.062399,2.099999999999997e-05,0.0002699999999999994,-5.1999999999996493e-05
3777,0.005275,0.004854,-0.063029,-5.500000000000036e-05,0.00011400000000000039,-2.6999999999999247e-05
4090,0.008228,0.006123,-0.065713,-3.3999999999997574e-05,8.099999999999948e-05,-0.00014600000000000724
287,-0.011308,0.0043159999999999995,-0.067789,-5.099999999999896e-05,-0.00010799999999999959,-3.0000000000002247e-05
3127,-0.006499,-0.006006999999999999,-0.068,0.00010999999999999899,0.0002219999999999991,-0.00014899999999999636
982,-0.005085,-0.008183999999999999,-0.071039,-2.499999999999985e-05,0.000167999999999998,1.8000000000004124e-05
3138,0.005284,-0.0064340000000000005,-0.065595,8.99999999999998e-05,0.0001510000000000001,-0.00013599999999999723
817,0.001385,-0.000514,-0.06592700000000001,5.400000000000001e-05,0.00014000000000000004,-0.00011599999999999111
3475,0.010433999999999999,-0.001717,-0.070881,-4.1999999999998636e-05,0.00013099999999999982,-1.2999999999999123e-05
393,-0.005263,0.008088,-0.07102800000000001,-6.199999999999956e-05,0.0003020000000000002,-0.00014499999999999236
1956,-0.009843999999999999,-0.003388,-0.068235,-2.400000000000145e-05,0.00020799999999999985,8.700000000000374e-05
1250,0.013394,0.011201000000000001,-0.06635200000000001,-0.00018199999999999987,8.000000000000021e-05,-0.00015999999999999348
1864,0.015106999999999999,0.000619,-0.070779,-8.199999999999874e-05,0.00010999999999999996,-0.00014500000000000624
2570,0.004009,-0.00914,-0.06485500000000001,0.00020699999999999972,0.00014000000000000123,6.799999999999862e-05
353,0.012003,0.005386,-0.072301,-0.00019899999999999952,3.500000000000031e-05,-9.099999999999386e-05
89,0.006268,-0.001534,-0.066038,4.49999999999999e-05,0.00012200000000000015,-0.00010300000000000586
849,-0.0018260000000000001,0.006490999999999999,-0.06978400000000001,-7.899999999999986e-05,0.0001410000000000005,-0.00015599999999998948
88,0.01324,0.005692,-0.067328,-0.0001520000000000011,0.0001979999999999994,-0.0001250000000000001
2605,0.014699,-0.012814,-0.069661,5.199999999999996e-05,0.00016000000000000042,0.00010899999999999799
30,0.0029159999999999998,0.001591,-0.071056,-0.00015499999999999976,4.0000000000000105e-05,-0.00015700000000000436
3555,-0.001324,0.001156,-0.06416,-2.0000000000000486e-06,0.0001920000000000001,-4.400000000000237e-05
315,-0.01282,-0.000248,-0.068428,-8.199999999999874e-05,-3.200000000000002e-05,-9.499999999999786e-05
3439,0.001406,-0.006402,-0.06690900000000001,0.000227,0.0002650000000000005,-2.799999999998637e-05
600,-0.006046,0.009487,-0.07102599999999999,-3.4000000000000176e-05,0.00023699999999999936,-0.0001340000000000091
2789,0.00853,0.00649,-0.07399,-8.299999999999974e-05,1.6999999999999654e-05,-0.00021000000000000185
2191,0.001047,-0.008554,-0.066176,0.00026199999999999986,0.00022900000000000177,-9.600000000001274e-05
4123,-0.011011,0.012893,-0.067528,-4.49999999999999e-05,-0.00010399999999999993,-1.5999999999988246e-05
4143,0.003837,0.009085000000000001,-0.070573,-8.799999999999997e-05,-4.000000000002266e-06,-0.0001270000000000021
70,0.002054,0.011957,-0.06807899999999999,5.1000000000000264e-05,2.099999999999845e-05,-9.300000000000974e-05
219,-0.012126,0.007243,-0.06908700000000001,-5.20000000000017e-05,-9.000000000000067e-05,0.0
259,-0.001074,-0.012315,-0.06804600000000001,0.000152,5.10000000000007e-05,1.5000000000001124e-05
4,-0.002399,0.004695,-0.06993200000000001,-0.0001259999999999998,0.00012399999999999998,-8.999999999999286e-05
405,-0.000998,-0.00036199999999999996,-0.063901,-4.100000000000002e-05,0.00014099999999999996,-0.00011500000000000399
422,0.006868,0.0055839999999999996,-0.06817000000000001,-0.0003129999999999999,1.000000000000046e-05,8.000000000008e-06
3456,0.012489,-0.000205,-0.07446599999999999,-2.300000000000045e-05,3.0999999999999995e-05,-1.5000000000001124e-05
993,0.016233,0.010978,-0.069967,-0.00021400000000000238,0.00016299999999999995,4.000000000004e-06
112,0.008022999999999999,0.010010999999999999,-0.065603,0.00010100000000000213,0.00010400000000000166,-0.00017000000000000348
38,-0.0009469999999999999,0.010262,-0.06705,1.699999999999987e-05,1.600000000000039e-05,-9.100000000000774e-05
466,-0.010542,0.003351,-0.066687,-2.5000000000000716e-05,-4.7999999999999866e-05,-0.0001270000000000021
3124,0.0057599999999999995,0.001427,-0.072355,-9.19999999999992e-05,3.600000000000001e-05,-0.00014300000000000423
4107,-0.009541000000000001,-0.006881,-0.06888599999999999,8.500000000000174e-05,0.00035899999999999994,-7.900000000000962e-05
472,0.011182000000000001,0.0036379999999999997,-0.06719199999999999,-0.00019300000000000046,-1.9999999999998318e-06,-6.500000000002337e-05
1267,0.014429,-0.000272,-0.072732,-9.20000000000018e-05,0.00014,-4.799999999999249e-05
2799,-0.008619,-0.009893,-0.06729399999999999,0.00023899999999999963,0.0001410000000000005,-0.00016700000000000048
2475,-0.011916,0.010266,-0.074631,-0.00010300000000000066,-1.0000000000001327e-05,1.4000000000000123e-05
2177,0.005183,0.009703,-0.072404,2.8000000000000247e-05,-4.999999999999796e-06,-0.00021500000000000685
2533,-0.005932000000000001,2.3e-05,-0.065753,2.4000000000000583e-05,0.00024400000000000005,1.0000000000010001e-05
3882,-0.013549,0.006241,-0.07058,-0.00014199999999999977,-0.00013399999999999957,0.00012000000000000899
165,0.016589,0.007225,-0.068468,-3.099999999999978e-05,6.499999999999995e-05,-0.00014699999999999436
3874,-0.005053,-0.004712,-0.07128799999999999,8.80000000000004e-05,0.0001330000000000003,2.2999999999995246e-05
62,0.01294,0.0030870000000000003,-0.069412,-0.0001349999999999997,0.00011999999999999945,-7.300000000000362e-05
1101,0.004469,0.01095,-0.071007,1.600000000000039e-05,2.000000000000092e-05,-0.0002530000000000032
86,-0.006817999999999999,0.008779,-0.067167,3.099999999999978e-05,0.0001999999999999988,-6.399999999999462e-05
1911,-0.005416000000000001,0.001227,-0.071619,-5.1999999999999096e-05,1.0999999999999942e-05,-0.00014400000000000523
4154,0.007824,0.001105,-0.065125,-1.0999999999998858e-05,2.899999999999973e-05,-5.8999999999989616e-05
341,-0.013335000000000001,-0.004358,-0.070424,-7.699999999999894e-05,-0.00010300000000000066,-0.00011200000000000099
2154,-0.012605,0.00191,-0.069512,-3.300000000000004e-05,-1.899999999999992e-05,-7.000000000007001e-06
402,-0.004373,0.010478999999999999,-0.06879099999999999,8.100000000000034e-05,0.0002160000000000009,-0.00019600000000000173
355,0.010343999999999999,-0.000894,-0.06510200000000001,2.2000000000001185e-05,0.00017100000000000004,7.000000000007001e-06
