Particle,x,y,z,Vx,Vy,Vz
9716,-0.008525,-0.00613,-0.06600400000000001,0.0,0.0,0.0
10757,-0.0014190000000000001,0.013103,-0.06729500000000001,0.0,0.0,0.0
10835,-0.0066760000000000005,-0.004001,-0.067255,0.0,0.0,0.0
10077,0.0057,-0.012015000000000001,-0.06901399999999999,0.0,0.0,0.0
9266,-0.011426,0.009007,-0.071541,0.0,0.0,0.0
11514,-0.009722,0.000544,-0.06401000000000001,0.0,0.0,0.0
10801,-0.005659,-0.000624,-0.072309,0.0,0.0,0.0
11605,-0.007692,-0.002048,-0.072795,0.0,0.0,0.0
9750,-0.003685,0.013205999999999999,-0.063959,0.0,0.0,0.0
11553,-0.005275,-0.001487,-0.06473699999999999,0.0,0.0,0.0
11341,0.011626,0.0027010000000000003,-0.063968,0.0,0.0,0.0
10880,-0.009973000000000001,-0.002399,-0.075419,0.0,0.0,0.0
11235,-0.011656000000000001,0.0055780000000000005,-0.064411,0.0,0.0,0.0
10805,0.000888,0.004215,-0.060357999999999995,0.0,0.0,0.0
11131,0.007729,-0.005306,-0.070051,0.0,0.0,0.0
10766,0.003826,0.011631,-0.0752,0.0,0.0,0.0
11573,-0.01008,0.003092,-0.074391,0.0,0.0,0.0
10151,0.016956,0.0041589999999999995,-0.072917,0.0,0.0,0.0
10511,-0.007939,-0.008679000000000001,-0.076689,0.0,0.0,0.0
9685,-0.002128,0.011554,-0.067137,0.0,0.0,0.0
10355,-0.013526999999999999,0.001796,-0.070074,0.0,0.0,0.0
11521,0.007516,-0.007286,-0.069396,0.0,0.0,0.0
11499,-0.006717,-0.010057,-0.06662399999999999,0.0,0.0,0.0
10753,-0.008945,0.004141,-0.06740900000000001,0.0,0.0,0.0
10040,0.015698,-0.004634,-0.06667400000000001,0.0,0.0,0.0
11545,0.004707,0.001632,-0.077962,0.0,0.0,0.0
9813,-0.011372,0.00504,-0.063421,0.0,0.0,0.0
9723,0.0056760000000000005,0.003906,-0.066157,0.0,0.0,0.0
11635,-0.015915,0.006529,-0.075407,0.0,0.0,0.0
9806,-0.000223,-0.012089,-0.06902599999999999,0.0,0.0,0.0
11168,-0.005875,0.007569,-0.06466,0.0,0.0,0.0
10862,-0.010917,0.00897,-0.061494999999999994,0.0,0.0,0.0
9599,-0.009859999999999999,-0.0038250000000000003,-0.063842,0.0,0.0,0.0
10559,0.00046600000000000005,-0.003441,-0.060033,0.0,0.0,0.0
11163,-0.006344000000000001,-0.007423,-0.063784,0.0,0.0,0.0
11195,-0.0020139999999999997,0.006402,-0.058954,0.0,0.0,0.0
11584,0.006697,0.009106999999999999,-0.057643,0.0,0.0,0.0
10111,0.01813,-0.007776,-0.069076,0.0,0.0,0.0
10189,0.012611,0.001811,-0.062962,0.0,0.0,0.0
11656,-0.006577,0.008327,-0.066884,0.0,0.0,0.0
9761,-0.007777999999999999,0.011819000000000001,-0.074409,0.0,0.0,0.0
11596,-0.010967000000000001,-0.012603999999999999,-0.06587699999999999,0.0,0.0,0.0
11215,-0.01439,-0.005319,-0.069479,0.0,0.0,0.0
11609,-0.013978999999999998,0.009106,-0.078082,0.0,0.0,0.0
11562,0.005542,0.008097,-0.059592,0.0,0.0,0.0
10580,0.003999,-0.002323,-0.07586,0.0,0.0,0.0
9754,0.0049640000000000005,-0.005253,-0.07190300000000001,0.0,0.0,0.0
11407,-0.007365,-0.000983,-0.07468899999999999,0.0,0.0,0.0
9110,-0.004445999999999999,-0.001391,-0.06931699999999999,0.0,0.0,0.0
11187,0.012195000000000001,-0.004963,-0.069915,0.0,0.0,0.0
9417,7e-06,0.004548,-0.061043,0.0,0.0,0.0
10345,0.0014910000000000001,-0.00831,-0.073154,0.0,0.0,0.0
11348,0.00933,-0.0035059999999999996,-0.064724,0.0,0.0,0.0
10250,0.011952,0.00022700000000000002,-0.074102,0.0,0.0,0.0
11496,-0.004652999999999999,-0.009015,-0.066053,0.0,0.0,0.0
11506,-0.002275,-0.005752,-0.076492,0.0,0.0,0.0
11531,-0.0040739999999999995,0.008865,-0.05993,0.0,0.0,0.0
9899,0.01468,0.002042,-0.07264100000000001,0.0,0.0,0.0
10887,-0.013936,-0.00561,-0.067323,0.0,0.0,0.0
11025,0.008724,0.009476,-0.073797,0.0,0.0,0.0
10820,0.012858000000000001,0.00364,-0.073218,0.0,0.0,0.0
11091,-0.0071200000000000005,0.0031450000000000002,-0.067964,0.0,0.0,0.0
10448,0.003933,0.005529,-0.07402800000000001,0.0,0.0,0.0
9915,-0.001944,0.005403,-0.065819,0.0,0.0,0.0
11734,-0.010206,0.005054,-0.071822,-7.000000000000062e-05,4.69999999999993e-05,4.099999999998549e-05
8837,0.000148,0.011012000000000001,-0.064535,-5.000000000000013e-06,0.00023199999999999957,-2.8000000000014125e-05
9826,-0.0031450000000000002,0.011063,-0.070706,-8.999999999999894e-06,0.00010799999999999872,-0.00015500000000000236
11072,-0.004655,-0.002369,-0.074195,-7.000000000000062e-06,2.3999999999999716e-05,-3.899999999999737e-05
11444,0.007401,-0.010924,-0.06953,-1.299999999999999e-05,-4.200000000000037e-05,-8.600000000000274e-05
11442,-0.004356,0.005273,-0.060264000000000005,3.099999999999978e-05,0.00017,-9.599999999999193e-05
11519,0.005888,-0.001684,-0.063219,0.00014700000000000043,0.00010899999999999994,6.0000000000004494e-05
11117,0.011550000000000001,-0.004768,-0.06959900000000001,-1.4000000000001858e-05,2.8999999999999512e-05,-6.199999999999262e-05
11825,-0.008605,0.0015229999999999998,-0.060479,1.2999999999999123e-05,0.00017400000000000033,-0.0003620000000000012
10211,0.016253,-0.007712,-0.072407,-4.60000000000009e-05,3.500000000000031e-05,-0.00025899999999999535
11412,-0.005684,0.002653,-0.06417400000000001,4.999999999999796e-06,0.00030999999999999995,-0.00013799999999998536
11083,-0.008428000000000001,0.01038,-0.073182,-1.2999999999999123e-05,-6.699999999999935e-05,-0.00015500000000000236
12021,-0.014222,-0.001315,-0.069502,-2.000000000000092e-05,-2.800000000000003e-05,4.800000000000637e-05
9880,0.011457,0.008074,-0.06805,-8.599999999999927e-05,-5.199999999999996e-05,-0.00010900000000001187
11681,0.0031709999999999998,-0.004683,-0.071779,2.5000000000000282e-05,1.6999999999999654e-05,-0.00014100000000000223
11772,-0.013923999999999999,0.004684,-0.068476,-2.2000000000001185e-05,-4.19999999999995e-05,1.7999999999990246e-05
11477,0.007381,0.010818,-0.067711,2.499999999999898e-05,7.800000000000168e-05,-0.00015099999999999836
9641,-0.002045,0.00717,-0.071357,-0.00013299999999999987,0.00010199999999999966,-0.00022400000000000198
11820,-0.003347,-0.000549,-0.06542700000000001,9.900000000000013e-05,0.000295,-2.599999999998437e-05
10360,-0.013378,0.008197,-0.06962900000000001,-4.2999999999999636e-05,-3.5999999999999574e-05,0.0001420000000000171
11118,0.0049960000000000004,0.011401,-0.062961,-9.900000000000013e-05,0.00017800000000000107,-6.0000000000004494e-05
9181,0.005684,-0.0022280000000000004,-0.076825,1.600000000000039e-05,-4.3999999999999335e-05,-6.899999999999962e-05
9687,-0.001171,-0.011983,-0.073935,0.00010399999999999993,3.600000000000131e-05,0.00016499999999999848
9646,-0.001497,0.009824,-0.07501000000000001,9.400000000000012e-05,9.500000000000133e-05,-0.00011199999999998711
9967,-0.004925,-0.0014010000000000001,-0.07263599999999999,4.399999999999977e-05,0.000129,-9.000000000000674e-05
11907,-0.012251,-0.012456,-0.06417400000000001,0.00016199999999999895,-0.0001349999999999997,0.0002420000000000061
10128,0.014915,-0.003536,-0.074444,-5.099999999999896e-05,0.00011900000000000018,9.699999999999986e-05
10759,0.007833999999999999,0.002012,-0.066997,6.300000000000056e-05,0.00014100000000000007,-4.699999999999149e-05
11438,-0.006642,0.002424,-0.075738,0.00012299999999999985,7.900000000000008e-05,1.9000000000005124e-05
11120,-0.01184,-0.00436,-0.07520600000000001,-4.700000000000017e-05,-0.00011799999999999918,-0.00010699999999999599
11781,-0.000612,0.009218,-0.062171,3.400000000000007e-05,0.00018099999999999887,-4.600000000000437e-05
11779,0.000103,-0.001702,-0.059466,8.2e-05,0.00019500000000000008,-5.100000000000243e-05
11761,0.010357,-0.000746,-0.062147,0.00010599999999999846,0.00031000000000000005,0.00014799999999999536
9969,-0.013513,0.007904,-0.064871,-7.099999999999815e-05,3.799999999999984e-05,-1.7000000000003124e-05
10714,-0.013866,0.0063609999999999995,-0.07160599999999999,-8.700000000000027e-05,-3.099999999999978e-05,-1.7000000000017e-05
11860,0.0044009999999999995,-0.01207,-0.072253,8.000000000000021e-05,-1.5999999999998654e-05,-4.300000000001525e-05
11975,0.012766999999999999,0.012457000000000001,-0.063371,3.8000000000001574e-05,-3.0000000000002247e-05,-5.099999999999549e-05
11875,0.014561999999999999,-0.007927,-0.063906,0.00010800000000000219,0.0003439999999999997,0.00010500000000000786
10762,0.001189,0.012249000000000001,-0.073434,6.799999999999992e-05,7.799999999999821e-05,-0.00011400000000000299
9493,-0.003507,-0.0070999999999999995,-0.064756,0.00020600000000000002,0.00022599999999999964,-0.0001300000000000051
11961,-0.012381,-0.010582000000000001,-0.07103,1.6999999999999654e-05,0.00029799999999999965,-9.300000000000974e-05
9902,0.004647,-0.010924,-0.073462,0.00010399999999999993,8.6000000000001e-05,-8.400000000000074e-05
11108,0.000366,0.007153,-0.072642,-9.999999999999999e-05,1.5000000000000256e-05,-0.00011599999999999111
10745,-0.0016519999999999998,0.000121,-0.06774,0.0001079999999999998,0.00022999999999999995,-0.00016200000000000936
9950,0.015551,0.00011899999999999999,-0.072117,-5.4999999999999494e-05,0.000142,-8.900000000000574e-05
9657,-0.003156,0.008164,-0.072324,-0.0001250000000000001,0.00010899999999999972,-0.00015600000000000336
10799,-0.006436,-0.007925,-0.067213,0.0001879999999999998,0.0002299999999999993,-7.700000000000762e-05
11190,-0.01102,-0.009637,-0.066096,-8.699999999999854e-05,4.99999999999997e-05,0.00012100000000000999
10495,0.006583,-0.008789,-0.061324,0.00020699999999999972,0.00012299999999999985,2.3999999999996247e-05
12149,-0.011163000000000001,-0.003375,-0.075776,-6.899999999999788e-05,-2.400000000000015e-05,1.6999999999989246e-05
11861,-0.012178000000000001,-0.000177,-0.068907,-2.999999999997796e-06,-2.500000000000001e-05,-1.7000000000017e-05
9756,-0.009696999999999999,-0.007774,-0.066181,6.699999999999762e-05,0.000168999999999999,0.00016299999999999648
9682,-0.0010860000000000002,0.010650999999999999,-0.069369,-2.1999999999999884e-05,1.3000000000000858e-05,-0.00011700000000000599
12147,-0.002438,0.010781,-0.061585,-4.000000000000097e-06,0.0002149999999999999,3.999999999999837e-05
10856,-0.014799,-0.011942,-0.07262300000000001,-2.1000000000000185e-05,0.00015999999999999868,-0.00011499999999999011
10527,0.011695,0.007127,-0.067286,-8.500000000000174e-05,9.000000000000327e-06,-7.599999999999274e-05
11429,-0.013465999999999999,0.008492000000000001,-0.071025,-1.1000000000002327e-05,2.999999999997796e-06,1.6000000000002124e-05
12192,-0.011866,0.009617,-0.06509999999999999,-9.000000000000327e-06,-2.1000000000000185e-05,-3.600000000000825e-05
10543,0.009537,0.005615,-0.062876,2.3999999999999716e-05,0.00022199999999999998,-0.00011200000000000099
12152,0.008365000000000001,-0.00375,-0.07360299999999999,0.00010399999999999819,-3.700000000000014e-05,-1.6000000000016e-05
11869,-0.00852,-0.011705,-0.071414,6.800000000000035e-05,0.00027800000000000047,-3.599999999999437e-05
11888,-0.000235,0.0040490000000000005,-0.060002,1.4999999999999985e-05,0.0002519999999999996,-9.299999999999586e-05
12392,0.005131,0.0016690000000000001,-0.063575,0.00011900000000000018,0.00021099999999999982,0.00015500000000000236
11876,0.012298,-0.000437,-0.073295,-1.1999999999999858e-05,0.000143,-9.300000000000974e-05
9936,0.010077,-0.009907000000000001,-0.06549200000000001,0.00019300000000000046,0.00017,-5.7999999999988616e-05
10385,-0.010863,0.009895,-0.06903000000000001,-5.000000000000143e-05,-4.099999999999937e-05,-1.7999999999990246e-05
11678,0.002669,-0.012574,-0.071685,0.00017,3.200000000000078e-05,-3.600000000000825e-05
12356,-0.007802,-0.0053289999999999995,-0.075625,3.799999999999984e-05,0.0001769999999999992,5.2999999999997494e-05
9701,-0.010879,-0.0042320000000000005,-0.069267,2.599999999999998e-05,9.900000000000013e-05,6.599999999999662e-05
9728,-0.0023889999999999996,0.0031030000000000003,-0.068672,-5.000000000000664e-06,0.0002589999999999997,-0.0001350000000000101
10376,0.010803,0.012655,-0.066887,4.800000000000117e-05,-4.49999999999999e-05,-1.000000000001e-06
12159,-0.004187000000000001,7.6e-05,-0.06684999999999999,5.200000000000083e-05,0.00032900000000000003,-0.00017600000000000948
12184,0.012230000000000001,-0.004662,-0.062823,0.00011299999999999852,0.00029600000000000026,-7.300000000000362e-05
11500,-0.002191,0.013134999999999999,-0.062614,-4.100000000000024e-05,0.00023300000000000057,3.0000000000002247e-05
11087,-0.012102,-0.005307,-0.06938,8.699999999999854e-05,0.00016200000000000069,0.0002839999999999926
12214,-0.00034599999999999995,0.005452,-0.058152,-4.700000000000006e-05,7.499999999999955e-05,-1.8999999999998185e-05
11750,0.006627,0.012946999999999998,-0.066937,9.699999999999986e-05,0.0001410000000000005,-3.799999999999637e-05
12187,-0.012945,0.000149,-0.063397,9.99999999999994e-05,0.000134,9.999999999996123e-06
11839,0.010091,-0.006881,-0.062522,0.00013699999999999997,0.00023399999999999983,-0.00011200000000000099
9814,0.001954,0.008296,-0.066176,-0.00012199999999999993,0.00016100000000000142,-3.699999999999537e-05
9705,-0.005465,0.005708,-0.06266,2.7000000000000114e-05,0.00025600000000000015,2.999999999998837e-05
11203,-0.003301,-0.010575,-0.06049,0.00011500000000000008,0.00016299999999999822,-0.0002669999999999964
9799,-0.011764,0.00948,-0.075916,-0.00011199999999999925,4.89999999999987e-05,3.600000000000825e-05
11780,0.005359,0.008811999999999999,-0.075921,-9.999999999999593e-06,-8.899999999999707e-05,-0.0001699999999999896
10839,0.0042569999999999995,0.0037029999999999997,-0.076981,-5.5999999999999626e-05,8.000000000000194e-06,-0.00029100000000001347
12312,0.010101,-0.010585,-0.065209,0.00013299999999999944,0.00013800000000000097,-2.000000000002e-06
12284,-0.012993000000000001,0.013226000000000002,-0.06686199999999999,-8.199999999999874e-05,-8.300000000000148e-05,-6.30000000000075e-05
9919,0.00495,0.010228,-0.071897,-0.00029600000000000026,0.00011400000000000125,-0.00014300000000000423
10822,-0.00423,-0.010171,-0.07169,0.00014400000000000003,-2.1000000000000185e-05,0.00011700000000000599
9790,0.0077339999999999996,0.00377,-0.07585800000000001,-5.9000000000000025e-05,1.1000000000000159e-05,-0.00015299999999998648
12246,0.009856,-0.004517,-0.064067,0.00011599999999999978,0.0003340000000000001,-0.00023500000000001298
10763,-0.011493999999999999,0.0076040000000000005,-0.0755,-0.00016900000000000075,-5.10000000000007e-05,4.500000000000337e-05
12107,0.005567,-0.005599,-0.060889000000000006,0.0001860000000000004,0.00019499999999999986,5.100000000000243e-05
11757,-0.011611,0.002089,-0.067039,0.00010699999999999946,-1.600000000000039e-05,-3.899999999999737e-05
12120,-0.014039999999999999,-0.0061340000000000006,-0.075848,5.3999999999998494e-05,0.0001940000000000006,-3.700000000000925e-05
12388,-0.000912,0.002134,-0.067145,4.2000000000000045e-05,0.00019399999999999973,-0.00011300000000000199
12060,-0.006549999999999999,0.003572,-0.06598000000000001,7.999999999999934e-05,0.00023599999999999966,-2.0999999999993246e-05
10786,-0.006278,0.008001,-0.066066,4.200000000000037e-05,0.00034299999999999956,-9.499999999999786e-05
10020,-0.009521,-0.009176,-0.065708,-6.999999999999888e-05,0.00024000000000000063,4.200000000000037e-05
12115,-0.007363000000000001,0.0036680000000000003,-0.06462000000000001,-1.7999999999999787e-05,0.00024200000000000003,-4.599999999999049e-05
12142,0.002254,0.00756,-0.063415,-4.7999999999999866e-05,0.00026700000000000074,-0.0003000000000000086
12155,0.005051,-0.007485,-0.06302,-8.000000000000194e-06,3.300000000000004e-05,-0.00044399999999998607
12176,-0.00218,-0.00901,-0.064498,0.0002480000000000002,0.0002409999999999999,-0.00012099999999999611
10901,0.011124,0.002369,-0.076136,3.200000000000078e-05,8.699999999999984e-05,-0.00021300000000000485
11785,0.016011,-0.011574,-0.070455,0.00010699999999999599,0.00020399999999999932,-4.099999999998549e-05
11644,0.016415,0.011757,-0.066063,-9.79999999999974e-05,-3.900000000000084e-05,-9.600000000001274e-05
12239,0.011640000000000001,0.009778,-0.059566,6.399999999999982e-05,0.00017199999999999854,-1.9999999999999185e-05
12255,-0.003858,0.011927,-0.060024,-4.9e-05,4.300000000000137e-05,-3.900000000000431e-05
12272,-0.014054,-0.010605,-0.069799,-5.10000000000007e-05,0.0002699999999999994,1.1999999999998123e-05
9686,-0.006169,-0.0063230000000000005,-0.068147,0.00011900000000000018,0.00022000000000000058,-1.000000000001e-06
11864,0.005124,0.006169,-0.061156999999999996,-7.499999999999955e-05,0.00012899999999999977,-0.0001870000000000066
11974,0.013169,-0.0008489999999999999,-0.058429,0.00014899999999999983,0.00014800000000000002,1.7000000000003124e-05
9720,-0.006873000000000001,-0.001878,-0.065733,0.00010600000000000019,0.0002589999999999999,0.0001270000000000021
12282,0.007927,0.001593,-0.07027599999999999,-9.49999999999996e-05,6.29999999999999e-05,-7.500000000000562e-05
12057,-0.009684,-0.00496,-0.06894499999999999,0.00012000000000000031,0.00013599999999999984,0.00026499999999998747
9644,0.0035259999999999996,0.008128,-0.073924,6.400000000000025e-05,-4.200000000000037e-05,-0.00010199999999999099
12058,0.012714,-0.004377,-0.07151300000000001,-1.2999999999999123e-05,4.5999999999999167e-05,4.000000000004e-06
12056,-0.007369,0.012341,-0.06795999999999999,-4.80000000000003e-05,0.00019300000000000046,-8.900000000001962e-05
10772,-0.006712,-0.005198,-0.066905,0.00010900000000000059,0.0004220000000000005,1.7000000000003124e-05
9639,-0.005106,0.003663,-0.072612,-6.299999999999969e-05,8.5e-05,-0.00016499999999999848
12094,0.007078,-0.00011999999999999999,-0.061530999999999995,6.900000000000048e-05,0.00033,-2.0000000000006124e-05
9712,-0.009082000000000002,-0.0072,-0.069271,8.900000000000054e-05,7.099999999999988e-05,0.00027900000000000147
11733,0.014469,0.008574,-0.06848900000000001,-7.000000000000062e-05,1.6999999999999654e-05,-0.00021999999999999797
9651,0.003858,0.004353,-0.072655,-0.00013900000000000023,1.6999999999999654e-05,-0.00015300000000001424
10600,-5.2e-05,0.000289,-0.061344,8.8e-05,0.00032300000000000004,3.600000000000131e-05
10396,-0.012036,0.010751,-0.064411,6.100000000000029e-05,-1.4000000000000123e-05,1.9000000000005124e-05
11284,0.015437,0.008699,-0.067376,-3.500000000000031e-05,6.600000000000009e-05,-0.00026199999999999835
9726,-0.012032,0.007098,-0.07102,-8.500000000000174e-05,2.499999999999985e-05,3.9999999999901226e-06
12077,0.00941,-0.004785,-0.071985,-3.8999999999999105e-05,0.00011000000000000072,-1.0999999999997123e-05
10443,0.017523,0.0038290000000000004,-0.06811700000000001,-6.500000000000256e-05,-4.30000000000005e-05,-0.00021699999999999497
11237,0.005155,-0.008351,-0.062588,0.00022500000000000037,0.00011300000000000199,-8.399999999998686e-05
8866,0.01001,0.005226,-0.070863,-6.899999999999962e-05,0.0001330000000000003,-3.700000000000925e-05
11758,-0.01045,-0.008433999999999999,-0.064,0.0003849999999999999,2.099999999999845e-05,0.00027100000000000735
11451,-0.006221,-0.008400000000000001,-0.073157,6.499999999999995e-05,2.000000000000092e-05,5.7000000000001494e-05
11169,-0.002096,-0.005593,-0.062481,0.0003390000000000003,0.00022700000000000064,-7.299999999999668e-05
11501,0.008704,3.7e-05,-0.07435,-5.999999999999062e-06,-2.9e-05,-0.00015600000000000336
9993,-0.006524,0.006027,-0.06526900000000001,-9.999999999999593e-06,0.0002779999999999996,-0.00015500000000000236
10424,0.002028,0.010825,-0.062653,-9.099999999999972e-05,0.00024100000000000163,-0.00013299999999999423
9715,0.004436,-0.0005600000000000001,-0.06303199999999999,0.00011900000000000018,0.00029800000000000003,-0.000126000000000015
10143,0.003012,-0.008036,-0.066454,0.0003910000000000003,0.00023499999999999997,8.600000000000274e-05
10842,-0.0037440000000000004,-0.004637,-0.07731,-6.199999999999956e-05,-5.0000000000000565e-05,-3.799999999999637e-05
9248,-0.012948000000000001,-0.0063490000000000005,-0.065994,7.099999999999988e-05,0.0002599999999999998,4.600000000000437e-05
11768,-0.009034,0.008785,-0.073337,-3.0000000000012655e-06,4.2999999999999636e-05,-0.00015800000000000536
12245,0.01577,0.012966,-0.064361,-1.2000000000001593e-05,1.2999999999999123e-05,-0.0001810000000000006
12265,0.011782,-0.0033799999999999998,-0.066463,9.799999999999913e-05,0.0002609999999999995,-0.00010399999999999299
11762,-0.007998,-0.012484,-0.066532,-8.400000000000074e-05,0.00022300000000000098,-6.799999999999862e-05
9739,0.004169,0.007556,-0.073423,2.1000000000000185e-05,-3.000000000000398e-06,-5.7000000000001494e-05
12254,0.017890999999999997,0.009842,-0.069966,-0.00010699999999999946,-5.7999999999999025e-05,-0.00018899999999999473
11851,-0.007873,-0.011939,-0.063299,0.00017399999999999968,1.5000000000001124e-05,-8.400000000001462e-05
10351,0.01541,0.008081,-0.072865,-2.8000000000000247e-05,0.00010199999999999966,9.299999999999586e-05
11018,0.010461999999999999,0.0021669999999999997,-0.064045,5.300000000000096e-05,0.00014900000000000026,-9.299999999999586e-05
11643,0.016683,-0.008365000000000001,-0.07222100000000001,-7.399999999999768e-05,6.800000000000035e-05,-0.00020299999999999485
9614,-0.014025000000000001,0.004309,-0.0653,-5.999999999999929e-05,7.399999999999941e-05,-0.00010900000000001187
10987,0.007454,-0.012768,-0.069327,8.600000000000014e-05,-7.899999999999921e-05,-4.600000000000437e-05
11542,-0.005844,0.003973,-0.074369,6.499999999999995e-05,3.699999999999971e-05,-0.00013799999999999923
9166,-0.008839,-0.007799,-0.068532,0.00010899999999999972,0.00014099999999999963,0.0002920000000000006
12101,0.000665,0.006595,-0.075245,-6.7e-05,5.199999999999996e-05,-4.800000000000637e-05
11413,0.008794,0.010164999999999999,-0.065343,-6.999999999999888e-05,0.00011600000000000152,-6.999999999993123e-06
12391,-0.013645,-0.011957,-0.067854,7.099999999999988e-05,6.0000000000001025e-05,0.0002289999999999931
10402,-0.003283,-0.0016120000000000002,-0.070373,0.00015799999999999972,0.00020600000000000024,-8.799999999999086e-05
11830,0.016521,-0.009455999999999999,-0.065576,0.00014199999999999977,0.00016099999999999969,-1.000000000001e-06
11814,-0.008547,-0.005723,-0.061813,0.00013799999999999923,0.00018899999999999993,4.499999999999643e-05
12063,0.002215,0.011647000000000001,-0.06978400000000001,-3.4999999999999875e-05,5.599999999999876e-05,-5.6999999999987616e-05
10630,-0.006658000000000001,-5.4e-05,-0.063831,0.00028500000000000053,0.000167,1.2999999999999123e-05
9983,-0.009149,-0.0038599999999999997,-0.069021,-4.300000000000137e-05,9.49999999999996e-05,8.700000000000374e-05
9647,0.00543,-0.00894,-0.075357,1.0999999999999725e-05,8.400000000000074e-05,-0.00014400000000000523
9825,0.00771,0.008962999999999999,-0.069831,-0.0001380000000000001,-5.099999999999723e-05,-0.00017999999999998573
11565,-0.012387,0.001085,-0.07609,-4.49999999999999e-05,4.6000000000000034e-05,0.0
9820,0.014846999999999999,-0.005999,-0.07358100000000001,6.600000000000182e-05,0.0001429999999999999,-0.00015599999999998948
11408,-0.002417,-0.003229,-0.073949,-4.700000000000017e-05,3.899999999999997e-05,-1.000000000001e-06
12072,0.006828,0.004085,-0.062934,0.00010199999999999966,0.00014899999999999983,4.099999999999937e-05
11831,0.010535000000000001,0.0020459999999999996,-0.062616,0.00010099999999999866,0.00016800000000000018,-3.9999999999901226e-06
9849,-0.0066029999999999995,-0.010489,-0.069705,9.900000000000013e-05,0.00014899999999999983,-2.4999999999997247e-05
11630,0.008217,-0.006815000000000001,-0.072561,-5.4999999999999494e-05,7.000000000000062e-05,9.999999999996123e-06
11973,-0.0037679999999999996,0.008069000000000002,-0.061073,2.8999999999999946e-05,0.0003189999999999981,3.0000000000030003e-06
9831,0.012917999999999999,-0.001821,-0.069887,-1.9999999999985307e-06,1.699999999999987e-05,-8.700000000000374e-05
9909,0.013434,0.005073,-0.069216,-2.7999999999998512e-05,-5.099999999999983e-05,-0.0002289999999999931
9844,0.002519,-0.0078049999999999994,-0.072249,-7.499999999999998e-05,4.8999999999999565e-05,-6.0000000000060005e-06
11389,0.0013620000000000001,0.005741,-0.06817100000000001,-4.0000000000000105e-05,0.0001380000000000001,-7.499999999999174e-05
9785,0.0031869999999999997,-0.002154,-0.065108,0.0002030000000000005,0.0002800000000000001,-0.00011900000000000799
10350,-0.009683,-0.011259,-0.06793,-0.00011800000000000005,0.00011599999999999978,-7.599999999999274e-05
9725,-0.006842,0.007557,-0.061868,4.399999999999977e-05,0.0003340000000000001,-7.800000000000168e-05
12110,0.016108,0.012762,-0.068397,-9.499999999999786e-05,4.89999999999987e-05,-6.699999999999762e-05
12169,0.013106,-0.0027919999999999998,-0.062966,3.400000000000104e-05,0.0001759999999999995,-0.00012000000000000899
10084,0.001408,0.0070339999999999995,-0.07598999999999999,-3.000000000000008e-05,1.000000000000046e-05,-7.400000000000462e-05
10347,-0.010013,0.0043419999999999995,-0.062519,6.199999999999956e-05,0.00030100000000000005,1.2999999999999123e-05
11589,-0.012655,-0.005484,-0.069352,-6.000000000000796e-06,0.00016300000000000082,0.0001729999999999926
10289,0.013673,-0.008066,-0.07304300000000001,5.10000000000007e-05,8.099999999999948e-05,-6.0999999999991616e-05
12232,0.014990999999999999,0.009971,-0.066885,-8.099999999999948e-05,4.5999999999999167e-05,-0.00019099999999999673
9744,0.014244,-0.004965,-0.071828,6.100000000000029e-05,0.00011099999999999999,-2.1000000000007124e-05
11960,0.016038,0.0025659999999999997,-0.069648,-2.9000000000001247e-05,0.00018599999999999997,-5.4999999999999494e-05
12268,0.007836000000000001,-0.0029649999999999998,-0.07454999999999999,9.099999999999907e-05,-6.000000000000016e-05,-0.00011900000000000799
10764,-0.013289,-0.010303000000000001,-0.068786,-1.2999999999999123e-05,0.00021200000000000212,3.799999999999637e-05
10943,0.011885999999999999,-0.000262,-0.059717,-1.4999999999999389e-05,0.00016200000000000003,-0.0001300000000000051
4863,0.011022,-0.010772,-0.072032,-9.800000000000086e-05,0.00012000000000000031,-7.799999999999474e-05
9488,-0.003327,0.010273999999999998,-0.07126099999999999,-0.00011799999999999962,0.00011800000000000178,-0.00020799999999999985
12220,-0.005667,-0.010746,-0.059220999999999996,-7.000000000000062e-06,0.0001810000000000006,-0.0002040000000000028
11737,-0.003926,0.007397,-0.068395,-5.799999999999989e-05,0.0002829999999999994,-2.8000000000000247e-05
12095,0.009800000000000001,0.004386999999999999,-0.06925100000000001,-0.0001570000000000009,-0.0001399999999999995,-7.299999999998974e-05
11121,0.0029300000000000003,0.004187000000000001,-0.071223,-0.00012600000000000068,4.799999999999943e-05,-0.00012000000000000899
11172,-0.00886,-0.008092,-0.065468,5.800000000000076e-05,0.0002009999999999998,8.599999999998886e-05
11490,-0.010306,0.00674,-0.074635,-0.00010199999999999966,1.599999999999952e-05,-9.999999999982245e-06
10379,-0.01089,0.002169,-0.071768,-4.49999999999999e-05,-4.199999999999994e-05,-0.00012199999999999711
12189,-0.0012749999999999999,-0.009724,-0.062257,0.00016299999999999973,0.0002950000000000001,-8.700000000000374e-05
9851,0.002777,0.012612,-0.06563899999999999,-7.599999999999968e-05,7.700000000000068e-05,-8.500000000001562e-05
9672,0.004788000000000001,-0.006594,-0.071598,-4.999999999999796e-06,8.399999999999987e-05,-0.00013900000000000023
11955,-0.010150000000000001,-0.000296,-0.0619,-9.000000000000327e-06,0.00015899999999999996,3.799999999999637e-05
11209,-0.010388,0.0005560000000000001,-0.067593,-4.2999999999999636e-05,0.0002599999999999999,4.699999999999149e-05
8980,0.0141,0.00422,-0.070771,-6.000000000000796e-06,-1.6999999999999654e-05,-0.0001779999999999976
12285,0.011201000000000001,-0.010084,-0.060052999999999995,0.00026299999999999935,0.00027099999999999867,-0.00024700000000000416
12087,-0.0048259999999999996,-0.000984,-0.067901,9.699999999999986e-05,0.00023800000000000004,-0.00017799999999998373
12104,0.005017000000000001,0.001721,-0.07319400000000001,-9.000000000000067e-05,-4.3999999999999985e-05,-6.999999999998674e-05
11471,0.013973000000000001,0.0029809999999999997,-0.058878,8.2999999999998e-05,0.00021500000000000035,7.800000000000168e-05
9781,-0.014428000000000002,0.012306,-0.06755599999999999,-0.00014099999999999877,-4.999999999999796e-06,-6.0000000000060005e-06
12055,0.004131999999999999,-0.012474,-0.07389,7.699999999999981e-05,4.200000000000037e-05,3.499999999999337e-05
9638,-0.006059,0.007105,-0.073358,3.900000000000084e-05,0.00015499999999999976,-0.00015199999999999936
8875,-0.007655,0.0057,-0.067705,3.600000000000044e-05,0.0001579999999999993,-0.00014700000000000824
11533,-0.013164,-0.0016870000000000001,-0.072948,-4.49999999999999e-05,5.5000000000000144e-05,-7.000000000000062e-05
9693,0.017081,0.002748,-0.071758,-2.2999999999998716e-05,6.100000000000029e-05,-0.00018499999999999073
9862,-0.013698,0.005699,-0.068407,-0.0001399999999999995,-9.200000000000007e-05,-2.6000000000012125e-05
9777,0.003507,-0.004301999999999999,-0.068678,0.00018699999999999967,0.0002219999999999991,-0.0001689999999999886
12183,-0.004056,-0.006328,-0.071302,3.499999999999944e-05,0.0001250000000000001,2.6999999999999247e-05
12294,-0.008990999999999999,0.003852,-0.064723,7.099999999999988e-05,0.00012699999999999994,-0.00010999999999999899
9925,0.008917,-0.005415,-0.07215200000000001,-9.999999999992654e-07,5.4999999999999494e-05,-7.699999999999374e-05
11811,-0.005515,-0.008164,-0.06945699999999999,0.00017700000000000007,0.00016799999999999975,0.00025799999999999434
9593,-0.0075780000000000005,0.00042699999999999997,-0.06468399999999999,3.900000000000084e-05,0.00011300000000000004,9.099999999999386e-05
10744,-0.006091999999999999,0.000902,-0.069508,2.799999999999938e-05,8.200000000000004e-05,7.000000000000062e-05
12109,0.005809999999999999,0.012249000000000001,-0.069662,-3.799999999999897e-05,-9.999999999999593e-06,-2.999999999998837e-05
10012,0.015737,0.0002,-0.064314,0.00010199999999999793,0.00014899999999999996,-4.400000000000237e-05
12108,-0.001532,0.003505,-0.07630500000000001,-1.7000000000000088e-05,0.00010600000000000019,-0.00018199999999998773
9838,-0.007752,0.00745,-0.065873,4.500000000000077e-05,0.00021899999999999958,-3.600000000000825e-05
11894,-0.005938,-0.009335000000000001,-0.067891,0.00011699999999999992,0.00012700000000000038,0.00034000000000000696
9870,0.0073620000000000005,-0.005707,-0.064045,0.00011499999999999965,0.00018000000000000047,7.999999999994123e-06
9732,0.0025,0.00424,-0.06985899999999999,-3.600000000000001e-05,0.00014500000000000016,-0.00018300000000001648
11164,-0.0011610000000000001,-0.004953,-0.06295100000000001,0.0002090000000000002,0.00032999999999999956,-9.299999999999586e-05
12151,-0.005837,-0.001571,-0.069846,5.0000000000000565e-05,0.00011799999999999983,-3.999999999998449e-05
9722,-0.004611,0.0072629999999999995,-0.07210599999999999,-9.30000000000002e-05,0.00013500000000000057,-8.800000000001862e-05
9698,-0.007825,-0.010671,-0.069857,7.699999999999981e-05,0.0002609999999999991,-5.099999999999549e-05
11138,0.002644,-0.001949,-0.069033,0.0001789999999999999,0.00017299999999999998,-9.800000000000086e-05
9194,0.007165,-0.005095,-0.069759,3.5999999999999574e-05,5.799999999999989e-05,-4.800000000000637e-05
11508,0.0042380000000000004,0.008825,-0.060089,-9.000000000000067e-05,0.000171000000000001,-5.9000000000003494e-05
11426,0.00417,-0.010897,-0.06829900000000001,0.00024600000000000056,0.00015000000000000083,0.00015800000000000536
9893,0.009644999999999999,0.00609,-0.06811299999999999,-0.00012699999999999864,0.00013200000000000017,-0.0001250000000000001
10776,-0.0022280000000000004,-0.001737,-0.074537,-4.699999999999973e-05,-0.00011300000000000004,-6.299999999999362e-05
9864,0.012557,-0.005513,-0.06711199999999999,0.0001239999999999991,0.00016399999999999922,-0.00014600000000000724
10105,-0.014939000000000001,0.003125,-0.076182,-0.00012099999999999958,-6.000000000000016e-05,1.9000000000005124e-05
9648,-0.0010609999999999999,0.009438,-0.07201099999999999,-4.3000000000000286e-05,-9.999999999999593e-06,-0.00014600000000000724
11541,0.002215,-0.010905,-0.07598300000000001,0.0001420000000000002,5.999999999999929e-05,-6.999999999998674e-05
9659,-0.006982,0.010693,-0.070759,-5.3000000000000096e-05,0.00014900000000000156,-6.199999999999262e-05
11497,-0.00212,-0.003747,-0.064209,0.0002499999999999998,0.0003600000000000001,-0.00012099999999999611
9963,-0.003873,-0.00584,-0.072962,-9.999999999999983e-05,8.399999999999987e-05,-4.500000000000337e-05
10281,0.007656,-0.001965,-0.070052,0.00012199999999999971,0.00012100000000000001,-0.00018599999999999173
10038,0.005694,-0.00254,-0.07334600000000001,6.899999999999962e-05,-3.299999999999961e-05,-0.00021599999999999397
11081,-0.0054210000000000005,0.00087,-0.07227,-8.000000000000194e-06,0.00011400000000000006,-3.899999999999737e-05
10464,-0.007789,0.011945,-0.069096,-0.00011299999999999939,4.49999999999999e-05,-6.799999999999862e-05
11743,-0.0065060000000000005,-0.00566,-0.069562,3.199999999999991e-05,0.00013100000000000004,9.499999999999786e-05
10507,0.017620999999999998,-0.000742,-0.06646200000000001,2.3000000000002185e-05,0.00017200000000000006,-0.0001280000000000031
10406,0.006543,0.011137000000000001,-0.072107,-0.00019399999999999973,0.00011699999999999905,-7.399999999999074e-05
11530,-0.011776,-0.007763,-0.069138,1.3000000000000858e-05,0.00016899999999999988,-1.5000000000001124e-05
10434,-0.015026999999999999,-0.008523999999999999,-0.070272,4.1999999999998636e-05,3.5999999999999574e-05,-6.399999999999462e-05
10656,-0.010343999999999999,0.010372,-0.061816,4.799999999999943e-05,0.00018800000000000067,-0.0001389999999999933
11794,-0.015590999999999999,0.003098,-0.073551,-6.800000000000035e-05,-9.999999999999983e-05,3.799999999999637e-05
10003,-0.0077610000000000005,-0.008365000000000001,-0.070534,0.0001010000000000004,0.00020900000000000085,0.0002259999999999901
10522,-0.011156000000000001,-0.009948,-0.068309,0.0001410000000000005,0.00028000000000000073,-7.999999999994123e-06
9773,-0.010772,0.001928,-0.069147,-7.999999999999327e-06,-5.3000000000000096e-05,-0.00010100000000000386
10465,0.003589,-0.009836000000000001,-0.063711,0.00018699999999999967,6.900000000000135e-05,-0.00011799999999999311
11822,0.008692,0.011734,-0.067976,8.299999999999974e-05,-5.199999999999996e-05,-0.0001270000000000021
11926,-0.004784,-0.012676,-0.068271,-7.000000000000062e-06,0.00014799999999999883,-5.6000000000000494e-05
11760,-0.00045,0.006325,-0.060005,-2.599999999999998e-05,0.0001990000000000004,-9.499999999999786e-05
8816,-0.001034,0.00501,-0.069122,1.0000000000001327e-06,0.00011900000000000018,-0.00011099999999999999
10775,-0.013888999999999999,0.011302,-0.067503,-5.900000000000176e-05,1.9999999999999185e-05,7.399999999999074e-05
9759,0.006415,0.009899,-0.070836,-0.00014699999999999956,1.4999999999999389e-05,-8.700000000000374e-05
10337,-0.000629,0.005994,-0.071972,-0.000156,7.300000000000015e-05,-0.00016800000000000148
9642,-0.0020299999999999997,-0.007158,-0.07351099999999999,-6.900000000000048e-05,5.7000000000000627e-05,-3.0000000000030003e-06
11447,0.009738,-0.008402,-0.069948,2.2999999999998716e-05,5.4999999999999494e-05,-8.700000000000374e-05
12054,-0.006199,0.000898,-0.072935,-8.000000000000194e-06,3.200000000000002e-05,-4.999999999991123e-06
10542,0.012024,0.005275,-0.062568,-4.999999999999796e-06,0.0003149999999999993,-0.00012099999999999611
9841,-0.004883,0.0035150000000000003,-0.061637,-6.499999999999995e-05,0.00020199999999999992,-0.00010600000000000193
12261,-0.015724000000000002,-0.005911,-0.076237,0.00017300000000000128,2.1000000000000185e-05,9.499999999999786e-05
11453,-0.000734,0.00152,-0.07464900000000001,-0.00015300000000000003,-2.099999999999997e-05,-0.0002219999999999861
9709,-0.005435,0.0037,-0.066485,-1.0000000000001327e-06,0.00024499999999999956,-0.00021899999999999697
12157,-0.0016619999999999998,0.003762,-0.066545,-3.300000000000026e-05,0.00019799999999999983,-5.999999999992123e-06
11154,0.004288999999999999,0.009914,-0.067425,-8.099999999999948e-05,9.20000000000018e-05,-3.0000000000030003e-06
11078,-0.013696999999999999,0.012150000000000001,-0.073036,-0.00011300000000000199,9.999999999992654e-07,3.0000000000030003e-06
10200,-0.012574,-0.006564,-0.070162,1.1999999999999858e-05,0.00015500000000000062,9.200000000000874e-05
12064,0.000374,-0.012305,-0.06407299999999999,0.00016600000000000002,0.00018899999999999993,-0.0003080000000000027
355,0.010634000000000001,0.0029,-0.065595,-3.0000000000012655e-06,0.00018400000000000014,7.999999999994123e-06
12074,0.0037,0.001495,-0.062157,0.00015299999999999992,0.000263,7.999999999994123e-06
11427,-0.008525,0.009717,-0.063509,0.0002399999999999989,0.00018899999999999993,-0.00014600000000000724
11775,0.012276,0.011821,-0.066812,-4.200000000000037e-05,2.700000000000098e-05,-0.00014000000000000123
10859,0.004215,-0.010921,-0.063833,0.00016100000000000055,4.2999999999999636e-05,-1.000000000001e-06
12028,-0.012457000000000001,-0.0013839999999999998,-0.067626,-1.1999999999998123e-05,9.799999999999978e-05,4.900000000000737e-05
9762,-0.011895,0.004012,-0.068451,-0.00010300000000000066,-8.700000000000027e-05,-0.00010600000000000886
9856,0.008289,-0.000118,-0.063209,7.300000000000015e-05,0.000286,6.0999999999991616e-05
9462,-0.009274,-0.0019019999999999998,-0.069985,-2.700000000000098e-05,0.000147,-3.899999999999737e-05
11881,-0.002056,-0.008513,-0.071682,-7.000000000000062e-06,0.00010099999999999866,-7.500000000000562e-05
11929,-0.005674,-0.004228,-0.073406,-8.99999999999946e-06,0.00011800000000000005,7.200000000000262e-05
11816,0.008433,0.01042,-0.062106,-0.00011899999999999931,0.0002459999999999997,-0.00015500000000000236
11986,-0.011144,0.0005340000000000001,-0.062356,4.700000000000017e-05,0.0003259999999999999,-0.00013400000000000217
9515,0.012392,0.008631,-0.067676,-0.00010699999999999946,4.1000000000001105e-05,-0.00022199999999999998
9871,-0.0034620000000000002,0.010058999999999998,-0.073431,-3.999999999999967e-05,0.00014000000000000123,-0.00015700000000000436
9703,-0.001075,0.008029999999999999,-0.061876,-1.9000000000000137e-05,0.000197000000000001,-2.8000000000000247e-05
10031,-0.000216,-0.009387000000000001,-0.06355,0.000107,0.0002630000000000011,-6.0000000000004494e-05
11574,-0.006453,-0.006163999999999999,-0.07330500000000001,0.00013700000000000084,0.00011699999999999992,9.000000000000674e-05
9755,0.002106,-0.010397,-0.06981100000000001,7.700000000000025e-05,0.00011299999999999852,-0.00010099999999998999
11186,0.016419,-0.0029950000000000003,-0.07338,-3.200000000000078e-05,7.200000000000002e-05,-8.099999999999774e-05
12328,0.015775,8.999999999999999e-05,-0.07208,-4.099999999999937e-05,0.000152,-7.699999999999374e-05
11883,0.015303,0.001866,-0.063933,7.499999999999868e-05,7.59999999999999e-05,-7.299999999998974e-05
9932,-0.007989,0.002525,-0.066456,4.099999999999937e-05,0.00019799999999999983,1.1999999999998123e-05
11403,-0.002904,-0.012016,-0.072835,0.00022100000000000028,0.00015500000000000062,0.00010299999999999199
9684,-0.002473,-0.008169000000000001,-0.06885200000000001,0.000147,0.0002460000000000014,2.9000000000015125e-05
10353,0.007426,0.012547,-0.068709,3.199999999999991e-05,1.9999999999999185e-05,-9.900000000000186e-05
11441,0.004229,-0.012483000000000001,-0.066979,0.0002919999999999997,0.00010400000000000166,0.0001810000000000006
12206,-0.0076879999999999995,-0.001526,-0.068552,4.999999999999796e-06,0.0001739999999999999,1.1000000000011001e-05
11406,0.0079,0.006392,-0.076046,7.099999999999988e-05,-2.3999999999999716e-05,-0.00013299999999999423
10023,-0.002108,0.010568,-0.070427,2.9999999999999645e-06,2.8999999999999512e-05,-0.00012199999999999711
9311,-0.0063360000000000005,0.010933,-0.065824,-4.0000000000000105e-05,0.00022300000000000098,2.899999999998737e-05
11740,-0.0007,-0.005994,-0.07109399999999999,-4.700000000000006e-05,0.00017100000000000014,7.599999999999274e-05
9668,-0.003033,0.009125999999999999,-0.07228,-0.00017799999999999977,0.00010600000000000019,-0.0002660000000000162
11529,-0.011078,-0.00779,-0.069415,5.7999999999999025e-05,0.00019200000000000033,3.0000000000030003e-06
11085,-0.0060149999999999995,0.004945000000000001,-0.063954,1.299999999999999e-05,0.00029799999999999965,-0.00010200000000000486
9662,0.009633,0.003057,-0.071646,-8.799999999999954e-05,3.800000000000027e-05,-0.00013399999999999523
9876,-0.008355,-0.000666,-0.06495000000000001,1.2999999999999123e-05,0.00019200000000000006,2.2000000000008124e-05
9656,-0.005041,0.0059299999999999995,-0.071396,-1.8999999999999052e-05,0.00010500000000000093,-7.699999999999374e-05
8857,-0.010683,-0.002146,-0.067467,0.00015699999999999915,0.00028299999999999983,-1.0999999999997123e-05
9836,0.0149,0.002403,-0.07071,-2.5000000000000716e-05,0.00015099999999999966,-0.00017200000000000548
10026,0.006911,-0.004462,-0.073741,9.900000000000013e-05,-7.000000000000062e-06,-0.00014599999999999336
10149,0.007567,0.008074,-0.071752,-0.00018599999999999953,9.699999999999986e-05,-0.00014400000000000523
12079,0.015134,0.005266,-0.07099899999999999,-9.99999999999994e-05,1.7999999999999787e-05,-0.00014500000000000624
9707,-0.005466,-0.004751,-0.070003,0.0,0.00014699999999999956,5.1999999999996493e-05
12185,-0.007496,-0.006621,-0.073522,6.399999999999982e-05,0.00020600000000000045,-4.700000000000537e-05
9689,-0.013883,0.010266,-0.073363,-9.49999999999996e-05,1.5999999999998654e-05,7.200000000000262e-05
9714,-0.000867,0.000222,-0.070429,7.700000000000003e-05,0.00015199999999999998,-0.00020999999999998797
11076,-0.004071,-0.009550000000000001,-0.06901099999999999,0.00019899999999999996,0.00022000000000000144,0.0001749999999999946
11094,-0.009587,-0.011028,-0.06980700000000001,6.700000000000109e-05,0.00022099999999999898,-8.400000000000074e-05
9798,-0.011009999999999999,-0.006291000000000001,-0.066469,7.899999999999921e-05,0.00010300000000000066,0.00027499999999999747
11077,-0.002057,-0.0025139999999999997,-0.06617700000000001,0.00022299999999999967,0.00024399999999999986,-0.00015299999999998648
11731,-0.005373,-0.004032,-0.066854,9.30000000000002e-05,0.00035099999999999975,0.00016099999999999448
11827,0.010599,0.011843999999999999,-0.069126,-0.00012200000000000058,3.700000000000231e-05,-0.00023699999999998722
9645,-0.004482,0.01126,-0.07238,-7.400000000000028e-05,8.900000000000054e-05,-8.199999999999874e-05
12078,-0.005535999999999999,0.00484,-0.061886000000000004,-9.200000000000094e-05,0.00021400000000000065,-2.4999999999997247e-05
11898,0.010486,-0.013228,-0.065375,0.000196,8.299999999999974e-05,-9.199999999999486e-05
9677,0.013767,0.002569,-0.07395399999999999,-4.699999999999843e-05,9.299999999999977e-05,-0.0001910000000000106
10782,-0.011528,-0.004511,-0.069446,6.100000000000029e-05,6.299999999999969e-05,5.5999999999986616e-05
10750,-0.011118000000000001,-0.010916,-0.069899,3.300000000000004e-05,0.0002599999999999998,0.00014700000000000824
8928,0.004298,0.001692,-0.072745,-4.69999999999993e-05,3.600000000000001e-05,-0.00011200000000000099
12127,-0.009163000000000001,0.006985,-0.060536,-5.099999999999896e-05,0.0003510000000000006,-0.00023200000000000304
12100,-0.009643,-0.0028380000000000002,-0.07314799999999999,-6.299999999999882e-05,-2.3000000000000017e-05,-1.3000000000013001e-05
10391,0.007645,-0.003522,-0.067577,0.00011600000000000065,0.00010999999999999985,-0.0001229999999999981
11446,-0.011333,-0.0015129999999999998,-0.071962,7.999999999999327e-06,-4.9000000000000215e-05,-0.00011900000000000799
9751,0.00404,-0.000638,-0.07134,8.299999999999974e-05,0.00013600000000000005,-0.00016700000000000048
11086,-0.004866,0.002854,-0.060175,-7.000000000000929e-06,0.00021899999999999958,2.5999999999998247e-05
9855,0.0015789999999999999,0.001424,-0.074336,-0.00011299999999999982,-3.6999999999999924e-05,-0.00018999999999999573
10370,0.0007199999999999999,-0.009507999999999999,-0.07289,4.800000000000008e-05,0.00013299999999999944,-8.600000000000274e-05
11445,0.009209,0.00263,-0.062748,0.00016799999999999975,0.000291,-0.00014200000000000323
9735,-0.004901,0.0066879999999999995,-0.07170699999999999,-6.099999999999942e-05,0.00011100000000000085,-8.400000000000074e-05
11320,-0.012976000000000001,-0.008217,-0.073378,-0.00018799999999999893,0.00021200000000000038,-6.0999999999991616e-05
10101,0.0006730000000000001,0.0059240000000000004,-0.07318899999999999,-8.100000000000013e-05,2.199999999999945e-05,-0.00015900000000000636
9718,-0.007283,0.006529,-0.064381,5.3000000000000096e-05,0.0002539999999999999,-9.000000000000674e-05
7759,-0.014637,0.007982,-0.069912,-4.2999999999999636e-05,-0.00018399999999999927,9.599999999999886e-05
9776,0.003977,0.0015309999999999998,-0.067589,-2.3999999999999716e-05,0.00011500000000000008,-0.00010999999999999899
10035,0.010320000000000001,0.011668,-0.068964,-0.0001250000000000001,-2.599999999999998e-05,-0.00021900000000001085
12052,-0.006921,-0.002473,-0.070816,4.49999999999999e-05,4.999999999999796e-06,-2.2999999999995246e-05
10919,-0.002085,0.002755,-0.059304,-5.999999999999929e-06,0.00018400000000000014,-2.1000000000000185e-05
10767,-0.010173,0.003028,-0.070162,-1.899999999999992e-05,-9.599999999999973e-05,-3.799999999999637e-05
9710,0.0036520000000000003,0.00644,-0.066952,-2.8000000000000247e-05,0.00021899999999999958,-8.500000000000174e-05
11559,0.011704,-0.010557,-0.065508,0.00014599999999999856,0.00018400000000000187,-3.200000000000425e-05
9866,0.003761,0.006699,-0.06604900000000001,1.2000000000000292e-05,0.00023099999999999943,-0.00010999999999999899
10048,0.009961000000000001,0.000893,-0.07018,-1.0000000000001327e-05,0.00013099999999999993,-0.00013399999999998136
11543,0.01298,-0.008648999999999999,-0.065259,3.799999999999984e-05,0.0003409999999999993,1.2999999999999123e-05
11571,-0.002997,-0.012293,-0.067464,0.00020900000000000042,0.000255,-6.1000000000005494e-05
12252,0.002397,-0.004407,-0.068488,0.00023300000000000013,0.00030900000000000025,-0.00021800000000000985
12143,-0.005944,-0.005071,-0.07051600000000001,7.999999999999327e-06,0.00018199999999999987,0.00011800000000000699
11763,-0.006652,0.005067,-0.07301,3.8999999999999105e-05,4.19999999999995e-05,-5.2999999999997494e-05
11481,-0.004248999999999999,-0.006959,-0.072483,4.799999999999943e-05,0.00011999999999999945,2.6000000000012125e-05
10136,0.00035999999999999997,-0.006645,-0.07075100000000001,-1.9999999999999944e-05,0.00012299999999999985,3.300000000000525e-05
11431,-0.012429,0.0045780000000000005,-0.07086100000000001,-7.599999999999968e-05,5.099999999999896e-05,-3.199999999999037e-05
9793,0.003557,0.010095,-0.07332599999999999,-0.00017199999999999984,-2.1000000000000185e-05,-0.00015199999999999936
9765,0.011859999999999999,-0.001615,-0.068236,5.7000000000001494e-05,0.00017799999999999977,-7.599999999999274e-05
9661,0.001494,0.004293,-0.068434,5.400000000000001e-05,0.00012599999999999938,-0.00011600000000000499
9691,0.0024950000000000003,0.009388,-0.068018,-0.00012100000000000001,5.4999999999999494e-05,-4.400000000000237e-05
11874,0.015109,-0.012394,-0.071378,6.500000000000082e-05,0.0002270000000000015,-1.9999999999992246e-05
9922,0.009397,-0.008676,-0.070316,3.3999999999997574e-05,5.400000000000023e-05,-0.00010200000000000486
8823,0.003483,0.005660999999999999,-0.06953400000000001,-0.00013900000000000023,8.400000000000074e-05,-5.4999999999985616e-05
10755,-0.004602,-0.0059770000000000005,-0.07047,-1.4999999999999389e-05,0.0001360000000000007,4.200000000001425e-05
9719,0.00536,0.011486000000000001,-0.069752,-8.400000000000074e-05,-8.500000000000174e-05,-1.1999999999998123e-05
10349,-0.000989,0.006618000000000001,-0.06307,-8.599999999999992e-05,0.00016499999999999935,2.3000000000009124e-05
10707,-0.014537000000000001,-0.001984,-0.069611,-6.399999999999982e-05,-3.899999999999997e-05,2.6999999999999247e-05
9458,0.015924,-0.0024980000000000002,-0.06693099999999999,0.00011800000000000005,0.0001900000000000005,-0.00013900000000000023
9061,0.008491,0.011675000000000001,-0.069934,-0.00020399999999999932,5.599999999999876e-05,-0.0001250000000000001
11147,-0.0050620000000000005,0.005466,-0.07276200000000001,-4.2999999999999636e-05,0.0001239999999999991,-0.00017699999999998273
11454,0.011818,-0.006029,-0.069358,8.099999999999948e-05,0.00011299999999999939,-1.0999999999997123e-05
11424,0.006876999999999999,-0.012054,-0.066947,0.0001299999999999999,-4.9999999999980616e-06,-4.699999999999149e-05
11764,0.015301,0.007127,-0.06775,-3.500000000000031e-05,0.00012600000000000024,-0.00022700000000000498
11778,-0.01476,0.004314,-0.069426,-7.300000000000015e-05,-7.799999999999994e-05,-2.6999999999999247e-05
9742,0.013634,0.008762,-0.071922,-7.599999999999968e-05,5.599999999999876e-05,-0.00016399999999999748
9738,-0.013692,-0.002054,-0.070758,-8.700000000000027e-05,7.099999999999988e-05,2.0000000000006124e-05
11800,0.009670999999999999,-0.009823,-0.06678400000000001,2.8000000000000247e-05,0.0001399999999999995,-9.999999999871223e-07
9840,0.008088,-0.012144,-0.067402,0.00010199999999999966,3.300000000000004e-05,-6.899999999999962e-05
10533,0.012819,0.004385,-0.06404900000000001,-0.00011800000000000005,0.00010300000000000066,-0.00013900000000000023
9763,0.002177,0.0038250000000000003,-0.061767,2.400000000000015e-05,0.00022400000000000024,-0.00016699999999999354
9843,0.003879,0.007271,-0.063497,-8.99999999999998e-05,0.0001559999999999999,-3.999999999999837e-05
9650,0.002709,-0.001999,-0.072241,4.6000000000000034e-05,0.0001249999999999999,-0.00011499999999999011
11414,-0.014286,-0.010798,-0.069727,1.6999999999999654e-05,0.0002580000000000013,-7.000000000000062e-05
9882,0.008484,-0.0011120000000000001,-0.069998,7.399999999999941e-05,7.600000000000011e-05,-0.0001789999999999986
9591,-0.004854,0.008255,-0.065363,4.99999999999997e-05,0.0003099999999999995,-0.00011499999999999011
10207,0.014023999999999998,0.010853999999999999,-0.06822700000000001,-8.2999999999998e-05,8.299999999999974e-05,-0.00019099999999999673
10445,0.009762,-0.011842,-0.07107,-9.599999999999886e-05,5.9000000000000025e-05,-9.400000000001074e-05
9747,-0.001996,-0.007065,-0.069268,-4.40000000000002e-05,0.00023800000000000036,-9.499999999999786e-05
12249,0.012799,-0.005278,-0.073999,0.00013699999999999997,-1.000000000000046e-05,1.5000000000001124e-05
11405,0.001649,0.002561,-0.069593,6.999999999999845e-06,0.00012100000000000001,-0.00016399999999999748
9655,0.000587,0.0032530000000000002,-0.069292,2.5000000000000066e-05,0.0001399999999999995,-0.00013699999999999823
11434,-0.009525,0.001373,-0.06855599999999999,0.00010199999999999966,2.9999999999999862e-05,-8.700000000000374e-05
9721,-0.001098,0.003049,-0.070907,-1.0000000000000026e-05,0.00016899999999999988,-0.00013699999999999823
9696,-0.00309,0.0030369999999999998,-0.06845,1.4999999999999823e-05,0.00027700000000000034,-0.00010999999999999899
9874,0.013176,-0.00046600000000000005,-0.067323,9.699999999999986e-05,0.00018700000000000005,-8.200000000001262e-05
12181,0.012998,0.000433,-0.070215,-9.999999999999593e-06,0.00011099999999999999,-0.00010599999999999499
9640,-0.0006680000000000001,0.0059299999999999995,-0.070165,-8.899999999999989e-05,0.00012199999999999971,-0.00013799999999998536
9694,-0.007574,-0.004263,-0.07098600000000001,-8.600000000000014e-05,0.00014999999999999996,0.00010900000000001187
9782,0.000148,-0.007963,-0.07179300000000001,-8.299999999999998e-05,4.900000000000043e-05,-2.2999999999995246e-05
9797,0.012268000000000001,0.007437999999999999,-0.07042,-0.00012000000000000205,-0.00011099999999999912,-0.0002540000000000042
9794,0.008484,0.008255,-0.07238800000000001,-0.00016399999999999922,0.00010899999999999972,-4.999999999999449e-05
9847,-0.009424,0.006556,-0.06870699999999999,4.999999999999796e-06,-3.4000000000000176e-05,-2.4000000000010124e-05
9796,-0.012756,0.010093,-0.065596,-2.9999999999998778e-05,1.0999999999998858e-05,2.9000000000015125e-05
10236,0.008971,0.002492,-0.070003,-0.0001799999999999996,5.3000000000000096e-05,-0.00017700000000001048
12070,-0.006851,0.00905,-0.075428,-4.000000000000531e-06,5.9000000000000025e-05,-8.100000000001162e-05
11073,-0.004692,-0.002229,-0.071587,0.00011300000000000025,0.00011299999999999982,0.0
9743,-0.001653,-0.011084,-0.065774,5.400000000000001e-05,0.0003370000000000005,-0.00017200000000000548
10067,-0.010954,0.007587,-0.062903,4.1999999999998636e-05,0.0001749999999999998,-4.899999999999349e-05
9804,-0.008595,0.00013700000000000002,-0.064546,5.9000000000000025e-05,0.00015199999999999995,4.000000000001225e-05
12061,-0.0012230000000000001,-0.001351,-0.069991,7.200000000000002e-05,0.0002360000000000001,-0.00015300000000001424
11791,0.009756,-0.010907,-0.070536,5.299999999999923e-05,0.00011899999999999931,-6.899999999999962e-05
9766,0.013756,0.0049299999999999995,-0.073006,-7.600000000000141e-05,6.800000000000035e-05,-7.699999999999374e-05
9980,0.009845000000000001,0.007826,-0.070217,-0.00017300000000000128,3.0000000000000512e-05,-0.00015399999999998748
12212,-0.012446,0.002311,-0.06943899999999999,-3.199999999999904e-05,-7.300000000000015e-05,-0.00016600000000001336
9964,0.001518,-0.010989,-0.07030800000000001,2.6999999999999897e-05,5.10000000000007e-05,-0.00010899999999999799
11417,0.009055,0.008523999999999999,-0.064765,-5.9000000000000025e-05,6.200000000000129e-05,-7.100000000000162e-05
11738,0.016573,0.001157,-0.068805,-7.799999999999821e-05,0.000196,-0.00014699999999999436
12090,0.013713,0.001125,-0.06830599999999999,2.999999999999531e-06,1.6000000000000172e-05,-9.400000000001074e-05
9853,-0.011885999999999999,-0.009315,-0.06911199999999999,0.00010899999999999972,0.0002509999999999995,-9.000000000009e-06
10573,0.005454,-0.001799,-0.068063,0.00015200000000000023,0.00018000000000000004,-0.00011900000000000799
9679,0.003783,0.008128999999999999,-0.06734699999999999,-3.4999999999999875e-05,0.00024399999999999943,-7.600000000000662e-05
9695,0.0019950000000000002,-0.006304000000000001,-0.07098600000000001,-7.100000000000032e-05,0.00011800000000000092,-9.999999999871223e-07
11304,0.004923,-0.004575999999999999,-0.06898,0.0001239999999999991,0.0001250000000000001,-0.00020499999999999685
9170,-0.006617,0.005633,-0.068618,-6.000000000000016e-05,0.00015399999999999962,-0.00016700000000000048
9681,0.013659000000000001,0.001082,-0.07036,5.9999999999997555e-05,0.00016599999999999991,-0.0001820000000000016
9671,0.000426,0.001238,-0.067094,-3.999999999999989e-06,0.00022400000000000002,-0.00012199999999999711
10371,0.009314,0.0047480000000000005,-0.065819,6.000000000000796e-06,0.000194999999999999,-0.00014300000000000423
9697,0.0018720000000000002,0.00196,-0.06821899999999999,-1.6000000000000172e-05,0.00011800000000000005,-0.0001290000000000041
9956,-0.0018540000000000002,-0.0011240000000000002,-0.06662399999999999,0.00010000000000000026,0.00025100000000000025,-0.0001980000000000176
9206,0.012077,0.010807,-0.069,-4.89999999999987e-05,9.999999999992654e-07,-0.00015499999999998848
9901,0.012351,0.006458,-0.067178,-4.60000000000009e-05,2.1000000000000185e-05,-0.00021200000000000385
9673,0.001287,0.00176,-0.06642,3.399999999999996e-05,0.0003129999999999997,-0.00011700000000000599
10783,0.003655,-0.0017259999999999999,-0.064916,0.00013299999999999987,0.0002059999999999998,-9.399999999999686e-05
10740,0.01154,-0.0019370000000000001,-0.06918,2.0000000000002655e-06,9.600000000000017e-05,-2.699999999998537e-05
11803,0.001487,0.006997,-0.068245,-0.0001609999999999999,0.0001479999999999997,-4.599999999999049e-05
10415,0.008573,0.006784,-0.066843,-0.00013200000000000017,0.000196,-0.00010400000000000686
9670,0.006755,0.008307,-0.06847400000000001,-0.00010899999999999972,4.1000000000001105e-05,-0.0002339999999999981
12283,0.013419,0.009964,-0.06477200000000001,3.799999999999984e-05,6.499999999999909e-05,-0.0002749999999999836
10005,0.012894000000000001,-0.001629,-0.064914,0.00015899999999999942,0.00026400000000000013,-6.799999999999862e-05
9683,0.0075190000000000005,-0.005393,-0.06853400000000001,0.00011499999999999965,0.0001010000000000004,-0.0001709999999999906
10017,-0.004438,-0.00039400000000000004,-0.071307,9.200000000000007e-05,0.00019600000000000002,-4.600000000000437e-05
9680,0.00737,0.000955,-0.06754900000000001,8.300000000000061e-05,0.00011300000000000014,-0.00011799999999999311
9977,0.00607,-0.0033940000000000003,-0.06851900000000001,8.600000000000014e-05,0.0001280000000000005,-0.00019199999999998385
9835,-0.0088,0.004418999999999999,-0.06402500000000001,9.400000000000033e-05,0.00019900000000000126,-0.00014999999999998348
11102,0.003384,0.008893,-0.07091,-0.0003349999999999998,-6.699999999999935e-05,-0.00013900000000000023
10367,0.011359,-0.0069240000000000005,-0.068274,6.300000000000056e-05,0.00011900000000000105,-3.400000000000625e-05
10752,0.005593,-0.005187000000000001,-0.063397,2.7000000000000114e-05,0.00017200000000000115,-2.4999999999997247e-05
10756,-0.011063,0.005764999999999999,-0.06789400000000001,-8.700000000000027e-05,-1.3999999999999256e-05,-7.999999999999674e-05
10018,0.010724000000000001,-0.00749,-0.066606,2.5999999999998247e-05,0.00016100000000000055,-4.600000000000437e-05
11107,0.01304,-0.006423,-0.067776,0.00011199999999999925,0.00017599999999999994,-0.00010199999999999099
8985,0.008314,0.010489,-0.06920799999999999,-1.6999999999999654e-05,-0.00011099999999999999,-0.00015200000000001324
11420,-0.010127,-0.0012259999999999999,-0.067771,3.600000000000131e-05,0.000245,3.0000000000002247e-05
11523,-0.007105,-0.01267,-0.066114,2.900000000000038e-05,0.00023800000000000036,-4.500000000000337e-05
12062,-0.0026160000000000003,-0.002301,-0.07103,0.00011100000000000042,0.00011800000000000005,-3.0000000000002247e-05
9660,0.0052510000000000005,0.001771,-0.067891,-1.5000000000001124e-05,3.799999999999984e-05,-4.999999999999449e-05
10413,0.006116,0.008526,-0.06820999999999999,-0.0001010000000000004,-4.4000000000000636e-05,-0.00016100000000000836
9183,0.009393,0.0023740000000000002,-0.06580200000000001,8.999999999998592e-06,0.00015700000000000002,-5.0999999999981616e-05
10129,0.014844,-0.008294000000000001,-0.07054300000000001,1.899999999999992e-05,0.00010600000000000019,-8.099999999998386e-05
9995,-0.003255,-0.0033410000000000002,-0.070927,9.900000000000013e-05,0.0001510000000000001,3.500000000000725e-05
10462,0.011189,-0.003422,-0.068407,7.199999999999915e-05,0.00015800000000000015,-9.000000000000674e-05
11773,0.010349,0.011123,-0.066369,-9.999999999999593e-06,-2.9999999999998778e-05,-5.3999999999998494e-05
10082,0.00931,0.009634,-0.066634,-7.000000000000062e-05,0.00021400000000000065,4.999999999991123e-06
9724,0.004556,0.002767,-0.066649,2.3999999999999716e-05,0.00013900000000000023,-0.00010100000000000386
9675,0.008287000000000001,0.001936,-0.068119,6.199999999999956e-05,0.000129,-9.300000000000974e-05
10746,0.009864000000000001,0.009899,-0.068053,-8.400000000000248e-05,-6.399999999999982e-05,-7.699999999999374e-05
9764,0.009547,-0.0031360000000000003,-0.067465,0.00011300000000000025,9.500000000000047e-05,-9.999999999996123e-06
9857,0.008948000000000001,0.005507,-0.06876099999999999,-0.00011500000000000052,7.200000000000002e-05,-0.000126000000000015
9845,0.013406000000000001,-0.007685,-0.06845699999999999,4.29999999999979e-05,0.00015700000000000002,-0.00015100000000001224
11113,0.003539,-0.008032,-0.069461,-1.800000000000022e-05,0.00012299999999999985,-6.0000000000004494e-05
10157,0.0013189999999999999,-0.011657,-0.073137,5.000000000000013e-05,0.0001270000000000021,-5.8000000000002494e-05
9772,0.011318,-0.005668,-0.06883,6.900000000000135e-05,0.00013400000000000044,-5.5999999999986616e-05
