Particle,x,y,z,Vx,Vy,Vz
2166,-0.01057,0.006887,-0.07101,0.0,0.0,0.0
116,0.005898,-0.007852,-0.067497,0.0,0.0,0.0
2186,-0.011679,0.000743,-0.071696,0.0,0.0,0.0
149,-0.005477999999999999,0.010786,-0.062512,0.0,0.0,0.0
1405,-0.005333,-0.005873000000000001,-0.068418,0.0,0.0,0.0
1000,-0.010751,-0.007730000000000001,-0.070934,0.0,0.0,0.0
2233,6.3e-05,-0.010933,-0.065881,0.0,0.0,0.0
1930,-0.010743,-0.002419,-0.063233,0.0,0.0,0.0
79,0.002499,0.001914,-0.06744199999999999,0.0,0.0,0.0
2187,-0.005545,-0.012007,-0.074809,0.0,0.0,0.0
3856,0.0011279999999999999,-0.005554,-0.06295300000000001,0.0,0.0,0.0
47,-0.009653,0.007634999999999999,-0.072377,0.0,0.0,0.0
2460,-0.004405999999999999,-0.00855,-0.071806,0.0,0.0,0.0
249,0.011756,-0.0064800000000000005,-0.068888,0.0,0.0,0.0
1210,0.000584,-0.004594,-0.06895699999999999,0.0,0.0,0.0
2472,-0.01103,0.010194000000000002,-0.07078799999999999,0.0,0.0,0.0
3834,-0.000653,-0.005607999999999999,-0.06017,0.0,0.0,0.0
1970,-0.012061,-0.010343999999999999,-0.071301,0.0,0.0,0.0
3164,0.016949000000000002,0.007843,-0.06840500000000001,0.0,0.0,0.0
661,0.010901,-0.004638,-0.068993,0.0,0.0,0.0
3451,0.010424,-0.007152,-0.06947199999999999,0.0,0.0,0.0
3006,0.010099,0.008542999999999999,-0.069017,0.0,0.0,0.0
3133,-0.007479,-0.003007,-0.072195,0.0,0.0,0.0
3489,0.005913,0.005908,-0.061208,0.0,0.0,0.0
3791,0.004413,-0.007529,-0.063365,0.0,0.0,0.0
3820,-0.010271,0.010974,-0.07202800000000001,0.0,0.0,0.0
3201,0.005983,0.011795,-0.066089,0.0,0.0,0.0
3846,-0.007402,0.009743,-0.071884,0.0,0.0,0.0
20,0.005412,0.001174,-0.06709699999999999,0.0,0.0,0.0
188,-0.009521,0.004822,-0.066428,0.0,0.0,0.0
3453,-0.008731,-0.011882,-0.06980700000000001,0.0,0.0,0.0
3308,0.004221,-0.012180999999999999,-0.071039,0.0,0.0,0.0
2910,-0.008436,-0.009093,-0.067403,0.0,0.0,0.0
3287,-0.007353,-0.000878,-0.065712,0.0,0.0,0.0
3450,-0.009563,-0.0075060000000000005,-0.073098,0.0,0.0,0.0
3271,-0.008045,-0.00608,-0.05744,0.0,0.0,0.0
3231,-0.001748,-0.012317,-0.071574,0.0,0.0,0.0
3563,-0.008364,0.0009260000000000001,-0.066854,0.0,0.0,0.0
2819,0.001653,-0.002655,-0.075597,0.0,0.0,0.0
3188,-0.001722,-0.01173,-0.077735,0.0,0.0,0.0
819,-0.016267,-0.002884,-0.072697,0.0,0.0,0.0
3581,-0.002598,-0.006346,-0.061311,0.0,0.0,0.0
3973,-0.004543,-0.0030659999999999997,-0.07515000000000001,0.0,0.0,0.0
1001,-0.0044610000000000006,0.013286,-0.06651900000000001,0.0,0.0,0.0
1375,-0.005821,0.006093,-0.065387,0.0,0.0,0.0
3835,0.003251,-0.009422,-0.073003,0.0,0.0,0.0
3140,0.000189,0.012863,-0.066823,0.0,0.0,0.0
3776,-0.004064,0.002511,-0.061314999999999995,0.0,0.0,0.0
3798,-0.006415,0.005621,-0.075026,0.0,0.0,0.0
3954,0.018314,-0.008164999999999999,-0.068682,0.0,0.0,0.0
503,-0.005371000000000001,0.005551,-0.07226,0.0,0.0,0.0
3951,-0.006549999999999999,-0.012372,-0.066111,0.0,0.0,0.0
265,0.014631,-0.00039200000000000004,-0.069619,0.0,0.0,0.0
1224,0.001917,-0.008161,-0.072144,0.0,0.0,0.0
28,-0.005817999999999999,0.013185,-0.067401,0.0,0.0,0.0
3176,0.012262,-0.0048319999999999995,-0.071743,0.0,0.0,0.0
2383,-0.012941000000000001,0.008549,-0.06320100000000001,0.0,0.0,0.0
3806,0.005481,0.007659,-0.059935,0.0,0.0,0.0
3812,5.8e-05,0.010281,-0.069845,0.0,0.0,0.0
3852,0.001567,-0.012544000000000001,-0.062100999999999996,0.0,0.0,0.0
2549,-0.012171,0.005638,-0.06374300000000001,0.0,0.0,0.0
3860,0.011643,-0.006187000000000001,-0.062443,0.0,0.0,0.0
3883,-0.000642,-0.012469,-0.07067,0.0,0.0,0.0
2880,-0.006308,0.003947,-0.072765,0.0,0.0,0.0
3601,0.013715999999999999,0.006928,-0.062832,0.0,0.0,0.0
3608,-0.012131,0.003818,-0.06585099999999999,0.0,0.0,0.0
3981,0.012407,-0.000823,-0.056548,0.0,0.0,0.0
3024,-0.001871,0.005426,-0.061422,0.0,0.0,0.0
1968,-0.012478,-0.0022400000000000002,-0.067741,-0.00010899999999999972,0.00011200000000000012,0.00011700000000000599
2450,0.000607,0.006332,-0.07423600000000001,7.6e-05,9.999999999999593e-06,-4.499999999998949e-05
215,-0.001521,0.011732,-0.075959,2.6999999999999897e-05,7.700000000000068e-05,-0.0001769999999999966
299,0.014587999999999999,0.004195,-0.068201,-6.299999999999882e-05,3.4000000000000176e-05,0.0
4225,0.015426,-0.005301,-0.074124,-5.199999999999996e-05,0.00011800000000000005,3.600000000000825e-05
3121,-0.008422,-0.011183,-0.06926900000000001,5.4999999999999494e-05,8.400000000000074e-05,4.700000000001925e-05
2791,-0.011247,0.003702,-0.062277,4.000000000000531e-06,0.00021699999999999975,3.899999999999737e-05
3849,0.0026869999999999997,0.010339000000000001,-0.06548000000000001,-4.49999999999999e-05,0.0002149999999999999,1.0000000000010001e-05
255,-0.007134000000000001,-0.008426,-0.069538,-2.0999999999999318e-05,4.2999999999999636e-05,0.00022900000000000698
3779,0.014939000000000001,0.008214,-0.06762699999999999,-0.00011100000000000172,3.999999999999837e-05,-7.500000000000562e-05
3912,0.016807,0.0044340000000000004,-0.0729,-0.0002449999999999987,0.0002919999999999997,0.00020100000000000673
4068,0.005097000000000001,-0.011257,-0.06823,4.69999999999993e-05,-2.199999999999945e-05,-4.500000000000337e-05
3817,-0.015394999999999999,0.009013,-0.071875,0.0002399999999999989,-3.799999999999984e-05,0.00011999999999999511
2822,0.008136,0.00225,-0.07076,-9.199999999999833e-05,6.700000000000022e-05,-0.00011900000000000799
4094,0.0036379999999999997,-0.004286,-0.063229,0.00011600000000000022,0.00023199999999999957,2.6999999999999247e-05
1953,-0.008126,-0.002291,-0.07368300000000001,-0.00010600000000000019,3.700000000000014e-05,-8.799999999999086e-05
3937,-0.00195,-0.000536,-0.07513299999999999,3.99999999999988e-06,6.000000000000037e-06,-0.00022600000000000398
4104,0.007555,0.0077729999999999995,-0.061449,-0.0001590000000000003,0.0001940000000000006,-9.10000000000008e-05
1926,0.009869,-0.011041,-0.066199,3.200000000000078e-05,0.00016700000000000048,1.5999999999988246e-05
3955,0.012088,-0.0007840000000000001,-0.07430500000000001,2.8000000000000247e-05,7.500000000000009e-05,4.900000000000737e-05
4158,-0.0044740000000000005,-0.008285,-0.07373,-8.099999999999948e-05,5.9000000000000025e-05,5.3999999999998494e-05
951,0.012026,-0.004139,-0.063551,0.00015399999999999962,0.0001559999999999999,1.7999999999990246e-05
2457,0.007372,-0.010311,-0.07435800000000001,-5.3000000000000096e-05,8.000000000000021e-05,-7.099999999998774e-05
3728,0.003787,0.011919,-0.067136,0.00016700000000000005,8.799999999999954e-05,-9.199999999999486e-05
4278,0.009368,0.000719,-0.057898000000000005,0.0001399999999999995,0.00034199999999999986,-0.00011299999999999505
2155,-0.005759,0.004122,-0.07077599999999999,5.5999999999999626e-05,8.600000000000014e-05,-0.000126000000000015
4148,-0.0065179999999999995,-0.010112999999999999,-0.06497,0.00016199999999999982,0.0004399999999999994,0.00020300000000000873
4157,-0.0064589999999999995,-0.001066,-0.059325,-7.400000000000115e-05,0.0002310000000000002,-0.00013499999999999623
2890,0.002366,-0.008272,-0.064482,0.0003969999999999998,0.00021700000000000018,3.100000000000325e-05
4246,-0.007098,-0.009752,-0.058905,9.400000000000033e-05,0.00021799999999999944,-6.599999999999662e-05
4093,-0.006543,-0.012199999999999999,-0.072375,0.00025100000000000035,8.999999999998592e-06,0.00025999999999999635
208,-0.015163,-0.002868,-0.071872,-0.00022800000000000077,7.300000000000015e-05,-2.0999999999993246e-05
2489,0.010706,-0.005919,-0.06389399999999999,0.00015099999999999836,0.000183,8.799999999999086e-05
1955,0.003769,-0.001211,-0.077364,5.600000000000006e-05,-0.00011500000000000008,-0.00012099999999999611
1031,-0.010392,0.004538,-0.062130000000000005,4.60000000000009e-05,0.0001769999999999992,0.00010800000000000393
432,0.001075,-0.011428,-0.068149,-2.9999999999999645e-06,4.4000000000000636e-05,0.00015199999999999936
3213,-0.0035,-0.000602,-0.060976,-0.00010899999999999972,0.00025600000000000004,8.000000000000368e-05
3841,0.009635,0.004617,-0.060118000000000005,-3.799999999999984e-05,0.00033000000000000043,-0.00021899999999999697
3788,0.004956,0.00032700000000000003,-0.067288,2.599999999999998e-05,3.799999999999995e-05,-5.3999999999998494e-05
3862,0.010253,0.008359,-0.06454800000000001,-4.099999999999937e-05,9.900000000000013e-05,-0.00013099999999999223
4244,0.009669,0.009611000000000001,-0.06761199999999999,-0.00013900000000000197,0.0,-3.400000000000625e-05
3135,0.003413,0.002202,-0.062924,2.400000000000015e-05,0.00024200000000000003,-0.00015800000000000536
2131,0.014228999999999999,0.005692999999999999,-0.065738,9.000000000000327e-06,5.7000000000000627e-05,-0.00028400000000000647
4206,-0.0045060000000000005,0.002291,-0.060357999999999995,-6.999999999999194e-06,0.0002980000000000001,0.0002059999999999909
3437,0.004936,-0.001951,-0.073339,7.399999999999941e-05,2.0000000000000486e-06,-9.299999999999586e-05
1536,0.013176,-0.000891,-0.07417900000000001,-2.8999999999999512e-05,7.999999999999988e-05,-6.999999999993123e-06
4228,-0.008015000000000001,-0.008456,-0.058078000000000005,8.800000000000127e-05,0.0002299999999999993,0.00011599999999999805
4366,0.007169,0.002242,-0.058228999999999996,0.00011300000000000025,0.00027899999999999973,-0.00021700000000000191
4235,-0.0076159999999999995,0.011333,-0.065233,4.19999999999995e-05,0.00029299999999999986,5.9999999999990616e-05
3807,0.0035459999999999997,0.013097,-0.06588,0.00020800000000000029,5.800000000000076e-05,-0.0003640000000000032
3825,-0.013078,-0.010320000000000001,-0.06818,1.0999999999998858e-05,0.00012599999999999938,0.0003630000000000161
4116,0.005730000000000001,0.011897,-0.060781999999999996,0.00023099999999999943,0.00021200000000000038,-9.000000000002062e-06
320,0.013132,-0.001339,-0.06886199999999999,-2.099999999999845e-05,7.299999999999993e-05,-0.00014300000000000423
3784,-0.005182,0.004718,-0.067488,3.300000000000004e-05,0.0001879999999999998,-0.00012099999999998223
3770,-0.006846,-0.00237,-0.062929,-1.5000000000000256e-05,0.00024300000000000016,-0.00019099999999999673
3330,-0.014039999999999999,0.011009999999999999,-0.069634,8.3999999999999e-05,1.8000000000000654e-05,3.400000000000625e-05
4129,-0.006772,0.011,-0.06977599999999999,-7.500000000000041e-05,0.0001270000000000021,-1.1000000000011001e-05
1524,-0.00782,-0.008324999999999999,-0.07141700000000001,8.400000000000074e-05,8.700000000000027e-05,-1.9999999999881224e-06
4066,0.00035099999999999997,0.007278,-0.064278,0.00015900000000000007,3.300000000000004e-05,-0.0004569999999999991
4084,-0.006567999999999999,0.009630000000000001,-0.075782,5.4999999999999494e-05,1.0999999999998858e-05,-0.00019099999999999673
3792,0.006499,-0.001928,-0.07415300000000001,0.00015900000000000115,-2.7000000000000114e-05,-0.00026299999999998547
4099,-0.000518,-0.00213,-0.057177,0.00013900000000000002,0.00018099999999999995,0.00016700000000000048
1470,0.01486,-0.010362,-0.069464,-2.9000000000001247e-05,9.800000000000086e-05,-0.0001350000000000101
3155,-0.0005949999999999999,0.008461,-0.069948,-6.100000000000007e-05,-4.700000000000017e-05,-0.00017400000000000748
4125,-0.015833,0.002144,-0.076506,9.999999999975306e-07,-0.0002360000000000001,-0.0001320000000000071
3997,0.0035800000000000003,-0.002139,-0.06789400000000001,0.00014099999999999963,8.59999999999997e-05,-0.00012399999999998523
3161,0.011403,0.005966999999999999,-0.06519,-8.200000000000048e-05,0.00025900000000000055,-0.0002999999999999947
272,0.011743,0.008529,-0.071533,-0.00021400000000000065,0.00014699999999999956,-1.4000000000000123e-05
1005,0.013914999999999999,-0.009977999999999999,-0.065998,0.00018400000000000187,0.0002739999999999982,-0.00016700000000000048
2891,-0.01043,-0.012082,-0.06651900000000001,0.00014899999999999983,-5.299999999999923e-05,-0.00010099999999998999
3458,-0.007016,-0.006956,-0.073005,-0.00014000000000000037,0.00013900000000000023,-0.00015400000000000136
4173,0.014237,0.012634000000000001,-0.066723,-0.00010399999999999993,0.00021700000000000018,-8.500000000000174e-05
4184,0.012968,0.006027,-0.06490800000000001,-7.000000000000062e-05,-3.099999999999978e-05,-0.0002219999999999861
33,0.009676,0.001567,-0.075984,-5.9000000000000025e-05,-0.00010900000000000016,-0.0001280000000000031
2643,0.008786,-0.010317,-0.072503,1.4999999999999389e-05,5.199999999999996e-05,-0.00015999999999999348
1242,-0.0037240000000000003,0.005019,-0.06693099999999999,5.7000000000000627e-05,0.00020599999999999959,-0.00010800000000001087
4303,0.012195000000000001,-0.01226,-0.062212,0.00020699999999999885,0.0002859999999999998,0.00015700000000000436
3598,0.015689,0.007298,-0.064248,-3.500000000000031e-05,2.7000000000000114e-05,-0.0004310000000000008
4377,0.013626,0.009803000000000001,-0.0723,-8.799999999999954e-05,0.0001250000000000001,0.00019900000000000473
4379,0.0024449999999999997,0.0028020000000000002,-0.078849,9.30000000000002e-05,-9.39999999999999e-05,0.0003140000000000087
4009,-0.005589,-0.002058,-0.068341,8.200000000000048e-05,0.00022499999999999994,0.00026600000000000235
2600,-0.006947,-0.004337,-0.075808,-8.5e-05,4.49999999999999e-05,-3.299999999999137e-05
3517,0.002306,0.000404,-0.074569,2.8999999999999946e-05,-1.1999999999999966e-05,-0.00019500000000000073
32,0.005993,0.004152,-0.070463,-0.00010199999999999966,-4.000000000000531e-06,-0.00010799999999999699
2161,0.0010940000000000001,0.006479,-0.07476000000000001,4.49999999999999e-05,4.2999999999999636e-05,-7.799999999998086e-05
4407,-0.000741,-0.008085,-0.07415999999999999,-0.00010499999999999995,8.299999999999974e-05,5.9999999999990616e-05
3137,-0.008032,-0.002936,-0.065403,3.5999999999999574e-05,0.00022299999999999967,7.000000000000062e-05
1202,0.006084,-0.010523999999999999,-0.074127,-2.199999999999945e-05,7.199999999999915e-05,-5.7000000000001494e-05
3766,-0.01243,0.010689,-0.066197,-2.0000000000002655e-06,-7.900000000000094e-05,3.0000000000030003e-06
1525,-0.0015789999999999999,0.008063,-0.061557,-9.00000000000011e-06,0.0002570000000000003,-1.8000000000004124e-05
3148,0.007224,0.009908,-0.074809,-0.00012600000000000024,-7.999999999999327e-06,-0.00020499999999999685
4693,0.007492,-0.012093,-0.073186,-1.000000000000046e-05,7.000000000000062e-06,1.2999999999999123e-05
4145,0.004488000000000001,-0.001983,-0.073755,0.00010199999999999879,4.49999999999999e-05,-0.00011400000000000299
37,0.006757,0.009922,-0.07006399999999999,-0.00017,6.100000000000029e-05,-0.00018600000000001948
3526,-0.011968,-0.009329,-0.065928,0.00012099999999999958,7.399999999999941e-05,0.00025799999999999434
4097,-0.005707,-0.009715999999999999,-0.07322100000000001,-4.999999999999796e-06,8.199999999999874e-05,-2.6999999999999247e-05
2823,-0.011215999999999999,-0.007490999999999999,-0.071682,9.699999999999813e-05,-4.000000000000531e-06,0.00027499999999999747
4554,0.009495,0.008282999999999999,-0.070104,-0.00023299999999999883,0.00010100000000000213,-4.900000000000737e-05
4007,-0.013231999999999999,0.002504,-0.072318,7.000000000000062e-06,-8.99999999999998e-05,-2.0000000000006124e-05
4128,-0.008298999999999999,0.001958,-0.075393,5.999999999999062e-06,-8.100000000000013e-05,1.7000000000003124e-05
1147,-0.006268,0.000241,-0.072526,1.1999999999999858e-05,-4.9999999999999996e-05,-0.00010600000000000886
203,0.00045900000000000004,0.002004,-0.0664,4.7000000000000004e-05,0.00011099999999999999,-0.00010199999999999099
45,0.001729,0.006623,-0.063181,-9.100000000000015e-05,0.00010199999999999966,2.8000000000000247e-05
2511,0.016755,-0.000934,-0.069768,-0.00011800000000000005,0.0001910000000000001,-0.00011400000000000299
3465,0.006067,0.003509,-0.061973999999999994,-6.200000000000042e-05,9.800000000000043e-05,6.299999999999362e-05
4393,0.003711,-0.009454,-0.064503,0.00016500000000000022,0.0001299999999999999,0.0001350000000000101
4238,-0.00213,-0.011699,-0.074372,4.000000000000097e-06,7.999999999999327e-06,-6.0000000000004494e-05
211,0.014564,-0.008353,-0.070702,-6.100000000000029e-05,5.999999999999929e-05,-0.0001799999999999996
4472,-0.004412,-0.0034609999999999997,-0.05975,7.699999999999981e-05,0.00019999999999999966,0.0
4408,-0.0069619999999999994,0.003721,-0.061064999999999994,-1.700000000000052e-05,0.0001240000000000004,-4.800000000000637e-05
2473,0.007073,-0.0037240000000000003,-0.06761199999999999,6.499999999999995e-05,0.00013400000000000044,-0.00010900000000001187
4256,-0.009061,0.003663,-0.075857,-8.000000000000021e-05,-6.900000000000005e-05,4.200000000000037e-05
4146,-0.005972000000000001,-0.001955,-0.065254,6.400000000000069e-05,0.0002950000000000001,-7.799999999998086e-05
3123,0.010183999999999999,-0.0067670000000000004,-0.069095,2.400000000000145e-05,1.3000000000000858e-05,1.2000000000012001e-05
1957,-0.011803000000000001,0.008057,-0.06468,-3.999999999999837e-05,-1.899999999999992e-05,1.6000000000002124e-05
3119,0.006681,-0.005535999999999999,-0.068967,1.700000000000052e-05,-1.700000000000052e-05,-3.0000000000030003e-06
1229,0.013299,0.012355,-0.072233,-0.00021700000000000018,6.100000000000029e-05,-2.5999999999998247e-05
63,0.001601,-0.007618000000000001,-0.069649,0.00010699999999999989,8.5e-05,-0.00010599999999999499
3808,-0.001952,0.008216,-0.07461799999999999,0.00018800000000000002,0.00015699999999999915,-0.00028000000000000247
3824,-0.003,-0.006068,-0.06924,8.59999999999997e-05,0.0002149999999999999,-3.300000000000525e-05
4543,-0.01085,0.012735,-0.063365,6.100000000000029e-05,-9.300000000000107e-05,0.0002970000000000056
4557,-0.004144,0.007091,-0.056315,-7.000000000000062e-05,0.0001849999999999994,-0.00023400000000000504
2923,0.013694000000000001,-0.007450999999999999,-0.074446,0.00010399999999999819,-4.4000000000000636e-05,-0.00017300000000000648
268,0.002641,-0.003451,-0.071865,-3.000000000000008e-05,9.99999999999699e-07,-0.0001360000000000111
4521,0.00943,-0.00796,-0.058628,0.00024400000000000116,0.00028800000000000006,1.2999999999999123e-05
4433,0.010428000000000002,-0.001931,-0.073977,0.00015599999999999815,-0.00011200000000000012,1.7000000000003124e-05
15,0.00029499999999999996,0.010026,-0.074825,7.300000000000004e-05,0.00010699999999999946,-0.00013799999999998536
233,-0.015217000000000001,-0.005224,-0.069518,-0.0001789999999999986,6.800000000000035e-05,3.299999999999137e-05
2839,0.0076630000000000005,0.0022299999999999998,-0.070351,-0.00017700000000000094,2.1999999999999884e-05,-0.00011799999999999311
655,-0.011253,-0.003699,-0.073967,-3.199999999999904e-05,-0.00011999999999999988,-3.999999999999837e-05
4013,-0.0026579999999999998,-0.012485,-0.073105,0.00018699999999999967,8.099999999999948e-05,-0.0001250000000000001
3759,-0.005450999999999999,-0.003589,-0.07506499999999999,-9.10000000000008e-05,-5.099999999999983e-05,-0.00010500000000000786
1220,0.008671,-0.011037000000000002,-0.068009,7.699999999999894e-05,0.00021700000000000191,-6.199999999999262e-05
4497,-0.002545,0.010252,-0.06456,0.00014800000000000013,0.0002470000000000007,-5.999999999992123e-06
2417,-0.014661,-0.0031720000000000003,-0.07482,-0.0001499999999999991,5.2000000000000397e-05,-4.300000000000137e-05
4105,0.004046,0.00965,-0.066041,-1.8000000000000654e-05,9.60000000000006e-05,0.00011200000000000099
3974,0.009564,-0.008217,-0.065145,0.00011500000000000052,0.00023800000000000036,-8.400000000000074e-05
4634,0.005893,-0.003973,-0.062048,9.8e-05,0.0002409999999999999,-4.000000000004e-06
2608,-0.007312,0.011483,-0.074281,-8.99999999999946e-06,-0.00011599999999999978,-6.1000000000005494e-05
4368,-0.007905,0.0069960000000000005,-0.07298099999999999,3.200000000000078e-05,0.00010199999999999966,-9.499999999999786e-05
3143,-0.007901,0.008402,-0.07350100000000001,8.799999999999954e-05,2.6000000000001716e-05,-0.0001719999999999916
201,0.006873000000000001,-0.006886,-0.069153,3.699999999999971e-05,-2.1000000000000185e-05,1.000000000001e-06
2836,0.012234,-0.00708,-0.071062,3.200000000000078e-05,6.500000000000082e-05,-0.00013599999999999723
2810,0.005983,0.012436,-0.066753,0.00013800000000000097,0.00011599999999999978,-0.00010599999999998111
3782,0.006901,-0.010549,-0.07363,-5.10000000000007e-05,3.5999999999999574e-05,-5.300000000001137e-05
118,-0.0023079999999999997,-0.004561,-0.07051600000000001,-5.400000000000023e-05,0.0001979999999999994,-0.0001250000000000001
1273,-0.0047009999999999994,-0.002763,-0.067949,0.0001369999999999991,0.0002629999999999998,-1.4000000000000123e-05
3476,-0.000606,0.009153,-0.06726900000000001,1.500000000000004e-05,5.999999999999929e-05,-0.00021299999999999097
4459,0.010433,-0.009212999999999999,-0.065593,0.00010400000000000166,0.00014699999999999783,-6.30000000000075e-05
4464,0.009624,0.008674,-0.065428,-0.00012700000000000038,3.200000000000078e-05,-0.00019600000000000173
4165,-0.008091,-0.010291,-0.057712000000000006,-9.000000000000327e-06,0.0002510000000000012,-8.59999999999958e-05
4476,-0.004056,-0.001454,-0.07043200000000001,3.8999999999999105e-05,0.00012600000000000003,-8.700000000000374e-05
4488,-0.008364,-0.002535,-0.062506,4.60000000000009e-05,0.00025699999999999985,2.9000000000008186e-05
1056,0.012257,-0.008448,-0.074287,-1.3000000000000858e-05,3.200000000000078e-05,-0.00010599999999999499
3837,0.011673,-0.006082,-0.07308100000000001,4.200000000000037e-05,-8.80000000000004e-05,-7.599999999999274e-05
4555,0.008826,-0.005660999999999999,-0.071362,1.9999999999985307e-06,-2.1000000000001053e-05,-2.3000000000009124e-05
4593,0.006445,0.004799,-0.076693,-0.00010800000000000046,-0.00015700000000000002,-0.00022700000000000498
4650,0.008,-0.0011359999999999999,-0.07615000000000001,6.100000000000029e-05,-0.00014800000000000013,-8.199999999998486e-05
3520,-0.01081,-0.004537,-0.063401,6.500000000000082e-05,1.700000000000052e-05,-5.0000000000050004e-06
1238,0.001553,0.0025369999999999998,-0.068775,-9.699999999999986e-05,7.900000000000051e-05,-2.4999999999997247e-05
4361,0.009805,-0.012381999999999999,-0.067458,8.6000000000001e-05,0.00020399999999999759,0.0001250000000000001
152,0.009464,-0.007437,-0.067853,9.400000000000033e-05,0.00020600000000000045,2.000000000002e-06
820,0.002005,-0.00074,-0.07509300000000001,4.999999999999796e-06,-3.0999999999999995e-05,-0.0002209999999999851
4398,-0.008315,-0.005418999999999999,-0.070013,4.5999999999999167e-05,8.199999999999961e-05,2.5000000000011124e-05
2264,-0.009574999999999998,-0.004985000000000001,-0.06897400000000001,2.8999999999999512e-05,0.00026900000000000014,4.500000000000337e-05
3544,-0.000366,0.003848,-0.063127,-3.999999999999989e-06,0.0001460000000000003,-2.4999999999997247e-05
4468,-0.011366,-0.011854,-0.070323,0.00020799999999999985,0.00032199999999999937,0.0002360000000000001
4399,-0.007072,-0.003563,-0.06967100000000001,6.800000000000035e-05,9.000000000000024e-05,-7.999999999999674e-05
240,-0.006425,0.011018,-0.070613,-5.099999999999983e-05,0.00011300000000000025,-9.699999999999986e-05
3199,-0.012109,0.010953,-0.065235,3.799999999999984e-05,-9.299999999999933e-05,0.0
3498,-0.003271,-0.0015,-0.072922,-9.200000000000007e-05,-6.0999999999999856e-05,-0.0001260000000000011
21,-0.00335,0.010781,-0.074818,4.999999999999796e-06,2.599999999999998e-05,-0.0001910000000000106
3773,0.009033,-0.000869,-0.06385300000000001,8.000000000000021e-05,0.00014800000000000002,-3.699999999999537e-05
4065,-0.006412,-0.000766,-0.07073099999999999,3.099999999999978e-05,6.300000000000001e-05,3.099999999998937e-05
2941,0.007267,0.0068520000000000005,-0.061198,-0.00011999999999999945,0.0002429999999999993,-0.00014899999999999636
4493,-0.013944000000000002,-0.0016950000000000001,-0.072718,-2.7999999999998512e-05,-2.8999999999999946e-05,1.5000000000001124e-05
101,0.012979,-0.002564,-0.06823900000000001,7.0000000000017965e-06,3.600000000000001e-05,-9.099999999999386e-05
4525,-0.008864,0.0062380000000000005,-0.075005,1.1999999999999858e-05,4.5999999999999167e-05,0.0001340000000000091
25,-0.00835,0.008146,-0.075386,-0.00014900000000000156,-8.299999999999974e-05,-4.000000000001225e-05
3,-0.005757,-0.000768,-0.07176099999999999,7.000000000000062e-06,6.700000000000011e-05,-2.4000000000010124e-05
3809,-0.011603,-0.001632,-0.07504999999999999,-8.099999999999948e-05,-2.9999999999999645e-06,-0.0001290000000000041
4563,-0.013254,-0.009048,-0.067137,9.900000000000013e-05,4.900000000000043e-05,0.00023000000000000798
3455,-0.008962999999999999,-0.00318,-0.065535,-3.0000000000012655e-06,0.000183,3.0000000000030003e-06
4163,-0.00808,-0.01226,-0.066151,0.00011399999999999952,0.00013299999999999944,0.00018899999999999473
1,-0.001163,-0.000521,-0.072321,-6.900000000000005e-05,-2.600000000000009e-05,-0.00014100000000000223
2816,0.006189,0.011246,-0.064831,0.00011699999999999992,0.00010399999999999819,-0.00026500000000000135
4294,0.014626,0.011340999999999999,-0.070145,-0.00017099999999999928,0.00012300000000000158,6.0000000000004494e-05
3479,-0.007083,0.009256,-0.063123,4.399999999999977e-05,0.0003539999999999984,-3.399999999999237e-05
4427,0.0009260000000000001,0.000506,-0.060279000000000006,-1.0000000000000243e-06,0.0002149999999999999,2.9000000000008186e-05
3796,0.010622,-0.000545,-0.062681,4.5999999999999167e-05,0.00021,-3.100000000000325e-05
4106,-0.001045,0.004595,-0.06486199999999999,-3.200000000000013e-05,0.00019699999999999926,6.799999999999862e-05
4440,-0.008686999999999999,0.001348,-0.075094,5.899999999999829e-05,-1.500000000000004e-05,0.0001270000000000021
1688,0.011237,0.007548,-0.069591,-0.00011899999999999931,0.00018200000000000074,-0.00028400000000000647
4623,-0.013529999999999999,-0.0029460000000000003,-0.07261100000000001,-0.00013300000000000117,5.1000000000000264e-05,1.7000000000017e-05
56,-0.006141,0.0065,-0.074696,-6.900000000000048e-05,-3.399999999999931e-05,-3.100000000000325e-05
4373,0.00497,0.0013160000000000001,-0.06537699999999999,1.2000000000000725e-05,0.0001519999999999998,-0.000130000000000019
1947,0.003359,-0.011155,-0.071143,5.1000000000000264e-05,-8.000000000000021e-05,-0.00010699999999999599
3708,-0.013912,0.001373,-0.07634300000000001,2.9000000000001247e-05,-0.0001299999999999999,-4.999999999991123e-06
433,-0.007285,0.013044,-0.066679,-8.200000000000048e-05,0.00012299999999999985,1.1999999999998123e-05
4400,-0.015250999999999999,0.009218,-0.07815000000000001,-3.8000000000001574e-05,-2.8000000000000247e-05,-2.0999999999993246e-05
263,0.016099,-0.0065049999999999995,-0.073811,8.000000000000021e-05,0.00013799999999999923,-6.699999999999762e-05
1340,0.013047000000000001,0.004122,-0.068032,-0.00013300000000000117,5.6000000000000494e-05,4.999999999991123e-06
3072,0.0011200000000000001,0.003694,-0.063982,-6.100000000000007e-05,9.8e-05,-3.499999999999337e-05
4558,0.005768,0.009323,-0.076568,-0.00015200000000000023,-1.9999999999999185e-05,-0.00015999999999999348
3922,0.013127000000000002,-0.006971,-0.065145,0.00014099999999999877,0.00017399999999999968,-5.3999999999998494e-05
3157,-0.004105,0.010579,-0.076594,3.199999999999991e-05,3.500000000000031e-05,-0.00013799999999999923
4592,0.017084,-0.006485,-0.067343,0.00017700000000000007,0.00010899999999999972,-2.0000000000006124e-05
2009,0.0121,0.010964,-0.075359,-7.199999999999915e-05,3.0000000000012655e-06,-0.00023700000000001498
1550,-0.013257999999999999,0.002664,-0.077705,2.999999999997796e-06,9.299999999999977e-05,8.199999999998486e-05
3895,0.0041600000000000005,-0.007371000000000001,-0.07447799999999999,-1.1000000000000593e-05,-8.799999999999867e-05,-7.30000000000175e-05
3574,0.0026019999999999997,0.00394,-0.075904,1.800000000000022e-05,5.9000000000000025e-05,-0.0001280000000000031
1565,-0.004508,0.005756,-0.067964,-2.0000000000002655e-06,0.00017899999999999947,-0.0001310000000000061
3978,0.008438000000000001,0.000163,-0.075166,1.3999999999998389e-05,-0.000213,-0.00022200000000001385
1950,0.005795,0.011365,-0.068378,4.0000000000000105e-05,8.000000000000021e-05,-0.00014600000000000724
2467,-0.011131,-0.002056,-0.071685,-0.00010099999999999866,2.8000000000000247e-05,-9.099999999999386e-05
381,-0.003727,-0.009559,-0.07132,-5.9000000000000025e-05,0.00019699999999999926,4.400000000000237e-05
2051,-0.014404,-0.004589,-0.073536,-0.00010199999999999966,0.00019000000000000006,0.00016900000000000248
3850,0.001222,-0.00025,-0.058054,5.099999999999983e-05,0.000228,-0.00026299999999999935
3221,0.000617,0.004623,-0.062874,-1.9000000000000028e-05,9.8e-05,1.5000000000001124e-05
3534,0.006293,-0.004948,-0.063183,9.49999999999996e-05,0.00019999999999999966,-2.8000000000000247e-05
2827,0.009005,0.011185,-0.065953,0.00015299999999999862,4.799999999999943e-05,-7.100000000000162e-05
3783,-0.013885999999999999,-0.008341,-0.071286,-0.00012900000000000238,-9.000000000000327e-06,0.00010100000000000386
2575,0.017089,0.00026700000000000004,-0.07299299999999999,-9.30000000000028e-05,5.199999999999996e-05,0.0
3764,-0.00605,-0.008209,-0.06592700000000001,0.00022400000000000024,0.0002459999999999997,-2.999999999997449e-05
4081,-0.012002,0.005552,-0.07368899999999999,2.8000000000000247e-05,-3.499999999999944e-05,2.399999999998237e-05
175,0.007572,-0.011224999999999999,-0.069029,-4.100000000000024e-05,5.599999999999876e-05,1.5999999999988246e-05
3771,-0.002604,-0.00364,-0.068033,0.00014400000000000003,0.00026500000000000004,-1.2000000000012001e-05
489,0.002562,-0.004483,-0.063998,4.399999999999977e-05,0.00016899999999999988,-1.8999999999991246e-05
42,0.002162,0.004984,-0.069405,-0.00012299999999999985,3.199999999999991e-05,-8.400000000001462e-05
4487,-0.000896,0.004197,-0.060968,-1.7000000000000088e-05,0.0001849999999999994,-3.500000000000031e-05
3781,-0.0030009999999999998,-0.008230000000000001,-0.07533,-8.5e-05,0.0001310000000000009,-0.0001380000000000131
4067,0.005464,0.0033090000000000003,-0.057706,6.800000000000035e-05,0.00018599999999999997,-6.700000000000456e-05
4438,-0.003312,0.011192,-0.063607,7.199999999999958e-05,0.0002739999999999982,-0.00021300000000000485
825,-0.015203,-0.00877,-0.06961,-0.00010000000000000113,9.900000000000013e-05,0.00018599999999999173
196,0.004025,0.012284000000000002,-0.072241,5.500000000000036e-05,3.199999999999904e-05,-0.00010599999999999499
4182,0.010917,-0.002271,-0.074015,0.00011800000000000005,-1.0000000000000026e-05,0.0001290000000000041
4419,0.0018859999999999999,-0.0029980000000000002,-0.07440300000000001,-5.599999999999984e-05,-8.799999999999954e-05,-0.00010599999999999499
185,-0.013753,0.00757,-0.068915,-2.1000000000000185e-05,-0.00013599999999999984,0.00012000000000000899
3434,-0.009529,0.001547,-0.07181100000000001,7.699999999999894e-05,-3.6999999999999924e-05,-9.099999999999386e-05
58,0.015408,0.0023959999999999997,-0.072115,-5.199999999999996e-05,0.000134,-2.6000000000012125e-05
146,-0.000304,-0.009481,-0.06776399999999999,0.00019500000000000002,0.00028199999999999927,7.200000000000262e-05
438,0.010095,-0.010212,-0.067767,3.099999999999978e-05,0.00013500000000000144,-8.100000000001162e-05
2844,0.014516,-0.00037,-0.067785,8.799999999999954e-05,2.999999999999997e-05,-0.0001799999999999996
2972,-0.007233,0.001673,-0.064621,4.700000000000017e-05,0.00025,-8.199999999999874e-05
4510,-0.002682,0.0062,-0.077098,0.00012299999999999985,0.00014199999999999977,-0.00019700000000000273
4102,0.003777,0.002372,-0.06507299999999999,1.7000000000000088e-05,0.00017900000000000034,-0.000123000000000012
2175,0.004866,0.010534,-0.06658700000000001,0.00010899999999999972,0.00011900000000000105,5.2999999999997494e-05
4124,-0.014766999999999999,0.002872,-0.067996,-0.00014600000000000203,-4.40000000000002e-05,-4.200000000000037e-05
3986,0.014728999999999999,-0.004849,-0.061128999999999996,8.900000000000054e-05,0.00013699999999999997,7.899999999999574e-05
3893,0.014119999999999999,0.012001,-0.07049,-0.00018299999999999914,0.00018500000000000114,3.200000000000425e-05
4095,-0.0035099999999999997,-0.011510999999999999,-0.070559,0.00014699999999999956,0.00015999999999999695,-2.000000000015878e-06
3911,0.006194,-0.009875,-0.06329800000000001,0.0001479999999999997,0.00030799999999999925,-7.699999999999374e-05
4455,-0.012768,0.006555,-0.068418,-1.1999999999999858e-05,-8.600000000000014e-05,4.800000000000637e-05
2156,0.006019999999999999,0.012501,-0.071953,-6.099999999999942e-05,7.799999999999994e-05,-0.0001880000000000076
4140,-0.00857,0.004442,-0.063467,-1.2000000000001593e-05,0.00016099999999999969,-7.100000000000162e-05
4108,0.012842000000000001,0.010369,-0.064831,-2.400000000000145e-05,6.600000000000009e-05,-0.00020099999999999285
2787,-0.002712,-0.003712,-0.075828,-5.9000000000000025e-05,-1.600000000000039e-05,-1.7999999999990246e-05
2160,-0.007216,0.009566000000000002,-0.073557,-5.099999999999983e-05,4.29999999999979e-05,-0.00017300000000000648
3228,0.00321,0.003137,-0.061522,-4.9e-05,0.00019499999999999986,-0.00010000000000000286
3772,0.003018,-0.012060000000000001,-0.069882,-5.5999999999999626e-05,-1.899999999999992e-05,9.999999999996123e-06
194,0.0037879999999999997,0.005692,-0.065224,-9.49999999999996e-05,0.00010199999999999966,-5.4999999999985616e-05
191,0.004997,-0.002557,-0.070162,2.5000000000000716e-05,9.99999999999699e-07,-0.00015700000000000436
3469,0.007483,-0.004881,-0.069755,5.0000000000000565e-05,-6.600000000000009e-05,-1.5000000000001124e-05
3907,0.009478,-0.010421,-0.06271800000000001,0.00014099999999999877,0.0003180000000000006,0.0001410000000000161
2904,0.0009080000000000001,0.010494,-0.06393399999999999,0.00016699999999999994,0.0002509999999999995,4.599999999999049e-05
4613,0.003222,0.010851000000000001,-0.062185000000000004,0.00012300000000000028,0.0003039999999999987,-0.00015299999999999342
821,-0.003013,-0.002039,-0.066308,6.900000000000005e-05,0.00026099999999999995,-0.00011799999999999311
157,0.011711000000000001,0.011054999999999999,-0.072631,-0.0001799999999999996,8.900000000000054e-05,-1.2999999999999123e-05
1307,0.016852,-0.004022,-0.06495699999999999,7.700000000000068e-05,0.00016500000000000022,-5.700000000001537e-05
3441,-0.0035819999999999997,-0.011804,-0.06778100000000001,5.4999999999999494e-05,0.00015300000000000036,-5.6000000000000494e-05
603,0.010377,-0.010762,-0.071504,2.999999999999531e-06,0.0001470000000000013,-0.00011600000000000499
4577,-0.009552,-0.010701,-0.075019,6.599999999999835e-05,0.0002770000000000012,0.00019099999999999673
3888,-0.0032519999999999997,-0.009918,-0.061679000000000005,0.00020799999999999985,0.0003309999999999997,-0.00013199999999999323
4203,0.009757,0.013124,-0.064028,0.00011400000000000125,4.699999999999843e-05,-9.999999999996123e-06
2803,0.0016950000000000001,0.007587,-0.07067100000000001,-1.5000000000000256e-05,-2.9999999999999645e-05,-7.299999999998974e-05
4421,-0.0024500000000000004,-0.0017980000000000001,-0.071742,-0.0001359999999999994,3.0000000000001813e-06,-0.00018999999999999573
4458,0.01565,-0.007487,-0.071275,0.00020699999999999885,7.499999999999955e-05,-6.899999999998574e-05
4194,-0.00275,-0.009699,-0.065857,0.0003449999999999998,0.0002449999999999987,-0.0002510000000000012
4439,0.007863,-0.00567,-0.07292799999999999,0.0,-0.0001230000000000007,-8.100000000001162e-05
3525,-0.015510999999999999,-0.0029860000000000004,-0.077637,8.699999999999854e-05,0.0002460000000000001,2.2000000000008124e-05
4559,-0.013590999999999999,0.007061,-0.067198,-0.00013500000000000144,-9.6999999999999e-05,-2.6999999999999247e-05
3785,0.011868,0.010757,-0.067706,-0.00016900000000000075,9.400000000000207e-05,-8.299999999999974e-05
4537,0.012957000000000002,0.004128,-0.061939999999999995,2.5999999999998247e-05,-2.7000000000000114e-05,-0.00015899999999999942
3757,-0.009679,-0.002712,-0.074878,-0.00010600000000000019,-1.0000000000001327e-06,-1.5000000000001124e-05
520,-0.001032,-0.002954,-0.072755,-2.400000000000015e-05,-7.300000000000015e-05,-0.00011299999999998811
389,0.01165,-0.003621,-0.06952,-1.600000000000039e-05,6.0999999999999856e-05,5.1999999999996493e-05
4363,0.004808,0.000287,-0.061487,7.500000000000041e-05,0.00013500000000000003,-2.9000000000001247e-05
1513,-0.0049039999999999995,0.003811,-0.06991,9.999999999999593e-06,0.00012099999999999958,-0.00010000000000000286
4071,0.013682,-0.007917,-0.069973,-6.0999999999998555e-05,9.49999999999996e-05,-0.00011800000000000699
4159,-0.0051589999999999995,-0.010592,-0.062741,0.0002349999999999991,0.00023300000000000057,-4.899999999999349e-05
2478,0.0045460000000000006,-0.012249000000000001,-0.06611,0.00012799999999999964,4.200000000000037e-05,-0.00011599999999999111
1293,-0.004091999999999999,-0.0054329999999999995,-0.065873,0.00012799999999999964,0.00027999999999999987,-2.0000000000006124e-05
1724,-0.012736,-0.006319,-0.06610200000000001,9.60000000000006e-05,9.30000000000002e-05,0.00029000000000001247
4486,0.009696999999999999,-0.001485,-0.06834399999999999,5.300000000000096e-05,0.00013099999999999982,-3.5000000000021125e-05
250,0.010621,-0.004988,-0.06737,8.199999999999874e-05,0.00016700000000000048,-1.8999999999991246e-05
306,0.016704999999999998,0.00014099999999999998,-0.06835,-2.9999999999960614e-06,0.00017000000000000004,-6.1000000000005494e-05
4085,-0.011980000000000001,-0.009677,-0.07416299999999999,-0.00010899999999999972,0.00028800000000000006,0.0003359999999999891
1296,-0.0045320000000000004,0.004096,-0.07493000000000001,-1.7999999999999787e-05,3.899999999999997e-05,-0.00022300000000000098
4452,0.016259,-0.000721,-0.06806100000000001,2.8000000000000247e-05,0.00013100000000000004,-4.199999999998649e-05
2529,0.009538,-0.005036,-0.073994,0.00010399999999999993,-7.700000000000068e-05,-6.299999999999362e-05
4316,0.017447,-0.004938,-0.072907,6.199999999999956e-05,0.00011399999999999952,-2.000000000002e-06
104,-0.0076879999999999995,0.011800000000000001,-0.070672,-2.600000000000085e-05,-5.300000000000096e-05,-0.00014100000000000223
2,-0.000285,0.0018,-0.072722,-7.099999999999999e-05,7.400000000000006e-05,-0.00010699999999999599
1529,0.0073479999999999995,0.008534,-0.066805,-0.00020899999999999912,4.49999999999999e-05,-3.0000000000030003e-06
1537,-0.014554000000000001,0.0044340000000000004,-0.075182,-4.4000000000000636e-05,-0.0001510000000000001,-7.000000000000062e-05
269,0.008732,0.008885,-0.068539,-0.0002299999999999993,3.5999999999999574e-05,-0.00013799999999999923
4446,0.0057009999999999995,0.00723,-0.060546,-7.799999999999908e-05,0.0001460000000000003,4.900000000000043e-05
4437,-0.012426999999999999,-0.011368,-0.070286,-0.00013300000000000117,6.899999999999962e-05,0.00019600000000000173
113,-0.005076,0.0044139999999999995,-0.073295,0.0001380000000000001,7.300000000000015e-05,-0.00018999999999999573
4540,0.009053,-0.00758,-0.072812,-3.399999999999931e-05,-2.5000000000000716e-05,2.1999999999994246e-05
4253,0.0070940000000000005,-0.013015,-0.065713,0.00015099999999999923,0.00016900000000000075,3.799999999999637e-05
392,-0.012454,-0.00677,-0.069373,2.3999999999999716e-05,0.00015499999999999976,0.0001330000000000081
2602,0.01438,-0.012592,-0.066176,6.600000000000009e-05,0.00012799999999999964,2.4999999999997247e-05
4074,0.017126000000000002,-0.002475,-0.07409600000000001,2.999999999999531e-06,3.2000000000000344e-05,-2.9999999999891225e-06
54,-0.015245,-0.0035659999999999997,-0.074586,-0.00017599999999999907,4.2999999999999636e-05,1.1999999999998123e-05
3821,0.016617,-0.009776,-0.068588,-4.000000000000531e-06,0.00013599999999999897,-0.0002380000000000021
2492,-0.008052,0.004274,-0.073741,0.00011400000000000125,7.000000000000062e-06,8.900000000000574e-05
3440,0.0019479999999999999,-0.004253,-0.07225,3.300000000000026e-05,-8.99999999999946e-06,-0.0001320000000000071
384,-0.003563,0.002316,-0.073401,4.900000000000043e-05,5.700000000000019e-05,-8.299999999999974e-05
839,-0.012746,0.002504,-0.063731,-5.9000000000000025e-05,0.0001389999999999998,-7.300000000000362e-05
72,0.005517,-0.002797,-0.075257,0.00010399999999999993,-8.5e-05,-0.0001239999999999991
270,0.009073000000000001,-0.009952,-0.070767,2.099999999999845e-05,0.0001270000000000021,-6.599999999999662e-05
398,0.008206,-0.001509,-0.072324,1.600000000000039e-05,-8.700000000000005e-05,-0.0001260000000000011
486,0.012206,0.003202,-0.06873399999999999,-0.0002009999999999998,-4.199999999999994e-05,-1.0000000000148779e-06
476,0.015792,0.005337,-0.07314,-0.00010399999999999993,0.00025100000000000035,-0.0001239999999999991
564,0.010381999999999999,-0.002897,-0.063866,9.300000000000107e-05,0.00015499999999999976,-8.299999999998586e-05
234,-0.001131,0.010346,-0.07123399999999999,0.00016700000000000005,9.20000000000018e-05,-0.0001320000000000071
4552,-0.004184,0.007583,-0.060558999999999995,-2.799999999999938e-05,0.0002930000000000007,-0.00012200000000000405
3813,0.0037730000000000003,0.011182000000000001,-0.07189100000000001,3.600000000000001e-05,3.099999999999804e-05,-0.00016700000000000048
908,0.006812,0.004796,-0.068978,-0.00017100000000000014,2.599999999999998e-05,-3.700000000000925e-05
4197,-0.006503999999999999,-0.003434,-0.063384,9.49999999999996e-05,0.0002859999999999998,-9.800000000000086e-05
73,0.006369,0.011993,-0.07187,-9.599999999999973e-05,3.399999999999931e-05,-0.00021499999999999297
3108,0.0046440000000000006,0.003254,-0.06890500000000001,-6.900000000000048e-05,2.3000000000000017e-05,-8.699999999998986e-05
1613,0.0039900000000000005,0.006876,-0.071407,2.799999999999938e-05,-6.300000000000056e-05,-0.0001360000000000111
3165,0.008396,0.009137000000000001,-0.065926,-0.0001010000000000004,1.3999999999998389e-05,-8.900000000000574e-05
3797,-0.015160999999999999,0.005939,-0.072142,-9.000000000000327e-06,-0.00019000000000000006,-2.000000000002e-06
3758,0.003839,0.000247,-0.069404,6.400000000000025e-05,0.00011000000000000002,-0.0001330000000000081
36,-0.004777,0.012278,-0.06922400000000001,3.099999999999978e-05,2.7999999999998512e-05,-9.699999999998599e-05
4411,-0.0060609999999999995,0.000265,-0.06385300000000001,6.999999999999194e-06,0.00031199999999999994,7.000000000007001e-06
184,-0.007956000000000001,0.007392,-0.06623699999999999,7.800000000000168e-05,0.00023199999999999957,-5.100000000000937e-05
102,-0.00934,0.010563000000000001,-0.063101,-1.4000000000000123e-05,0.00011099999999999825,0.0001320000000000071
4190,0.014405,-0.008061,-0.066262,7.900000000000094e-05,0.00015000000000000083,-0.00012699999999998823
3117,0.005690000000000001,0.011970000000000001,-0.071323,-5.6000000000000494e-05,8.099999999999948e-05,-0.00022800000000000598
4127,-0.008622,0.005083,-0.069323,-4.49999999999999e-05,8.99999999999946e-06,-6.299999999999362e-05
400,0.004746,0.001722,-0.06561,1.7999999999999787e-05,0.00012399999999999998,-4.300000000000137e-05
4061,-0.004862,-0.0038959999999999997,-0.07195900000000001,-5.199999999999996e-05,0.00014499999999999973,-5.7000000000001494e-05
150,0.014944,0.011089,-0.068827,-0.00018500000000000114,0.00015800000000000015,-4.600000000000437e-05
4576,-0.013244,-0.011976,-0.073137,4.2999999999999636e-05,0.00014800000000000056,7.699999999999374e-05
858,-0.001805,-0.0076040000000000005,-0.072071,-0.00011099999999999999,7.300000000000102e-05,-8.900000000000574e-05
3118,-0.003218,-0.012082,-0.06858199999999999,1.1000000000000159e-05,0.00016200000000000069,-0.0001340000000000091
2169,0.002327,0.009374,-0.070925,5.699999999999976e-05,9.099999999999907e-05,-9.499999999999786e-05
226,-0.0007019999999999999,0.002696,-0.066651,-2.600000000000009e-05,0.00010500000000000006,-0.00010499999999999399
3507,0.006769,-0.012012,-0.064545,0.0001360000000000007,0.0001910000000000002,-1.9999999999881224e-06
617,-0.002539,0.006727,-0.072284,1.1000000000000159e-05,9.899999999999926e-05,-0.00021400000000000585
248,-0.01504,0.0055179999999999995,-0.06978,-0.00011300000000000025,-9.099999999999994e-05,0.00013499999999999623
4412,0.010087,0.005852,-0.06384000000000001,-0.0002149999999999999,0.00030599999999999985,-2.5999999999998247e-05
1845,-0.0045910000000000005,0.000971,-0.065137,-8.000000000000021e-05,0.00025100000000000003,-0.00011499999999999011
2252,-0.009637,-0.011198,-0.069662,0.00010299999999999893,9.299999999999933e-05,0.00020500000000001073
171,0.00041299999999999996,0.008066,-0.074578,0.00015300000000000003,2.7999999999998512e-05,-0.00010699999999999599
302,0.005472,-0.004271,-0.067205,0.00010799999999999959,0.00011399999999999952,-0.00016200000000000936
3260,0.005574,0.0029609999999999997,-0.07234900000000001,-7.299999999999928e-05,3.800000000000027e-05,-0.00020999999999998797
3765,-0.005685,-0.008101,-0.07161400000000001,-1.6999999999999654e-05,0.00014300000000000077,2.5000000000011124e-05
4436,0.011189,0.004155,-0.072014,-0.00011399999999999952,5.900000000000089e-05,-0.000124000000000013
4392,-0.0054340000000000005,0.000997,-0.063951,-8.99999999999946e-06,0.0003519999999999999,-5.600000000001437e-05
456,-0.006671,0.01137,-0.063361,-3.200000000000078e-05,0.00027800000000000047,-4.500000000000337e-05
3786,0.014122,0.001303,-0.07048099999999999,-4.1999999999998636e-05,0.00010300000000000001,-0.00011900000000000799
3518,-0.00456,0.008171,-0.06773799999999999,-6.600000000000009e-05,0.0002500000000000002,-7.800000000000862e-05
4348,-0.015054,0.004725,-0.072218,-1.6999999999999654e-05,-0.00017700000000000007,2.6000000000012125e-05
554,0.0054470000000000005,-0.000497,-0.072958,-7.700000000000068e-05,-0.00011599999999999989,-0.0001870000000000066
917,0.010194000000000002,0.0030529999999999997,-0.07239100000000001,-0.00012000000000000205,2.0000000000000052e-05,-0.00015699999999999048
2454,-0.011121,-0.003399,-0.07115099999999999,-0.00015599999999999815,8.300000000000017e-05,-1.5000000000001124e-05
869,-0.003317,0.004592,-0.069767,-8.90000000000001e-05,9.500000000000047e-05,-0.00011500000000000399
4541,0.006399,0.00133,-0.06274300000000001,-2.7000000000000114e-05,0.00010300000000000001,0.00010200000000000486
74,0.004607999999999999,-0.000305,-0.065705,-3.099999999999891e-05,7.199999999999996e-05,-4.099999999999937e-05
439,-0.014934,-0.010013999999999999,-0.071023,-3.200000000000078e-05,4.29999999999979e-05,0.0001870000000000066
812,0.010186,0.007863,-0.073352,-0.000196,0.00011099999999999999,-0.00016700000000000048
4100,0.00619,-0.005415,-0.0686,6.299999999999969e-05,8.600000000000014e-05,-3.899999999999737e-05
399,0.008676999999999999,0.012739,-0.068163,-3.500000000000031e-05,3.099999999999978e-05,-0.00010099999999998999
3220,0.0006680000000000001,-0.006728,-0.07138,-7.800000000000016e-05,1.199999999999899e-05,-8.999999999995123e-06
3826,0.004325,-0.005849,-0.0663,8.99999999999998e-05,0.00011399999999999952,-0.00013699999999999823
130,0.010629,0.004925,-0.06533199999999999,-3.5999999999999574e-05,0.00025100000000000035,6.0999999999991616e-05
111,-0.011755000000000002,0.000601,-0.066539,-6.0999999999998555e-05,6.600000000000009e-05,-0.00015500000000000236
3801,0.011034,0.000177,-0.07242,-0.0001299999999999999,4.400000000000001e-05,-8.100000000001162e-05
3120,0.007637,-0.005208999999999999,-0.066547,8.000000000000021e-05,0.00011599999999999892,-8.000000000008e-06
4502,0.011810000000000001,0.0027730000000000003,-0.06668500000000001,-0.00014800000000000056,7.899999999999964e-05,-6.199999999999262e-05
44,-0.011498,-0.008716,-0.070571,7.999999999999327e-06,-9.000000000000327e-06,0.0003009999999999957
4391,-0.0022559999999999998,0.005409,-0.060743000000000005,-4.5000000000000335e-05,0.00027800000000000047,-5.2999999999997494e-05
519,-0.004182,0.009759,-0.069548,7.900000000000008e-05,0.000196,-0.00014600000000000724
2290,0.010591,0.009407,-0.066927,-0.00014400000000000003,-6.000000000000796e-06,-0.00010799999999999699
537,-0.01035,0.009381,-0.064399,-3.5999999999999574e-05,-8.99999999999998e-05,7.100000000000162e-05
1245,0.004373,0.006968,-0.076146,-4.100000000000024e-05,3.5999999999999574e-05,-0.00016499999999999848
4082,-0.012353999999999999,0.009324,-0.07002,-3.300000000000178e-05,-5.500000000000123e-05,1.8999999999991246e-05
843,0.010078,-0.008558999999999999,-0.06843600000000001,8.400000000000074e-05,0.0001789999999999986,3.5000000000021125e-05
2802,-0.012693,0.006261999999999999,-0.07246999999999999,-0.0001449999999999993,-6.599999999999922e-05,4.200000000000037e-05
4665,-0.008057,0.010265,-0.06419,-3.8000000000001574e-05,0.0002970000000000004,4.500000000000337e-05
2821,0.011185,-0.004548,-0.06658700000000001,0.00010999999999999899,0.00021400000000000065,-2.2999999999995246e-05
437,-0.006311,-0.00412,-0.070695,0.00010499999999999919,0.00018500000000000027,-8.000000000008e-06
318,0.010549,0.002841,-0.06606000000000001,-7.700000000000068e-05,0.000183,1.0999999999997123e-05
3662,-0.015239,0.0032949999999999998,-0.070968,-7.099999999999988e-05,-0.0001719999999999994,0.00014400000000000523
143,-0.001643,0.011772,-0.070216,0.0002059999999999998,0.00017099999999999928,-0.00027099999999999347
1890,-0.000631,0.007593,-0.067797,-0.00016200000000000003,9.099999999999994e-05,-0.00010900000000001187
3156,0.0029300000000000003,-0.009192,-0.068233,6.599999999999965e-05,4.000000000000184e-05,-1.7000000000003124e-05
3435,0.0016719999999999999,0.011516,-0.06822199999999999,5.1000000000000264e-05,1.5000000000001124e-05,-0.00011500000000001787
212,-0.008984,0.007903,-0.071925,1.3000000000000858e-05,9.299999999999933e-05,-6.1000000000005494e-05
912,0.013215999999999999,-0.002915,-0.064527,0.00011700000000000078,0.00013500000000000014,8.600000000000274e-05
4607,-0.007121000000000001,0.00034399999999999996,-0.063808,1.4000000000000123e-05,0.000359,0.0001810000000000006
4406,-0.010801,-0.009824,-0.072802,0.00017200000000000028,0.00040399999999999985,0.00036899999999999433
3767,-0.005902,-0.0023450000000000003,-0.073099,-0.00011599999999999978,5.600000000000006e-05,3.999999999999837e-05
51,-0.007201,0.005466,-0.0715,5.199999999999996e-05,0.0,-5.000000000000837e-05
160,0.011348,0.006117,-0.070137,-0.00015900000000000115,0.00012000000000000031,-4.799999999999249e-05
71,0.004016,0.001745,-0.071025,-8.499999999999914e-05,-1.500000000000004e-05,-0.00010100000000000386
53,0.003727,0.008589000000000001,-0.07090099999999999,2.400000000000015e-05,-8.100000000000121e-05,-0.0001820000000000016
57,0.00078,0.004065,-0.067848,-6.800000000000003e-05,6.699999999999935e-05,-0.00010699999999999599
1855,-0.002134,0.004674,-0.068361,2.8999999999999946e-05,0.0002009999999999998,-0.00013299999999999423
48,0.000219,0.005559000000000001,-0.068247,-0.00011700000000000001,6.699999999999935e-05,-0.00010799999999999699
3115,-0.00076,0.009394,-0.06940600000000001,2.5000000000000066e-05,1.899999999999992e-05,-0.00011399999999998911
2800,0.004091,0.004288999999999999,-0.06742400000000001,-6.899999999999962e-05,0.00012200000000000058,-5.999999999997674e-05
151,-0.001898,0.008887,-0.07009399999999999,-3.199999999999991e-05,2.9999999999998778e-05,-0.00028200000000001835
3114,-0.003982,0.000393,-0.06830599999999999,3.4000000000000176e-05,0.000312,-0.00027500000000001135
1211,0.00015,7.8e-05,-0.067104,9.000000000000029e-06,0.00013,-0.00010000000000000286
1594,-0.00124,-0.0005470000000000001,-0.067621,3.0999999999999995e-05,0.0001850000000000001,-0.00014299999999999036
106,-0.0020169999999999997,0.009731,-0.067533,2.8999999999999512e-05,2.2999999999998716e-05,-0.00021599999999999397
123,0.004194,-0.008064,-0.069323,4.6000000000000034e-05,6.800000000000035e-05,-8.099999999999774e-05
77,-0.003456,0.008641999999999999,-0.069897,-4.6000000000000034e-05,9.70000000000016e-05,-0.00014500000000000624
2229,0.007067,8.999999999999999e-05,-0.066531,1.9999999999999185e-05,1.0000000000000108e-06,-7.399999999999074e-05
807,0.0021230000000000003,0.006467,-0.070889,-3.800000000000027e-05,-3.5999999999999574e-05,-9.199999999999486e-05
4475,0.00151,-0.007261999999999999,-0.071255,-8.400000000000009e-05,-2.9000000000001247e-05,-5.3999999999998494e-05
180,-0.003661,0.010423,-0.065273,0.00011200000000000012,0.00018800000000000067,-7.900000000000962e-05
3190,-0.006456000000000001,0.007905,-0.070518,-3.699999999999971e-05,0.0001559999999999999,-4.400000000000237e-05
3449,-0.011012000000000001,0.001149,-0.06264,-1.3999999999998389e-05,0.0002099999999999999,-3.499999999999337e-05
2550,0.008718,0.01002,-0.066682,-9.299999999999933e-05,8.299999999999974e-05,-4.299999999998749e-05
3109,-0.000191,-0.00361,-0.06480200000000001,9e-05,0.0002519999999999996,-0.00013799999999998536
4063,0.011521,0.001742,-0.069603,-0.00015399999999999962,9.8e-05,-9.499999999999786e-05
1298,-0.009723,-0.000518,-0.064417,2.700000000000098e-05,0.00030900000000000003,-5.099999999999549e-05
2871,0.005649,0.007759,-0.06602899999999999,-0.00016300000000000082,8.99999999999946e-06,-3.300000000000525e-05
92,0.001408,0.00040899999999999997,-0.06661,2.1000000000000185e-05,7.500000000000003e-05,-9.199999999999486e-05
1857,-0.00078,0.008707000000000001,-0.068403,-2.400000000000004e-05,7.000000000000062e-06,-0.00018199999999998773
3504,-0.010407999999999999,-0.005724,-0.069116,-2.100000000000192e-05,0.00019999999999999966,8.899999999999186e-05
2815,-0.007655,-0.006498,-0.070895,7.800000000000081e-05,0.00017200000000000028,1.1999999999998123e-05
1225,0.017349,0.001335,-0.069316,-7.000000000000062e-06,8.200000000000004e-05,-3.999999999999837e-05
229,-0.008893,0.001963,-0.065572,7.599999999999968e-05,0.0001879999999999998,-1.0999999999997123e-05
3272,0.000583,-0.003823,-0.064901,7.10000000000001e-05,0.0002950000000000001,-0.00010600000000000886
1531,-0.012683,0.005982,-0.070603,-0.0001349999999999997,-8.600000000000014e-05,0.00010499999999999399
1559,-0.003939,0.002391,-0.067576,0.0,0.0002720000000000001,-0.00011500000000000399
2463,-0.008327999999999999,0.001696,-0.063567,5.7999999999999025e-05,0.00027300000000000024,9.699999999999986e-05
124,0.012331,-0.0068330000000000005,-0.06955,2.000000000000092e-05,0.00012100000000000045,-7.500000000000562e-05
281,-0.009737,0.003362,-0.069263,-5.699999999999976e-05,-6.899999999999962e-05,-0.00015400000000000136
836,-0.011178,-0.000939,-0.069523,-1.3000000000000858e-05,7.99999999999987e-06,-0.00010200000000000486
97,0.013672,-0.000966,-0.067907,-1.600000000000039e-05,8.799999999999997e-05,-9.100000000000774e-05
1572,-8.2e-05,0.008671,-0.066008,-0.00011800000000000001,0.00012299999999999985,-2.3000000000009124e-05
2452,0.008352,-0.010444,-0.068691,6.800000000000035e-05,0.00015699999999999915,-5.9000000000003494e-05
66,0.0067670000000000004,-0.001405,-0.071271,1.1999999999999858e-05,-4.699999999999995e-05,-0.00019900000000000473
837,-0.00592,0.003685,-0.07190200000000001,-1.999999999999398e-06,-3.4000000000000176e-05,-0.00010499999999999399
3447,0.009212999999999999,-0.000523,-0.065353,8.000000000001062e-06,0.00013700000000000002,1.1999999999998123e-05
4151,-0.011009,0.0040149999999999995,-0.069971,-5.199999999999996e-05,1.4000000000000123e-05,-3.0000000000002247e-05
19,0.0031720000000000003,-0.00538,-0.07363,-2.300000000000045e-05,5.000000000000664e-06,-0.00016900000000000248
1217,0.012953,0.000426,-0.068223,-7.199999999999915e-05,2.3999999999999987e-05,-0.00019599999999998785
2949,0.010218,-0.0012230000000000001,-0.06864400000000001,-6.399999999999982e-05,0.000201,-7.899999999998186e-05
829,0.005248999999999999,-0.003926,-0.07113,7.500000000000041e-05,-2.1000000000000185e-05,-0.00014500000000000624
3145,0.013767,0.008506999999999999,-0.06673399999999999,-0.00013900000000000023,0.00022400000000000024,-0.00021600000000002173
4088,0.00116,-0.007307,-0.062451,4.500000000000012e-05,0.0002620000000000001,-0.00016799999999999454
3777,0.00522,0.004968,-0.063056,-5.199999999999996e-05,0.00010099999999999953,-6.699999999999762e-05
4090,0.008194000000000002,0.0062039999999999994,-0.065859,-6.0000000000001025e-05,0.00011800000000000092,-0.00014200000000000323
4469,-0.007744,-0.010303000000000001,-0.068586,0.00014699999999999956,0.0001420000000000015,8.499999999998786e-05
287,-0.011359,0.004208,-0.067819,-4.1000000000001105e-05,-8.5e-05,-4.500000000000337e-05
3127,-0.006389000000000001,-0.005785,-0.068149,0.00010700000000000032,0.00022500000000000037,-0.00015999999999999348
4413,0.008180999999999999,0.001001,-0.064062,8.500000000000174e-05,0.00017,-5.6000000000000494e-05
982,-0.00511,-0.008016,-0.071021,-2.300000000000045e-05,0.00016000000000000042,2.3999999999996247e-05
3138,0.0053739999999999994,-0.006283,-0.065731,9.10000000000008e-05,0.00015300000000000036,4.400000000000237e-05
817,0.001439,-0.000374,-0.066043,5.400000000000023e-05,0.000137,-0.00010599999999999499
3475,0.010392,-0.0015860000000000002,-0.070894,-7.199999999999915e-05,0.00011500000000000008,-3.0000000000030003e-06
393,-0.005325,0.00839,-0.071173,-6.499999999999995e-05,0.00025199999999999875,-0.00020099999999999285
1956,-0.009868,-0.00318,-0.068148,-3.099999999999978e-05,0.00018899999999999993,-2.0999999999993246e-05
1250,0.013212,0.011281000000000001,-0.066512,-0.00021200000000000038,9.900000000000013e-05,-0.00010799999999999699
1864,0.015025,0.0007289999999999999,-0.070924,-6.699999999999935e-05,0.0001240000000000001,-0.0001260000000000011
2570,0.004216,-0.009,-0.06478700000000001,0.00015200000000000023,0.00013199999999999844,5.900000000001737e-05
353,0.011804,0.0054210000000000005,-0.072392,-0.0001910000000000002,-2.4000000000000583e-05,-7.100000000000162e-05
4403,0.005344000000000001,-0.013121,-0.066535,0.00015399999999999962,6.0000000000001025e-05,-2.5000000000011124e-05
89,0.006313,-0.0014119999999999998,-0.066141,3.799999999999984e-05,0.00011899999999999997,-7.499999999999174e-05
4404,-0.010055999999999999,0.000465,-0.067054,5.199999999999996e-05,-0.00011500000000000003,-0.00014099999999998836
849,-0.001905,0.006632,-0.06994,-8.699999999999984e-05,0.00015700000000000002,-0.00017000000000000348
88,0.013087999999999999,0.005889999999999999,-0.067453,-0.0001489999999999981,0.00017400000000000054,-9.600000000001274e-05
2605,0.014751,-0.012654,-0.069552,-1.9000000000001654e-05,0.00011500000000000052,1.5000000000001124e-05
30,0.002761,0.001631,-0.071213,-0.0002040000000000002,3.600000000000001e-05,-0.0001840000000000036
3555,-0.0013260000000000001,0.001348,-0.064204,3.0000000000001813e-06,0.0001739999999999999,-7.100000000000162e-05
315,-0.012901999999999999,-0.00028000000000000003,-0.068523,-0.00012400000000000085,-4.4999999999999955e-05,-5.7000000000001494e-05
3439,0.001633,-0.006136999999999999,-0.066937,0.00023800000000000015,0.0002269999999999989,-2.000000000002e-06
4428,0.009617,0.003412,-0.072074,-0.0001250000000000001,5.499999999999993e-05,-0.00012099999999999611
600,-0.00608,0.009724,-0.07116,-3.300000000000004e-05,0.0002349999999999991,-0.00012799999999998923
2789,0.008447,0.006507,-0.0742,-7.700000000000068e-05,-1.7999999999999787e-05,-0.0001820000000000016
2191,0.0013089999999999998,-0.008324999999999999,-0.06627200000000001,0.00023900000000000028,0.00022799999999999904,-6.299999999997974e-05
4123,-0.011056,0.012789,-0.06754399999999999,-1.3000000000000858e-05,-0.00012100000000000131,-1.7000000000017e-05
4143,0.003749,0.009080999999999999,-0.0707,-0.00011000000000000029,3.300000000000178e-05,-0.00011300000000000199
70,0.002105,0.011977999999999999,-0.068172,5.600000000000006e-05,1.0000000000001327e-05,-3.499999999999337e-05
219,-0.012178000000000001,0.007153,-0.06908700000000001,-4.89999999999987e-05,-7.499999999999955e-05,4.900000000000737e-05
259,-0.0009220000000000001,-0.012263999999999999,-0.06803100000000001,0.00012100000000000001,4.799999999999943e-05,-4.199999999998649e-05
4,-0.002525,0.004819,-0.070022,-0.0001020000000000001,0.00011899999999999931,-0.00010999999999999899
405,-0.001039,-0.000221,-0.064016,-3.999999999999989e-05,0.000147,-0.00012099999999999611
422,0.006555,0.005594,-0.068162,-0.00021600000000000005,1.6999999999999654e-05,-3.100000000000325e-05
3456,0.012466,-0.000174,-0.07448099999999999,-2.6999999999999247e-05,5.099999999999999e-05,-3.2000000000018125e-05
993,0.016019,0.011141,-0.069963,-0.0001889999999999982,0.00014000000000000123,-2.4999999999997247e-05
112,0.008124000000000001,0.010115,-0.065773,0.00014400000000000003,9.39999999999986e-05,-0.00021300000000000485
38,-0.00093,0.010278,-0.067141,0.0,2.6999999999999247e-05,-0.00012599999999998723
466,-0.010567,0.003303,-0.066814,-2.8999999999999512e-05,-4.300000000000007e-05,-0.00010899999999999799
4394,-0.010256,0.0044340000000000004,-0.066574,-0.00011800000000000178,2.2999999999999583e-05,-0.00016299999999999648
3124,0.005668,0.001463,-0.072498,-0.00010600000000000019,3.2999999999999826e-05,-0.00014599999999999336
4618,-0.012788,-0.0013779999999999999,-0.06987600000000001,-3.299999999999831e-05,-2.0000000000000486e-06,2.0000000000006124e-05
4107,-0.009455999999999999,-0.006522,-0.068965,7.300000000000015e-05,0.00034799999999999935,-6.0000000000060005e-06
472,0.010989,0.003636,-0.06725700000000001,-0.0001360000000000007,4.000000000000097e-06,6.0000000000060005e-06
1267,0.014336999999999999,-0.000132,-0.07278,-0.00010499999999999919,9.400000000000001e-05,-2.2000000000008124e-05
2799,-0.00838,-0.009752,-0.067461,0.00024300000000000016,0.00014800000000000056,-0.00010300000000000586
4389,-0.012166,0.011929,-0.073395,-5.199999999999996e-05,3.8999999999999105e-05,6.0000000000060005e-06
2475,-0.012019,0.010256,-0.074617,-6.399999999999982e-05,4.999999999999796e-06,8.500000000000174e-05
2177,0.005211,0.009698,-0.072619,1.299999999999999e-05,-8.099999999999948e-05,-0.00013799999999999923
2533,-0.005908,0.00026700000000000004,-0.065743,1.1999999999999858e-05,0.00039,-0.00014400000000000523
3882,-0.013691,0.0061070000000000004,-0.07046,-9.60000000000006e-05,-6.800000000000035e-05,9.299999999999586e-05
165,0.016558,0.00729,-0.068615,-3.699999999999884e-05,7.500000000000041e-05,-0.00015300000000000036
3874,-0.004965,-0.004579,-0.071265,6.899999999999962e-05,8.80000000000004e-05,3.0000000000002247e-05
62,0.012805,0.0032069999999999998,-0.069485,-0.00011200000000000099,0.00012000000000000031,7.200000000000262e-05
1101,0.004485,0.01097,-0.07126,-1.600000000000039e-05,1.799999999999892e-05,-0.00015099999999999836
86,-0.006787,0.008979,-0.067231,4.0000000000000105e-05,0.0002030000000000018,-8.599999999998886e-05
4397,0.005392,0.009215,-0.07177800000000001,4.6000000000000034e-05,-3.8999999999999105e-05,-0.00018899999999999473
4422,0.013385,0.003134,-0.069867,-0.00012799999999999964,0.00016499999999999978,-5.400000000001237e-05
1911,-0.005468,0.001238,-0.07176300000000001,-5.3000000000000096e-05,-2.9999999999997477e-06,-0.00014000000000000123
4154,0.007813,0.0011339999999999998,-0.06518399999999999,2.599999999999998e-05,3.4000000000000176e-05,-0.0001300000000000051
341,-0.013412,-0.0044610000000000006,-0.070536,-8.5e-05,-0.00010999999999999899,-0.00011499999999999011
2154,-0.012638,0.001891,-0.06951900000000001,-3.8999999999999105e-05,-1.3000000000000208e-05,0.0
402,-0.004292,0.010695,-0.06898699999999999,6.700000000000022e-05,0.00020399999999999932,-7.40000000000185e-05
355,0.010366,-0.000723,-0.065095,1.8000000000000654e-05,0.00015300000000000003,-1.9999999999881224e-06
