Particle,x,y,z,Vx,Vy,Vz
51152,-0.005942,-0.000154,-0.071756,0.0,0.0,0.0
51489,-0.002787,-0.003233,-0.072714,0.0,0.0,0.0
51299,0.0025299999999999997,-0.001028,-0.068417,0.0,0.0,0.0
54841,-0.011119,0.009224,-0.061287,0.0,0.0,0.0
52889,0.015247,0.004078,-0.06964100000000001,0.0,0.0,0.0
54102,-0.003946,0.001381,-0.063454,0.0,0.0,0.0
53748,0.010834,-0.000515,-0.06750199999999999,0.0,0.0,0.0
52670,0.012103,-0.005522,-0.068698,0.0,0.0,0.0
52887,0.001214,0.000294,-0.061646,0.0,0.0,0.0
52181,-0.001928,0.0053739999999999994,-0.068312,0.0,0.0,0.0
45619,0.013053,-0.000891,-0.072482,0.0,0.0,0.0
50816,0.0064,0.0075769999999999995,-0.067157,0.0,0.0,0.0
53766,-0.011474999999999999,0.0027029999999999997,-0.062647,0.0,0.0,0.0
50483,0.006965,0.005333,-0.07327299999999999,0.0,0.0,0.0
54760,0.010227,-0.011894,-0.072772,0.0,0.0,0.0
54757,-0.0009310000000000001,0.00041,-0.06265699999999999,0.0,0.0,0.0
54008,-0.0033090000000000003,-0.002493,-0.071634,0.0,0.0,0.0
47147,-0.00151,0.010391,-0.070007,0.0,0.0,0.0
54999,0.016329,0.009349999999999999,-0.06971899999999999,0.0,0.0,0.0
51196,0.004207,0.010929,-0.064986,0.0,0.0,0.0
54033,0.003621,-0.0032930000000000004,-0.069133,0.0,0.0,0.0
54980,-0.007645,-0.007069,-0.075268,0.0,0.0,0.0
53238,0.001778,0.003609,-0.069162,0.0,0.0,0.0
53242,0.000296,0.000629,-0.068425,0.0,0.0,0.0
48398,0.001843,0.008995,-0.07557,0.0,0.0,0.0
43767,0.0012,0.006615,-0.067959,0.0,0.0,0.0
52891,0.0055709999999999996,0.007497,-0.062638,0.0,0.0,0.0
54419,-0.012359,0.004974,-0.077014,0.0,0.0,0.0
54814,-0.00464,0.001116,-0.063031,0.0,0.0,0.0
52539,-0.009029,-0.005817999999999999,-0.065235,0.0,0.0,0.0
54937,0.013037,0.009607,-0.06416,0.0,0.0,0.0
54730,-0.004854,-0.009285999999999999,-0.061332,0.0,0.0,0.0
54085,0.0059640000000000006,-0.008807,-0.075639,0.0,0.0,0.0
54495,-0.004632,-0.0061909999999999995,-0.067526,0.0,0.0,0.0
54713,0.001956,-0.008009,-0.07061,0.0,0.0,0.0
54732,-0.01433,0.011112,-0.069731,0.0,0.0,0.0
53064,-0.007071,-0.004287,-0.07202800000000001,0.0,0.0,0.0
53720,0.005538,-0.012661,-0.066413,0.0,0.0,0.0
54383,0.012513,0.000424,-0.07371,0.0,0.0,0.0
51532,-0.001949,-0.007407,-0.06635200000000001,0.0,0.0,0.0
54704,-0.007839,0.005352,-0.073129,0.0,0.0,0.0
53491,0.012666,-0.012728,-0.06449500000000001,0.0,0.0,0.0
54188,0.01524,-0.011827,-0.06567,0.0,0.0,0.0
54822,-0.001498,-0.003234,-0.059085,0.0,0.0,0.0
54172,0.013608,-0.003081,-0.064842,0.0,0.0,0.0
54775,-0.009970000000000001,-0.005024,-0.070227,0.0,0.0,0.0
54750,-0.011607,0.008230000000000001,-0.06055,0.0,0.0,0.0
54907,0.017228,-0.006443,-0.072677,0.0,0.0,0.0
55012,0.015087,-0.004883,-0.06415699999999999,0.0,0.0,0.0
54412,-0.007099,0.003543,-0.06669199999999999,0.0,0.0,0.0
54298,0.011656000000000001,-0.003897,-0.063022,0.0,0.0,0.0
49414,0.018170000000000002,0.006993,-0.070728,0.0,0.0,0.0
51850,0.00651,-0.003306,-0.07163599999999999,0.0,0.0,0.0
54445,-0.004247,-0.005053,-0.075894,0.0,0.0,0.0
53785,0.002806,-0.008097,-0.069023,0.0,0.0,0.0
51884,-0.01219,0.009555999999999999,-0.072299,0.0,0.0,0.0
53319,-0.013105,0.008708,-0.076238,0.0,0.0,0.0
54736,0.000579,0.000919,-0.060516,0.0,0.0,0.0
54435,0.012513,0.004243,-0.060679000000000004,0.0,0.0,0.0
54747,-0.008657,-0.001466,-0.076101,0.0,0.0,0.0
54882,0.010358000000000001,-0.0010860000000000002,-0.06859,0.0,0.0,0.0
54212,-0.009887,-0.004488000000000001,-0.07148499999999999,0.0,0.0,0.0
54996,0.012773,0.000123,-0.061914000000000004,0.0,0.0,0.0
54926,0.014218,5.1e-05,-0.06453700000000001,0.0,0.0,0.0
54080,0.0008900000000000001,0.01132,-0.07627500000000001,0.0,0.0,0.0
52718,-0.012692,0.002317,-0.077149,0.0,0.0,0.0
55016,0.00016700000000000002,0.0022440000000000003,-0.064817,0.0,0.0,0.0
54477,-0.005285,0.000388,-0.074209,0.0,0.0,0.0
54086,0.003803,-0.003561,-0.077832,0.0,0.0,0.0
54724,-0.002391,0.004163999999999999,-0.060853000000000004,0.0,0.0,0.0
54728,-0.004362,0.005261999999999999,-0.064359,0.0,0.0,0.0
50811,-0.0017809999999999998,-0.010168,-0.070055,0.0,0.0,0.0
54420,0.007086,0.004203,-0.07090600000000001,0.0,0.0,0.0
54756,-0.009935000000000001,-0.007926,-0.06743500000000001,0.0,0.0,0.0
54796,0.00196,-0.008843,-0.065333,0.0,0.0,0.0
54818,-0.011044,-0.008689,-0.065521,0.0,0.0,0.0
54144,0.0039889999999999995,0.005759,-0.062166,0.0,0.0,0.0
54934,-0.008401,-0.006863,-0.06344899999999999,0.0,0.0,0.0
54948,0.012532999999999999,0.00429,-0.076622,0.0,0.0,0.0
54950,0.013977,-0.01247,-0.065521,0.0,0.0,0.0
54995,0.017233000000000002,-5.9e-05,-0.06821200000000001,0.0,0.0,0.0
54153,-0.0010249999999999999,-0.010656,-0.06864,0.0,0.0,0.0
55004,0.015808,-0.006997,-0.065479,0.0,0.0,0.0
53681,0.01294,-0.005274,-0.07697,0.0,0.0,0.0
54335,-0.008345,0.0054930000000000005,-0.062551,0.0,0.0,0.0
52206,0.015830999999999998,0.007058,-0.070477,0.0,0.0,0.0
54437,-0.001671,0.011035999999999999,-0.062437,0.0,0.0,0.0
54612,0.006237,-0.002007,-0.062903,0.0,0.0,0.0
54638,-0.005908,0.011071,-0.063432,0.0,0.0,0.0
54138,-0.004983,-0.000939,-0.074833,0.0,0.0,0.0
48126,-0.0019890000000000003,0.0063479999999999995,-0.07450799999999999,0.0,0.0,0.0
54443,-0.00487,-0.010849000000000001,-0.069355,0.00018899999999999993,2.100000000000192e-05,-0.00013299999999999423
52190,0.00035999999999999997,0.005762,-0.06516200000000001,3.500000000000004e-05,0.00020799999999999985,-8.199999999998486e-05
54369,-0.004528,-0.00488,-0.070044,0.0002520000000000005,0.000281,-0.00020000000000000573
49791,0.0023650000000000003,-0.005746,-0.070385,0.00012100000000000001,0.00019200000000000033,-3.300000000000525e-05
55160,-0.000549,-0.0024980000000000002,-0.060463,0.000152,5.300000000000053e-05,-0.0003579999999999972
54803,-0.010093999999999999,-0.008523,-0.06710200000000001,0.00011299999999999852,0.00021099999999999938,-0.00017999999999998573
54854,-0.008478999999999999,-0.002942,-0.06358899999999999,9.799999999999913e-05,0.00016100000000000012,-0.00028400000000000647
53657,-0.005161,-0.006456000000000001,-0.07107899999999999,5.699999999999976e-05,0.00032000000000000084,-5.600000000001437e-05
54024,0.014573000000000001,-0.008663,-0.070088,1.1999999999999858e-05,-8.099999999999948e-05,-0.00010200000000000486
53326,0.007311,0.007215,-0.06418,0.00013900000000000023,-2.799999999999938e-05,-3.999999999999837e-05
54371,0.011893,0.010232,-0.065738,3.500000000000031e-05,8.299999999999974e-05,4.200000000000037e-05
52948,0.009708999999999999,-0.006535999999999999,-0.072604,1.0000000000001327e-05,-0.00016800000000000061,-0.0005900000000000072
54812,0.003143,-0.009467,-0.062509,-5.9999999999999724e-05,-3.0000000000012655e-06,0.00014699999999999436
52906,-0.007114,-0.008992000000000002,-0.07350100000000001,0.00024799999999999996,0.00020400000000000106,-5.999999999992123e-06
51493,0.008022,0.007312,-0.065631,6.0000000000001025e-05,2.599999999999998e-05,-6.399999999999462e-05
55308,-0.006656,0.012863,-0.06512699999999999,-0.00015600000000000076,0.00016700000000000048,-0.00021500000000000685
54550,0.013305999999999998,-0.012233,-0.07013599999999999,0.00011700000000000252,-4.2999999999999636e-05,-7.700000000000762e-05
50969,0.016030000000000003,0.002669,-0.067893,-0.00015000000000000083,0.0003080000000000001,-4.899999999999349e-05
55099,0.0008219999999999999,0.012565,-0.062658,-0.0001789999999999999,0.0001460000000000003,-5.099999999999549e-05
54857,-0.008837,0.007315,-0.062929,5.400000000000023e-05,0.0003489999999999995,0.0002859999999999946
55312,0.01376,-0.0026030000000000003,-0.070769,0.00020700000000000059,6.000000000000363e-06,-0.00027300000000000935
52888,0.013364000000000001,-0.004142000000000001,-0.074286,0.00011899999999999931,-6.699999999999848e-05,-0.0004289999999999988
55199,0.016382,0.0070350000000000005,-0.07336100000000001,0.0001979999999999968,0.0001269999999999995,-0.00037799999999998946
54533,0.001434,-0.000231,-0.060758,-1.8000000000000004e-05,-4.999999999999986e-06,-9.399999999999686e-05
55079,0.0009419999999999999,-0.012369999999999999,-0.063319,-5.499999999999993e-05,-0.00016200000000000069,7.999999999999674e-05
54057,0.012487,-0.006979,-0.070983,8.6000000000001e-05,8.400000000000074e-05,1.0000000000010001e-05
54117,0.0066500000000000005,-0.009163000000000001,-0.061892,-0.0002550000000000009,7.400000000000115e-05,-0.0003789999999999974
54842,0.017605,-0.010379,-0.07016700000000001,-9.199999999999833e-05,-0.00015399999999999962,3.799999999999637e-05
51272,0.0077480000000000005,-0.005418999999999999,-0.07524800000000001,0.00016400000000000008,0.00014599999999999943,-0.00019399999999998585
55197,-0.0064800000000000005,-0.012839,-0.06549200000000001,0.0002630000000000011,0.0001360000000000007,5.200000000001037e-05
53751,-0.013807999999999999,-0.011308,-0.068748,0.00010699999999999772,-1.5999999999998654e-05,-0.0002329999999999971
52985,0.017251000000000002,-0.004691,-0.06543399999999999,0.000168999999999999,-2.7000000000000114e-05,-4.300000000001525e-05
52170,-0.0007790000000000001,-0.009698,-0.071295,6.100000000000007e-05,8.800000000000127e-05,-0.00014900000000001024
55219,-0.008305,0.003545,-0.061676,0.0001549999999999989,0.00011800000000000005,7.299999999999668e-05
54877,-0.013788,0.008602,-0.072489,3.299999999999831e-05,0.00014899999999999983,2.3999999999996247e-05
54366,0.000356,0.008656,-0.076393,-3.299999999999999e-05,1.9999999999985307e-06,-0.00016700000000000048
55126,-0.005908,-1.2e-05,-0.061387,0.00038100000000000026,0.000235,-0.00015099999999999836
53658,0.008574,-0.000902,-0.066782,0.00017200000000000028,7.400000000000006e-05,-0.00039300000000000446
55129,0.011805999999999999,-0.006569,-0.068592,-4.799999999999943e-05,-0.0002329999999999997,-0.0004969999999999974
52724,0.012153,0.01188,-0.074538,-2.0000000000002655e-06,0.00024799999999999996,-0.0003230000000000177
53260,0.013810000000000001,0.011891,-0.07123900000000001,0.00019799999999999852,4.1999999999998636e-05,-0.00016399999999999748
50572,0.005105,0.0067009999999999995,-0.075625,8.399999999999987e-05,-8.000000000000194e-06,-0.0003039999999999987
55113,-0.002937,-0.006196,-0.07001600000000001,0.000291,0.0001479999999999997,-0.00013199999999999323
55010,-0.005008,0.009169,-0.059187,0.00020199999999999992,6.600000000000009e-05,0.00018299999999999567
55135,-0.008298999999999999,-0.0013540000000000002,-0.06687699999999999,0.000337999999999998,0.0003730000000000003,-3.2000000000018125e-05
54386,-0.013304,0.010417999999999998,-0.074205,7.599999999999968e-05,0.00028400000000000127,-0.0002520000000000022
55279,0.007768,0.002356,-0.062185000000000004,-4.69999999999993e-05,3.899999999999997e-05,-0.0004249999999999948
55226,-0.0025870000000000003,0.0019219999999999999,-0.069563,0.0003510000000000002,0.00015800000000000037,-0.00014799999999999536
55383,0.004006999999999999,-0.000988,-0.06750700000000001,0.0001230000000000007,0.00015899999999999996,-0.0003849999999999826
55271,-0.012384000000000001,-0.0005110000000000001,-0.062694,3.900000000000084e-05,0.00024800000000000007,-8.400000000000074e-05
45518,0.006014,0.003085,-0.07485599999999999,0.00010499999999999919,0.00013299999999999987,-0.0005040000000000044
54986,0.011356,-0.009167999999999999,-0.069573,0.00025900000000000055,0.00011599999999999978,-0.00015600000000000336
55347,0.013176,0.012331,-0.063435,0.000196,2.0000000000002655e-06,0.00017100000000000448
55294,-0.015151,0.011071999999999999,-0.075443,0.00021199999999999865,0.0004090000000000014,-0.0003080000000000027
54752,-0.003914,-0.010164999999999999,-0.068794,0.00016899999999999988,4.89999999999987e-05,-0.00010999999999999899
55302,0.017079,-0.009129,-0.064721,0.00010999999999999899,-2.8999999999999512e-05,-2.1999999999994246e-05
55360,0.014967000000000001,-0.012442,-0.06818300000000001,6.599999999999835e-05,-1.8000000000000654e-05,-4.400000000000237e-05
54034,-0.012639,-0.003745,-0.07385599999999999,0.000392,0.000268,0.00014599999999999336
52704,0.008164,-0.010324,-0.069713,5.300000000000096e-05,8.799999999999954e-05,6.499999999999562e-05
49856,0.014968,-0.013045,-0.071265,9.999999999992654e-07,-6.700000000000109e-05,-6.399999999999462e-05
53514,-0.002794,0.003563,-0.07583,0.00020699999999999972,0.00035599999999999955,3.899999999999737e-05
54404,0.010252,0.006948,-0.063161,3.399999999999931e-05,-8.900000000000054e-05,0.00021599999999999397
55125,-0.000963,-0.003806,-0.065395,0.00018999999999999996,0.0002490000000000001,-0.0005089999999999956
45614,0.0046500000000000005,0.007258,-0.073674,4.999999999999796e-06,4.999999999999796e-06,-0.0003009999999999957
55152,-0.007853,-0.010339000000000001,-0.06371,0.0001520000000000011,-0.00017199999999999854,-0.0005089999999999956
55182,-0.002784,0.006482,-0.06444799999999999,0.00036899999999999997,0.00023000000000000017,-7.700000000000762e-05
55255,-0.01217,-0.009642,-0.070695,0.00036500000000000074,-1.899999999999992e-05,-9.800000000001474e-05
54983,-0.005312,0.012897,-0.059903,3.600000000000044e-05,0.0002349999999999991,2.4000000000003185e-05
55357,-0.013843999999999999,-0.008856999999999999,-0.075949,0.00013799999999999923,0.00020899999999999912,-7.799999999999474e-05
54457,0.00497,0.008791,-0.076481,0.00016100000000000055,-2.0000000000002655e-06,-0.00018100000000001448
53336,0.004589,-0.0070750000000000006,-0.07004600000000001,0.00024200000000000003,-0.00014899999999999983,-0.0003339999999999871
54799,0.010188000000000001,0.006093,-0.077832,0.0001839999999999984,0.00016600000000000035,-0.0004259999999999958
55442,-0.003943,-0.008395,-0.06965900000000001,2.0000000000002655e-06,9.60000000000006e-05,-2.899999999998737e-05
53997,0.004652,0.010887,-0.067995,-9.900000000000013e-05,-0.0001370000000000017,0.00019500000000000073
55521,0.00984,0.008674,-0.06855599999999999,-3.200000000000078e-05,-0.00011199999999999925,-0.00027500000000001135
54705,-0.006319,0.008733000000000001,-0.068915,-0.00019399999999999973,6.899999999999788e-05,-0.0001310000000000061
54706,0.00146,-0.00299,-0.071146,0.00017700000000000007,0.00020899999999999998,-0.00033600000000000296
55550,-0.011873,0.010457000000000001,-0.063628,-1.8000000000000654e-05,9.799999999999913e-05,8.600000000000274e-05
55149,-0.012759,0.0034980000000000002,-0.064243,0.00025299999999999975,9.599999999999973e-05,-0.00013399999999999523
55509,-0.003285,0.011717,-0.063483,-0.0001749999999999998,8.6000000000001e-05,7.999999999999674e-05
54835,-0.0026469999999999996,0.00196,-0.060622,-2.100000000000062e-05,0.00027800000000000004,-0.00013300000000000117
55439,0.00017,0.000861,-0.07044700000000001,0.000163,0.000299,-0.0003979999999999956
52869,-0.008938,0.006089000000000001,-0.07448199999999999,3.199999999999904e-05,0.0001769999999999992,-0.0001950000000000146
54591,-0.010719,0.00724,-0.070883,9.699999999999986e-05,0.00012200000000000058,-0.00019500000000000073
55580,0.000925,0.008527,-0.075147,0.00012399999999999998,2.1000000000000185e-05,-0.00014499999999999236
55072,-0.0008399999999999999,0.004921999999999999,-0.070635,-3.000000000000073e-06,0.0001280000000000005,-0.00026099999999999735
55656,-0.008787000000000001,0.012067999999999999,-0.060723,0.00024500000000000216,0.00038100000000000113,0.00017600000000000254
55463,0.0029159999999999998,0.001838,-0.06890600000000001,0.00021200000000000038,0.00025199999999999984,-0.00021999999999999797
55478,0.008629,-0.010874,-0.072593,0.00016500000000000022,0.00011899999999999931,-3.099999999998937e-05
55568,-0.016233,0.002499,-0.074116,6.899999999999962e-05,0.0003120000000000002,-0.00010899999999999799
55454,0.0040490000000000005,-0.011699,-0.062543,-4.30000000000005e-05,-9.999999999992654e-07,1.6000000000002124e-05
55494,0.005528,0.012284000000000002,-0.062924,-4.700000000000017e-05,1.2999999999999123e-05,0.0002909999999999857
52905,-0.014074999999999999,-0.007976,-0.07572,0.00014599999999999856,0.00023800000000000036,3.699999999999537e-05
54482,0.012039,-0.002933,-0.07380400000000001,0.00022000000000000144,-8.200000000000048e-05,-0.0003419999999999951
53825,0.014525999999999999,-0.007605000000000001,-0.069962,-1.699999999999792e-05,-3.5999999999999574e-05,-0.00013199999999999323
54873,-0.009588,-0.010618,-0.071983,0.0003119999999999998,0.00014600000000000203,-3.199999999999037e-05
53029,0.001867,0.011455,-0.060221,8.899999999999989e-05,0.00018299999999999914,4.799999999999249e-05
52901,0.013725,0.009715999999999999,-0.068673,9.999999999999593e-06,0.00014400000000000003,-0.0001380000000000131
53060,0.00018099999999999998,-0.004396,-0.069848,0.000286,7.500000000000041e-05,-0.0004680000000000101
43098,-0.0060279999999999995,0.007208999999999999,-0.077705,8.099999999999948e-05,0.00024200000000000003,-0.0002370000000000011
54440,0.016565,0.007839,-0.07031,0.00024000000000000063,0.0002599999999999998,-0.0002970000000000056
52938,0.012529,0.001573,-0.063577,4.999999999999796e-06,7.499999999999998e-05,-0.00010400000000000686
52950,-0.004894,0.0034820000000000003,-0.074613,9.8e-05,0.00032499999999999977,-0.00010899999999999799
54406,0.001865,0.005808,-0.07631,0.00011500000000000008,0.00011200000000000012,-0.0003599999999999992
54011,-0.003641,0.0126,-0.065806,-0.00023799999999999993,0.00013300000000000117,0.00011300000000000199
54776,-0.012345,0.000756,-0.069553,-2.000000000000092e-05,0.000352,0.00011300000000000199
55715,0.006437,-0.006027,-0.072745,0.00022199999999999998,0.00013599999999999984,-0.0002209999999999851
55513,0.011882,0.006228,-0.062196,-7.799999999999994e-05,5.999999999999929e-06,-1.0999999999997123e-05
54025,0.0076500000000000005,-0.004288999999999999,-0.07018600000000001,0.00021200000000000038,-4.999999999999796e-06,-0.0004559999999999842
54112,0.011106999999999999,0.0037,-0.073669,0.00016800000000000148,4.7999999999999866e-05,-0.0003490000000000021
54001,0.000787,-0.0022660000000000002,-0.07012600000000001,0.00019899999999999985,0.00015400000000000006,-0.0004899999999999904
55758,-0.01207,-0.00067,-0.066912,0.0001860000000000004,0.000219,0.00011400000000000299
55678,-0.011897,0.006515,-0.077556,-2.5000000000000716e-05,0.00013699999999999997,-3.999999999999837e-05
54804,0.000237,0.009921,-0.066108,-0.000298,-1.9999999999999185e-05,0.00010399999999999299
55471,-0.010422,-0.011714,-0.073187,0.00010899999999999972,9.699999999999986e-05,3.0000000000002247e-05
55472,0.018036,-0.002612,-0.070655,-0.00019800000000000026,-0.00027800000000000004,-0.0002480000000000121
55473,-0.009919,-0.008343999999999999,-0.060156,-3.399999999999931e-05,-3.0000000000002247e-05,-0.00027199999999999447
44310,0.005824,0.002185,-0.072753,0.00025100000000000035,0.0002630000000000002,-0.00025899999999999535
55476,-0.01295,0.001006,-0.067444,6.899999999999962e-05,0.00039500000000000017,9.199999999999486e-05
55505,0.01635,0.010394,-0.07445600000000001,0.00018500000000000114,0.00011199999999999925,-0.00036199999999998733
55507,0.004686,-0.0022229999999999997,-0.061021,9.599999999999973e-05,0.00016399999999999965,-0.0002430000000000071
54836,0.00149,0.006239,-0.066074,5.499999999999993e-05,2.5000000000000716e-05,-0.0002540000000000042
55537,0.0035139999999999998,0.009706,-0.05615,3.100000000000021e-05,0.00015500000000000062,0.00021700000000000191
55545,0.003202,-0.000365,-0.059967,8.90000000000001e-05,0.00013299999999999998,-0.0003070000000000017
55561,0.0018009999999999999,-0.009601,-0.060537999999999995,-0.00010699999999999989,-4.000000000000531e-06,1.9999999999992246e-05
55575,0.009102,-0.012153,-0.06970699999999999,0.00014799999999999883,0.00012799999999999964,8.399999999998686e-05
53342,0.004313,-0.010089,-0.07265,0.00017299999999999954,5.199999999999996e-05,-9.399999999999686e-05
55593,0.016484000000000002,-0.007342,-0.070461,-0.00015200000000000283,-0.00014000000000000037,-0.0002319999999999961
53889,0.000762,0.006053,-0.06787399999999999,-3.200000000000002e-05,-1.7999999999999787e-05,-0.00018000000000001348
55739,0.001983,-0.003381,-0.07067100000000001,0.00015300000000000036,9.8e-05,-6.499999999999562e-05
55760,0.01041,0.008814,-0.064687,5.099999999999896e-05,3.5999999999999574e-05,-6.70000000000115e-05
54454,-0.005836,0.008983000000000001,-0.072299,3.699999999999971e-05,0.0003189999999999981,-0.00022600000000000398
54903,-0.014897,0.003104,-0.067618,-7.399999999999941e-05,0.0002990000000000002,0.00027400000000001035
49107,0.006293999999999999,0.0053230000000000005,-0.067839,0.00017800000000000107,0.00020599999999999959,-0.00024299999999999322
54721,0.007375,-0.004004,-0.069024,0.00018400000000000014,-5.300000000000096e-05,-0.0005519999999999969
45960,-0.002327,0.005095,-0.071211,-2.9999999999999645e-06,0.00021400000000000065,-0.00026700000000000335
46251,-0.005909,-0.003238,-0.073901,6.900000000000048e-05,0.00018400000000000014,-0.0002480000000000121
53124,-0.0023769999999999998,0.001149,-0.067039,0.00028299999999999983,0.00015700000000000002,-0.0002819999999999906
49425,-0.001167,0.007152,-0.06371,0.00015200000000000023,7.200000000000002e-05,3.0000000000030003e-06
47145,0.007253999999999999,0.004128,-0.07045799999999999,5.4000000000001096e-05,0.00023500000000000083,-0.0003029999999999977
53278,0.004636,0.007912,-0.074551,0.0001419999999999989,-3.8000000000001574e-05,-0.00014099999999998836
54110,-0.002489,-0.010138,-0.062799,9.89999999999997e-05,-1.3000000000000858e-05,-0.0001890000000000086
55297,0.005326,-0.006561,-0.076644,0.00017299999999999954,8.899999999999967e-05,-0.00028200000000000447
55238,-0.003221,-0.012711,-0.069078,0.00017399999999999968,5.4999999999999494e-05,-6.20000000000065e-05
54425,-0.000347,-0.008172,-0.074869,9.199999999999996e-05,6.500000000000082e-05,-0.0002189999999999831
42524,-0.010078,0.011521,-0.073114,-0.0001239999999999991,0.00014699999999999956,-0.00026600000000000235
53261,0.0148,-0.003443,-0.070464,0.0001999999999999988,8.399999999999987e-05,-0.00037900000000000433
52902,-0.006664,-0.000477,-0.06414700000000001,0.00011499999999999965,0.000227,-0.0002309999999999951
55091,0.016246,0.002016,-0.06846899999999999,-0.00024199999999999916,0.0003510000000000002,-4.700000000001925e-05
54370,-0.00857,0.005016,-0.062974,0.00038799999999999946,0.00017400000000000054,0.0001830000000000026
55450,-0.001038,-0.007134000000000001,-0.068015,0.00037600000000000003,7.100000000000075e-05,-0.0003459999999999991
54387,-0.010637,-0.0022570000000000003,-0.06412699999999999,5.699999999999976e-05,0.0003410000000000004,-0.0002349999999999991
55461,-0.004888,-0.009739000000000001,-0.063796,0.0001590000000000003,-0.00011299999999999852,-1.8999999999991246e-05
54823,-0.004136999999999999,-0.002175,-0.068559,0.00042799999999999913,0.0003089999999999998,-0.0004210000000000047
54709,-0.0015940000000000001,-0.01173,-0.06888899999999999,2.1000000000000185e-05,-9.599999999999886e-05,-0.00020200000000000773
55102,0.008119999999999999,0.010553000000000002,-0.06724899999999999,0.00010600000000000193,-0.0002730000000000024,7.399999999999074e-05
54829,-0.008541,0.013063,-0.061646,5.400000000000023e-05,0.00017900000000000034,3.9999999999970615e-06
47744,-4.4e-05,0.010072,-0.072686,-7.000000000000001e-05,0.0001260000000000011,3.699999999999537e-05
54380,0.000873,0.002068,-0.061994999999999995,-2.999999999999997e-05,-0.00023499999999999997,-5.300000000000443e-05
54808,-0.005248999999999999,-0.002532,-0.06167,7.799999999999908e-05,6.300000000000012e-05,-0.00025499999999999134
55168,0.0005570000000000001,-0.001991,-0.066843,0.0003029999999999999,0.00019900000000000018,-0.0005050000000000054
55225,0.010686999999999999,-0.008855,-0.060452,-0.00020299999999999832,8.000000000001062e-06,-0.00011300000000000199
55489,-0.014539,-0.011499,-0.07136400000000001,1.899999999999992e-05,6.000000000000796e-06,-9.299999999998199e-05
55203,-0.005418,-0.011519999999999999,-0.069373,0.00017,0.00020699999999999885,0.00016800000000000148
52164,0.00109,-0.002291,-0.073328,0.00019000000000000006,0.000258,-0.0005099999999999827
52554,0.010187,0.009672,-0.071479,0.0002360000000000001,4.0000000000000105e-05,-0.0002859999999999946
55229,-0.012596,-0.012727,-0.065557,0.00010600000000000019,0.00014300000000000077,0.0001310000000000061
55094,-0.002528,-0.001778,-0.062328,0.00014100000000000007,0.00014500000000000016,-0.00035899999999999127
54014,0.005931,0.008492000000000001,-0.065903,0.00019200000000000033,0.00016699999999999875,-6.799999999999862e-05
51935,-0.011786,-0.003328,-0.07382,8.99999999999998e-05,0.00010999999999999985,-0.0002420000000000061
55274,-0.009029,0.005039,-0.062375,0.00032800000000000017,0.00022699999999999977,7.800000000000168e-05
42499,-0.001699,-0.0014219999999999999,-0.072262,0.00013900000000000002,0.00026099999999999973,2.000000000002e-06
55448,-0.001123,-0.003915,-0.062746,0.00017200000000000017,0.00011200000000000012,-0.0003620000000000012
55174,0.006437,0.0017410000000000001,-0.060579999999999995,-4.900000000000043e-05,8.699999999999984e-05,-7.400000000001156e-05
53770,0.007744,0.001183,-0.072666,0.00014599999999999943,0.00018900000000000015,-0.0004200000000000037
54853,-0.007112,0.011723,-0.075048,-2.8999999999999512e-05,0.000279999999999999,-0.0001260000000000011
55137,0.005742,0.010417999999999998,-0.06870399999999999,-0.00010500000000000006,-0.00017099999999999928,3.499999999999337e-05
55640,-0.006857,-0.010364,-0.07009399999999999,0.00030100000000000005,4.39999999999989e-05,-4.000000000001225e-05
55254,-0.003109,0.007117,-0.057997,0.00011099999999999955,4.6000000000000034e-05,0.00018800000000000067
55703,-0.003347,-0.003364,-0.065305,7.000000000000018e-05,0.00014699999999999956,-0.0005740000000000051
55216,-0.014898999999999999,0.010686999999999999,-0.07174599999999999,0.0001510000000000001,0.000395000000000003,-0.00016900000000001636
55165,-0.003157,-0.011455,-0.067699,0.00022600000000000007,3.799999999999984e-05,4.299999999998749e-05
50916,0.004372,0.006311,-0.071549,7.600000000000055e-05,7.599999999999968e-05,-0.00038799999999999946
54372,0.011235,-0.005848,-0.06967,0.00021299999999999965,-1.999999999999398e-06,-0.00037800000000000333
53616,0.0030499999999999998,0.004450999999999999,-0.071993,0.00012000000000000031,8.700000000000114e-05,-0.00037500000000000033
49086,0.010598000000000002,0.009307000000000001,-0.069334,4.5999999999999167e-05,-4.200000000000037e-05,-0.00014999999999998348
51522,-0.011000999999999999,0.009898,-0.068438,-3.500000000000031e-05,0.00012700000000000038,-0.00014600000000000724
51485,-0.001952,7e-06,-0.071995,9.999999999999983e-05,0.000324,-0.00026999999999999247
44944,0.012609,0.008372,-0.070532,3.799999999999984e-05,0.0001820000000000016,-0.00016399999999999748
52198,0.003817,-0.008898999999999999,-0.06375399999999999,-8.700000000000027e-05,3.8999999999999105e-05,-2.9000000000015125e-05
50171,0.003868,-0.003991,-0.07362,0.0002500000000000002,0.0001929999999999996,-0.00019999999999999185
54692,-0.0064470000000000005,0.001342,-0.07425100000000001,-7.999999999999934e-05,0.0002189999999999998,-0.0002469999999999972
50138,0.006817999999999999,0.0017250000000000002,-0.068083,-4.399999999999977e-05,-9.200000000000028e-05,-0.00014599999999999336
55440,-0.007509,0.005133,-0.06726,0.00028800000000000006,0.00014899999999999983,5.999999999992123e-06
54119,-0.000883,-0.001286,-0.068718,0.000267,0.0002630000000000002,-0.00036099999999998633
53268,0.0045460000000000006,0.009229,-0.062756,0.000181999999999999,2.1000000000000185e-05,8.800000000000474e-05
55441,-0.006037,0.004537,-0.074725,-3.000000000000398e-06,0.00023999999999999976,-0.00014100000000000223
54748,-0.0023290000000000003,0.0025960000000000002,-0.060863999999999994,0.00017800000000000064,0.0001299999999999999,-0.0003259999999999999
47148,0.002113,0.006215,-0.07493999999999999,0.00020500000000000032,0.00013299999999999944,-0.00038400000000000933
53256,0.008820999999999999,0.010761,-0.06923699999999999,0.00010800000000000046,-0.00023399999999999983,0.0001239999999999991
53927,0.004618000000000001,0.005041,-0.065045,5.099999999999896e-05,7.099999999999988e-05,-0.0001729999999999926
47240,-0.00847,0.006809,-0.06788,-7.599999999999968e-05,8.700000000000027e-05,-0.0001330000000000081
55108,0.01478,0.001093,-0.067177,-0.00024199999999999916,-2.0000000000000486e-06,9.800000000000086e-05
52551,-0.011479,0.008973,-0.066498,4.49999999999999e-05,0.00021099999999999938,0.00010600000000000886
55156,-0.012573,-0.011233,-0.06639700000000001,0.00010899999999999972,8.599999999999927e-05,-0.0003499999999999892
55670,-0.00444,-0.006109,-0.067463,0.000307,0.00020799999999999985,-0.0003630000000000022
53270,-0.008662000000000001,-0.00915,-0.06683199999999999,8.400000000000248e-05,0.000171000000000001,-0.0002540000000000042
55146,0.007333999999999999,-0.004241,-0.074407,0.00022700000000000064,8.5e-05,-0.00018399999999998973
54798,-0.00342,-0.011605,-0.065806,0.00047100000000000006,7.600000000000141e-05,-4.099999999998549e-05
55573,0.008516,0.010053000000000001,-0.059398000000000006,-4.799999999999943e-05,0.0001439999999999983,0.00015000000000001124
55535,-0.016295,-0.008331,-0.074747,0.00023500000000000257,8.799999999999954e-05,-6.799999999999862e-05
51863,0.013205999999999999,-0.009967,-0.070696,0.00012700000000000038,-4.49999999999999e-05,1.8999999999991246e-05
51576,-0.006051999999999999,0.001123,-0.0717,0.0002139999999999989,0.00021699999999999996,-0.00021100000000000285
52251,-0.001052,0.01108,-0.070753,-0.0003200000000000002,8.99999999999998e-05,8.299999999999974e-05
55291,-0.0008259999999999999,0.00045400000000000003,-0.060908000000000004,1.699999999999987e-05,5.000000000000013e-06,-0.00017600000000000254
52545,-0.013185,-0.006595,-0.07459600000000001,0.00013300000000000117,0.0002279999999999999,1.6000000000016e-05
45953,0.014432,-0.0018080000000000001,-0.07277299999999999,9.699999999999986e-05,0.00021700000000000018,-0.0003670000000000062
49472,0.003395,-0.010506999999999999,-0.07149599999999999,0.00013999999999999993,2.8999999999999512e-05,-0.00010800000000001087
54849,-0.011099,-0.004228,-0.060643,0.00010399999999999993,1.7999999999999787e-05,-0.00020799999999999985
54711,0.001196,-0.006346,-0.064744,-9.700000000000008e-05,0.00020000000000000052,-0.0004310000000000008
55694,-0.005509,-0.007176999999999999,-0.061991,-0.0003389999999999999,4.999999999999796e-06,-0.00044700000000000295
54780,-0.00043,-0.0008020000000000001,-0.07346899999999999,-8.000000000000032e-06,0.00020800000000000007,-0.00017700000000001048
50523,0.013977,-0.0020369999999999997,-0.072687,9.99999999999994e-05,0.00013099999999999982,-0.0003459999999999991
55750,0.007162,0.010359,-0.069773,2.0000000000000052e-05,-0.00017099999999999928,0.00019900000000000473
55474,-0.009510999999999999,0.002508,-0.061647,0.00018199999999999814,0.0002460000000000001,7.799999999999474e-05
54359,0.006979,0.005567,-0.074862,0.00014200000000000063,8.99999999999946e-06,-0.0005430000000000018
55559,0.007097,-0.004533000000000001,-0.059239,0.0002409999999999999,0.00017100000000000014,-0.0005729999999999971
52544,0.007432,-0.011192,-0.07209399999999999,0.0002180000000000003,0.0001250000000000001,3.9999999999901226e-06
54762,0.014943,0.008196,-0.067121,0.00010800000000000046,0.00014899999999999983,-0.0001860000000000056
42330,-0.010547,-0.0063230000000000005,-0.073464,0.00032900000000000117,0.00012600000000000024,-0.0002449999999999952
54157,-0.001299,-0.008322,-0.06857899999999999,0.0003669999999999999,0.00010099999999999866,-0.0002580000000000221
55464,-0.006784,-0.0015329999999999999,-0.066234,0.0002890000000000002,0.00038999999999999994,-0.0002430000000000071
53499,0.008357,-0.012230000000000001,-0.06979600000000001,0.00020399999999999932,0.00012600000000000285,6.1000000000005494e-05
55162,0.00026000000000000003,-0.007071,-0.06259300000000001,1.0999999999999996e-05,-8.799999999999954e-05,-0.0002189999999999831
53425,0.008153,-0.010505,-0.063141,-4.000000000000184e-05,2.700000000000098e-05,-5.3999999999998494e-05
54403,-0.00069,0.011966,-0.067133,-0.000276,-0.00011699999999999905,0.00032400000000000484
50937,-0.007718,-0.010352,-0.065964,9.000000000000327e-06,9.999999999999593e-06,-0.0001920000000000116
54455,-0.001915,0.002012,-0.06496299999999999,0.00026100000000000016,0.0001380000000000001,-0.0003500000000000031
55073,-0.000148,0.008485,-0.06982,-4.400000000000001e-05,0.0001260000000000011,-0.00014300000000000423
54084,-0.00115,-0.009997,-0.07086,7.299999999999993e-05,0.0001570000000000009,9.000000000009e-06
54863,0.010975,-0.001138,-0.060753,0.00017200000000000028,0.00015399999999999984,-0.00047399999999999526
55636,0.0016200000000000001,-0.0011240000000000002,-0.062947,-1.4000000000000123e-05,1.7000000000000305e-05,-0.00027699999999999947
55155,-0.007154,0.00034100000000000005,-0.064081,0.0002249999999999995,0.00016699999999999994,-1.000000000001e-06
54041,0.014650999999999999,0.001379,-0.069482,-0.0002009999999999998,0.00017700000000000007,2.5999999999998247e-05
50898,0.012553000000000002,0.00028100000000000005,-0.07119199999999999,0.00015899999999999768,0.00020499999999999994,-0.0003690000000000221
55339,0.006705,0.000232,-0.071514,0.0001879999999999998,0.000129,-0.0002460000000000101
54912,0.005038,0.0013,-0.062367,0.00013699999999999997,0.000214,-0.00016699999999999354
51243,0.013535,-0.000101,-0.07244,4.49999999999999e-05,0.000258,-0.00024399999999999422
54432,-0.010146,-0.0024230000000000002,-0.06426699999999999,9.60000000000006e-05,0.00030900000000000025,-0.00029300000000001547
55106,-0.005725,0.010636,-0.064688,-7.300000000000015e-05,0.00016299999999999995,-3.100000000000325e-05
55538,-0.010907,0.003098,-0.061889,0.00014900000000000156,0.00016700000000000005,0.00013300000000000117
48972,0.006392,-0.006823,-0.06915099999999999,0.00022900000000000004,0.00010999999999999985,5.2999999999997494e-05
55075,-0.004808,-0.001421,-0.07299800000000001,5.400000000000023e-05,0.00024700000000000004,-0.0002459999999999962
53992,-0.00256,-0.00483,-0.071285,2.5000000000000282e-05,4.0000000000000105e-05,-4.600000000000437e-05
52880,-0.003521,0.010901,-0.07310599999999999,-0.0001550000000000002,0.00027300000000000067,-4.100000000001325e-05
50436,-0.004587,0.003887,-0.068603,6.499999999999995e-05,0.00019700000000000013,-0.00020599999999999785
55536,0.013691,-0.004703000000000001,-0.06634999999999999,0.0002749999999999992,-0.0002349999999999991,-0.0003170000000000117
50128,0.00204,0.003121,-0.065648,5.099999999999983e-05,-4.0000000000000105e-05,-0.00025899999999999535
53645,0.00287,0.009201,-0.06547,6.999999999999628e-06,0.00010600000000000019,5.6000000000000494e-05
47399,-0.009859,0.000536,-0.075536,6.199999999999956e-05,0.00012600000000000003,-0.0001729999999999926
55605,-0.009734999999999999,-0.010276,-0.064985,2.199999999999945e-05,5.4999999999999494e-05,-0.00025899999999999535
46872,0.0043879999999999995,0.000768,-0.07270499999999999,0.00020500000000000032,0.00022600000000000007,-0.0001890000000000086
54719,0.000873,0.011130000000000001,-0.071924,-0.00043799999999999997,-7.900000000000094e-05,-8.999999999999286e-05
51562,0.007449,-0.008109,-0.071119,0.00019499999999999986,9.099999999999907e-05,-9.599999999999886e-05
54777,0.005885,-0.005445,-0.07001600000000001,0.0001590000000000003,-8.700000000000027e-05,-0.00030799999999998884
54004,-0.0015229999999999998,0.006136999999999999,-0.063306,0.00018099999999999974,5.500000000000123e-05,2.2000000000008124e-05
53494,-0.00786,-0.00342,-0.07512,-6.899999999999962e-05,0.00010099999999999996,-0.00010599999999999499
48070,-0.012629,0.010962,-0.072066,0.00012599999999999938,0.0001799999999999996,-0.0002849999999999936
45305,-0.010131,0.012595,-0.064511,4.999999999999796e-06,0.00015199999999999936,0.00014900000000001024
54794,0.016306,0.007828,-0.069893,0.00020299999999999832,0.00023699999999999936,-0.0002450000000000091
52962,-0.011835,0.011627,-0.067965,1.6999999999999654e-05,0.00016500000000000022,-0.00021899999999999697
48058,0.004258,0.006522999999999999,-0.06783199999999999,0.00014700000000000043,-3.999999999999924e-05,-0.00011600000000000499
54574,0.012927,0.003833,-0.06448999999999999,-0.00016900000000000075,4.6000000000000034e-05,-2.2000000000008124e-05
53792,-0.001924,-0.000709,-0.06064,0.00011999999999999988,0.000183,-0.00039100000000000246
52169,0.008681,-0.002856,-0.070268,0.00019600000000000173,-1.0000000000000026e-05,-0.0003670000000000062
51162,0.006377,-0.001831,-0.070021,0.00012900000000000064,5.999999999999929e-06,-0.00020900000000000085
54394,0.014761,0.007558,-0.073627,0.0001520000000000011,0.00018400000000000014,-0.00022700000000000498
51704,1.1e-05,0.003093,-0.07322799999999999,1.4999999999999999e-05,5.600000000000006e-05,-0.00023900000000001698
52186,-0.002731,-0.010381,-0.068,0.00023900000000000006,6.499999999999909e-05,-9.900000000000186e-05
54722,0.007898,0.002643,-0.062503,-0.00015300000000000036,-1.0000000000001327e-06,-0.00016700000000000048
47764,0.000902,0.0065,-0.070164,2.9999999999999645e-06,1.7999999999999787e-05,-0.0002489999999999992
55604,0.005514,-0.007282,-0.061639000000000006,-6.199999999999956e-05,0.00021100000000000025,-0.00018499999999999073
55497,0.014509000000000001,0.004339000000000001,-0.06329,-0.00020900000000000085,0.0002029999999999992,-3.0000000000030003e-06
54017,-0.007346,-0.0024790000000000003,-0.06232,4.000000000000531e-06,5.500000000000036e-05,-0.00037800000000000333
54476,-0.002182,-0.010674,-0.07148499999999999,0.00014899999999999983,0.00014699999999999956,-6.30000000000075e-05
52922,0.004699,0.002539,-0.06545699999999999,2.8999999999999512e-05,0.00022099999999999984,-0.00027800000000001435
53936,0.004785,-0.001064,-0.066697,0.00014199999999999977,2.5000000000000066e-05,-0.00020499999999999685
55483,0.002476,-0.005854,-0.075772,0.00010700000000000032,5.099999999999983e-05,-0.00016399999999999748
53620,0.004539,-0.004664,-0.072809,0.00026700000000000074,0.00022599999999999964,-0.00027500000000001135
55181,-0.002042,-0.002095,-0.072423,0.00019899999999999996,0.0002760000000000002,-0.0001290000000000041
15880,-0.002606,0.011121,-0.071565,-0.0002430000000000006,3.399999999999931e-05,8.000000000001062e-05
40196,-0.008974,0.011953,-0.06712399999999999,-3.100000000000151e-05,0.00015899999999999942,-0.0001250000000000001
54785,0.012369,0.007043,-0.066944,0.00012799999999999964,0.00017700000000000007,-0.00010999999999999899
55161,-0.012733000000000001,-0.005596,-0.06387,9.300000000000107e-05,0.00015300000000000036,-0.00010999999999999899
51836,-0.005261,0.009497,-0.073097,7.099999999999988e-05,0.00038199999999999866,-0.0001820000000000016
55584,-0.013304999999999999,0.00735,-0.07115099999999999,0.00016199999999999895,-7.099999999999988e-05,-0.00033100000000001184
52611,-0.011182000000000001,0.010003,-0.073786,3.200000000000078e-05,0.00021100000000000112,-0.0002939999999999887
52596,-0.002963,0.000744,-0.067183,0.00026099999999999995,9.000000000000002e-05,-0.00025699999999999334
54360,-0.004382,0.00488,-0.06949599999999999,0.00020399999999999932,0.00018700000000000053,-0.00017900000000001248
52677,0.004873000000000001,-0.003929,-0.065719,0.00012299999999999985,0.00016100000000000055,-0.00034100000000000796
49092,-0.002549,0.009291,-0.06798,-0.0001550000000000002,0.00010299999999999893,-2.000000000002e-06
55452,-0.008577999999999999,-0.001375,-0.074796,-2.3000000000002185e-05,9.599999999999995e-05,-0.00014799999999999536
55089,-0.008147999999999999,0.006445,-0.062587,7.399999999999941e-05,0.0001899999999999992,-0.0002289999999999931
54824,0.011209,-0.009932999999999999,-0.064929,0.00022699999999999977,0.00011699999999999905,6.1000000000005494e-05
55449,0.015186,0.007441,-0.06832200000000001,0.00016200000000000069,0.00018400000000000014,-0.00010799999999999699
54058,0.0006730000000000001,0.010157,-0.074431,-5.800000000000011e-05,3.900000000000084e-05,-0.00020900000000000085
51554,0.002524,-0.00329,-0.072627,9.599999999999973e-05,0.00019499999999999986,-0.0003470000000000001
52531,0.008180999999999999,-0.000731,-0.06819499999999999,0.00015900000000000115,5.499999999999993e-05,-0.00026600000000000235
54375,0.016526,-0.004360999999999999,-0.071977,8.800000000000127e-05,3.799999999999897e-05,-0.00037700000000000233
54444,0.015561,0.005743000000000001,-0.072828,0.0001399999999999995,0.00028599999999999893,-0.00014000000000000123
54377,0.0031,-0.009538,-0.067201,0.0001780000000000002,-2.2000000000001185e-05,-0.0003110000000000057
48448,-0.013505000000000001,0.00839,-0.06807099999999999,7.200000000000088e-05,0.00012900000000000064,-0.00015000000000001124
47174,0.0029249999999999996,0.004641,-0.067673,9.600000000000017e-05,6.700000000000022e-05,-0.0002899999999999986
54000,0.002882,0.004029,-0.066141,7.099999999999988e-05,8.200000000000048e-05,-0.00025399999999999034
54864,-0.008587999999999998,-0.007129,-0.065384,7.399999999999941e-05,8.399999999999987e-05,-0.00027800000000001435
41620,0.0038740000000000003,0.008178000000000001,-0.068064,-6.300000000000012e-05,-7.400000000000288e-05,-0.00014800000000000924
34833,0.014356,0.005861,-0.0703,9.299999999999933e-05,0.0002500000000000002,-0.00026600000000000235
54845,-0.007873999999999999,-0.005176999999999999,-0.064389,0.00016399999999999922,0.00018899999999999906,-0.0002829999999999916
54735,0.008499000000000001,0.010242000000000001,-0.069573,7.399999999999941e-05,-0.00016100000000000142,-5.9000000000003494e-05
38585,0.013073,-0.012478999999999999,-0.07308100000000001,0.00011399999999999952,-2.6000000000001716e-05,-0.00014399999999999136
47826,0.012282,0.003415,-0.06814,-8.099999999999948e-05,4.0999999999999804e-05,-4.099999999998549e-05
54362,0.007672,0.008725,-0.07037099999999999,9.699999999999986e-05,-9.400000000000033e-05,-0.00016800000000001536
52521,0.014807,0.009336,-0.071762,8.799999999999954e-05,0.00010099999999999866,-0.0002479999999999982
34209,0.003206,0.011226000000000002,-0.06728400000000001,-0.00017200000000000028,-5.600000000000223e-05,-6.699999999998374e-05
40132,-0.002508,0.008487,-0.071237,-4.30000000000005e-05,9.800000000000086e-05,-0.0002570000000000072
54012,0.0008139999999999999,-0.005453,-0.069602,0.0002189999999999999,9.400000000000033e-05,-0.0003369999999999901
53622,-0.006709,0.009245,-0.07567,4.0000000000000105e-05,0.00021900000000000044,-0.00026999999999999247
55154,0.011226000000000002,-0.003935,-0.070994,0.0002979999999999979,1.000000000000046e-05,-0.0002879999999999966
55470,-0.005057000000000001,0.003569,-0.061594,0.00017900000000000034,0.00019399999999999973,-0.00046099999999999614
48761,0.011186,0.004272000000000001,-0.06643399999999999,5.10000000000007e-05,0.00015099999999999923,-9.200000000000874e-05
48738,0.006472,-0.0020139999999999997,-0.06984900000000001,0.0001780000000000002,4.2999999999999636e-05,-0.00020900000000000085
51195,0.0053890000000000006,0.011014,-0.065001,4.999999999999796e-06,-4.000000000000531e-06,0.00020199999999999385
43178,-0.008663,0.010024,-0.0719,-9.799999999999913e-05,0.00010800000000000046,-0.00015800000000000536
51925,0.0031030000000000003,-0.012932,-0.06668500000000001,9.49999999999996e-05,3.7000000000000574e-05,0.00011100000000001387
53608,-0.000433,-0.002112,-0.073193,0.00013900000000000002,0.0001380000000000001,-0.0002480000000000121
53995,-0.00674,0.002907,-0.071333,6.100000000000029e-05,0.0001380000000000001,-0.0001890000000000086
54462,-0.013637999999999999,-0.008202,-0.06744,5.199999999999823e-05,0.00013400000000000044,-0.00032500000000000584
54135,0.00395,0.00827,-0.070062,-3.800000000000071e-05,-0.0001310000000000009,-4.500000000000337e-05
54717,0.00026000000000000003,-0.004505,-0.064638,3.099999999999994e-05,-2.9999999999999645e-05,-0.0005519999999999969
54875,-0.005674,-0.007941,-0.06736199999999999,0.00021000000000000012,0.00017900000000000034,-0.00016400000000001136
54745,0.010946,0.000945,-0.06859699999999999,0.00015400000000000136,0.00014500000000000006,-0.0004060000000000036
55552,-0.0071589999999999996,0.005757,-0.072571,0.0001979999999999994,0.00030100000000000005,-0.0001350000000000101
51499,0.0021869999999999997,-0.008805,-0.06452,-0.0001399999999999995,5.800000000000076e-05,-0.00014300000000000423
54094,-0.01035,0.011145,-0.070647,-7.900000000000094e-05,7.699999999999894e-05,-0.00010299999999999199
50949,-0.000415,0.011453,-0.071415,-0.00035000000000000005,3.300000000000178e-05,1.6000000000002124e-05
55529,-0.010936,0.012201,-0.06734399999999999,0.00010699999999999946,4.200000000000037e-05,-0.0002440000000000081
46792,0.013980000000000001,0.007227,-0.068821,0.00011699999999999905,0.00016799999999999975,-0.0001239999999999991
55502,0.003303,-0.006772,-0.07003,0.00016700000000000005,-8.80000000000004e-05,-0.0003070000000000017
50109,0.005545,0.004131999999999999,-0.069896,8.5e-05,0.0001810000000000006,-0.00020900000000000085
53888,0.00614,-0.007199,-0.06967100000000001,0.00010600000000000106,0.00023999999999999976,1.1999999999998123e-05
55112,-0.009349,0.003271,-0.067748,0.00017,6.700000000000022e-05,-0.00025499999999999134
55183,0.011649,-0.007309,-0.066087,-9.300000000000107e-05,3.500000000000031e-05,-0.0001789999999999986
46162,0.005490999999999999,2e-06,-0.068398,0.0001010000000000004,0.000174,-0.00014500000000000624
55082,0.008237,0.0016870000000000001,-0.062726,-7.799999999999821e-05,-7.700000000000003e-05,-0.00021699999999999497
55504,0.011299,0.0024590000000000002,-0.066768,0.0003499999999999996,0.0001349999999999997,0.0
41004,0.008095000000000001,0.007857,-0.07223099999999999,0.0002479999999999982,-0.00010599999999999932,-4.200000000000037e-05
53279,0.007058,0.004857,-0.063279,-2.2000000000000318e-05,3.000000000000398e-06,-0.00010299999999999199
54129,0.005091,-0.006613000000000001,-0.064607,0.00012199999999999971,5.300000000000096e-05,-0.00019399999999999973
53996,0.005113,-0.000254,-0.071514,0.0002699999999999994,0.000182,-0.00032699999999999396
52591,0.010039999999999999,0.00666,-0.071005,0.00018800000000000067,-9.900000000000013e-05,-0.00015100000000001224
50326,0.008915,0.002378,-0.070756,-1.1999999999998123e-05,-4.49999999999999e-05,-0.00019900000000000473
54361,-0.010332000000000001,0.0037749999999999997,-0.07170399999999999,0.0002970000000000004,0.0001590000000000003,-0.00015000000000001124
54184,0.005777999999999999,0.00529,-0.06949899999999999,0.00011600000000000065,0.00021499999999999905,-0.0003050000000000136
50195,0.005946,-0.010508,-0.073662,0.00018099999999999974,9.900000000000013e-05,-7.899999999999574e-05
55086,-0.0007700000000000001,0.000639,-0.07220399999999999,0.00011000000000000007,0.000246,-6.70000000000115e-05
53653,-0.011039,0.01126,-0.065536,0.00010800000000000046,2.000000000002e-06,-8.800000000000474e-05
52895,0.009394999999999999,0.007825,-0.070534,0.00019000000000000267,-8.400000000000074e-05,-0.0001229999999999981
46517,0.013662,0.0041340000000000005,-0.069741,1.3000000000000858e-05,0.00021799999999999944,-0.00015700000000000436
55523,0.001564,-0.005154,-0.067679,-2.5000000000000066e-05,4.49999999999999e-05,-0.00037500000000000033
33280,0.012361,0.009783,-0.0707,0.00012599999999999938,0.00010899999999999972,-0.0001870000000000066
50829,0.002211,0.005545,-0.069196,7.300000000000015e-05,1.1000000000000593e-05,-0.00021800000000000985
44939,-0.008822,0.007515,-0.072519,5.6000000000000494e-05,0.00016799999999999975,-0.00021899999999999697
55078,0.008257,0.012297,-0.068339,-0.00022199999999999998,-0.0003030000000000012,0.0001290000000000041
53642,0.004811,-0.009893,-0.065508,-1.600000000000039e-05,9.10000000000008e-05,0.0002279999999999921
46488,0.010289,0.002407,-0.071503,-0.00010600000000000019,8.400000000000031e-05,-0.0002600000000000102
53813,0.007994,-0.012625,-0.069375,0.0001370000000000017,0.0001370000000000017,3.600000000000825e-05
55080,-0.003299,-0.006711,-0.069173,0.00031899999999999984,9.400000000000033e-05,-0.00016800000000000148
51559,0.013326000000000001,0.0011619999999999998,-0.071519,-1.3000000000000858e-05,0.00035000000000000027,-0.0002360000000000001
52235,0.010581,-0.010825,-0.07253100000000001,5.999999999999929e-05,2.9999999999998778e-05,-9.899999999998799e-05
53244,-0.005076,0.0022400000000000002,-0.0633,0.0001330000000000003,0.00024499999999999956,-0.00014400000000000523
52278,-0.001984,0.006487,-0.070003,2.0000000000000052e-05,0.00024300000000000103,-0.0002590000000000092
50825,0.005925,0.005039,-0.06786700000000001,0.00025600000000000015,0.00016600000000000035,-0.00025099999999998734
53629,-0.005515,0.008769,-0.070723,-0.00014300000000000077,0.0002360000000000001,-0.0001820000000000016
54190,-0.006477,-0.003211,-0.061188,2.8000000000000247e-05,7.300000000000015e-05,-0.0004970000000000044
50184,0.0024649999999999997,0.001699,-0.072347,0.0002490000000000001,0.00021199999999999995,-0.0002500000000000002
54262,0.014398,0.003621,-0.070514,-0.00013400000000000044,0.00028299999999999983,-9.000000000000674e-05
54793,-0.001572,0.0034750000000000002,-0.069429,1.2000000000000075e-05,0.00021799999999999988,-0.00020799999999999985
50485,-0.009249,0.011286,-0.06953100000000001,-5.10000000000007e-05,6.399999999999982e-05,-0.00019399999999998585
48427,0.0028020000000000002,-0.0005909999999999999,-0.064411,0.00019099999999999976,-0.000138,-0.00014400000000000523
49177,-0.00943,0.002157,-0.071137,0.0001839999999999984,0.00012100000000000001,-0.00013899999999998636
52535,0.005730000000000001,0.00541,-0.06334300000000001,-9.800000000000086e-05,-0.00013299999999999944,-9.099999999999386e-05
54540,0.008218999999999999,0.0038079999999999998,-0.062174,-6.899999999999788e-05,8.200000000000048e-05,-8.199999999999874e-05
55444,0.006356,-0.009274,-0.071155,0.0001879999999999998,6.399999999999809e-05,-7.999999999999674e-05
51844,-0.0070999999999999995,0.005425,-0.06551900000000001,0.00016500000000000022,0.00016299999999999995,0.000127000000000016
53881,0.00481,-0.0014119999999999998,-0.061679000000000005,0.0002620000000000001,0.00011799999999999983,-0.000330999999999991
53611,-0.005901,0.005253,-0.065785,0.0002450000000000004,0.00032000000000000084,8.899999999999186e-05
55233,0.01659,0.000263,-0.064721,-2.2999999999998716e-05,0.000216,-0.0002349999999999991
53638,0.001331,0.008882,-0.06984399999999999,-0.00010599999999999976,4.000000000000531e-06,-5.200000000001037e-05
54834,0.014755,-0.004259000000000001,-0.06740900000000001,0.00016700000000000048,-8.799999999999954e-05,-0.00023299999999998322
55266,0.003373,0.005058,-0.0636,-0.00011099999999999999,0.000183,-0.00030899999999998984
51982,0.0116,-0.011368,-0.072228,0.00015300000000000036,0.00014099999999999877,-0.00010799999999999699
54010,-0.005431,-0.009862,-0.068418,0.00024200000000000003,0.00017099999999999928,8.300000000001362e-05
55528,-0.011827,-0.003382,-0.067434,0.00020300000000000006,9.299999999999977e-05,0.00012099999999999611
50491,0.006673,-0.000691,-0.068863,0.00016600000000000035,2.7000000000000006e-05,-0.00020699999999999885
49603,0.001589,0.005948,-0.069363,3.000000000000008e-05,1.3999999999999256e-05,-0.0002309999999999951
54037,-0.010541,0.001355,-0.07295900000000001,0.00019199999999999946,0.000276,6.30000000000075e-05
55451,-0.011369,0.007448000000000001,-0.069481,-2.0000000000002655e-06,0.00019899999999999952,-3.699999999999537e-05
54381,-0.005581,0.005122,-0.065563,0.0002390000000000005,0.0002890000000000002,-5.000000000000837e-05
54390,-0.004703000000000001,0.009961000000000001,-0.06583199999999999,-0.00013799999999999923,0.00011399999999999778,-0.00011700000000000599
54471,0.009707,0.011661,-0.07005700000000001,-0.0001320000000000019,-0.00024199999999999916,-1.7999999999990246e-05
50476,0.0043879999999999995,0.002274,-0.068552,1.600000000000039e-05,5.799999999999989e-05,-3.0000000000030003e-06
55549,-0.007386,-0.003381,-0.062251,8.100000000000034e-05,0.00010099999999999996,-0.00037700000000000233
46823,0.011846,0.0032370000000000003,-0.069912,-8.500000000000174e-05,-8.80000000000004e-05,-8.399999999998686e-05
48747,0.004942,0.0054139999999999995,-0.068995,0.0002219999999999991,7.000000000000062e-05,-0.0001709999999999906
53000,0.011382999999999999,-0.010414,-0.068753,0.00013500000000000144,1.600000000000039e-05,-5.000000000000837e-05
54633,-0.01506,-0.007437999999999999,-0.06832899999999999,9.10000000000008e-05,0.00014299999999999903,-0.00017000000000000348
55443,-0.007843,0.005933,-0.069397,0.00013299999999999944,0.00021199999999999952,-0.00015500000000000236
51851,-0.012519,0.002778,-0.069336,8.99999999999998e-05,0.00023599999999999966,6.0999999999991616e-05
48749,0.00719,0.0033959999999999997,-0.068064,-1.5000000000000256e-05,0.00013200000000000017,-0.0002430000000000071
46156,-0.009308,0.009044,-0.066865,-4.99999999999997e-05,4.5999999999999167e-05,-0.00010600000000000886
53633,0.006229,-0.007229,-0.067829,0.00012399999999999998,0.00024799999999999996,4.400000000000237e-05
54761,0.00074,-0.005894999999999999,-0.064994,-0.00010399999999999993,0.00010199999999999879,-0.0002469999999999972
49248,0.001704,0.006714,-0.06798799999999999,1.1000000000000159e-05,4.49999999999999e-05,-0.00016599999999999948
53999,-0.006253,0.003257,-0.066478,0.00032499999999999977,0.00023700000000000023,-4.600000000000437e-05
52867,0.003983,0.007098,-0.06860200000000001,-3.900000000000084e-05,-2.4000000000000583e-05,-0.00012599999999998723
54103,-0.006071,-0.009507,-0.06902,0.00016400000000000008,0.00015300000000000036,-6.0000000000004494e-05
49100,-0.000126,-0.010823000000000001,-0.06896200000000001,0.00026000000000000003,0.0001470000000000013,0.00010400000000000686
