Particle,x,y,z,Vx,Vy,Vz
26318,-0.012323,0.007436,-0.072597,0.0,0.0,0.0
26554,-0.000843,-0.000155,-0.07646800000000001,0.0,0.0,0.0
22615,-0.0035099999999999997,0.003468,-0.068892,0.0,0.0,0.0
22632,-0.000621,-0.009568,-0.066666,0.0,0.0,0.0
24826,0.006161,-0.006657,-0.064366,0.0,0.0,0.0
22932,0.009723,0.0076500000000000005,-0.06382,0.0,0.0,0.0
26208,-0.010317,-0.0021190000000000002,-0.061915,0.0,0.0,0.0
23516,-0.003796,0.010306,-0.067694,0.0,0.0,0.0
25749,-0.014943,-0.001358,-0.075426,0.0,0.0,0.0
26426,0.007979,-0.0017729999999999998,-0.059791,0.0,0.0,0.0
25118,-0.007261999999999999,-0.004126,-0.068835,0.0,0.0,0.0
25028,0.014884999999999999,-0.000745,-0.064889,0.0,0.0,0.0
24542,0.013797,-0.001689,-0.06601399999999999,0.0,0.0,0.0
25862,-0.013586,0.011876,-0.067607,0.0,0.0,0.0
26323,-0.00584,0.000843,-0.061505000000000004,0.0,0.0,0.0
9675,0.006642,0.009604,-0.074209,0.0,0.0,0.0
25124,-0.008358,-0.007541,-0.063267,0.0,0.0,0.0
23230,-0.004498,0.007755,-0.063946,0.0,0.0,0.0
19748,-0.0063170000000000006,0.013415,-0.064542,0.0,0.0,0.0
26352,-0.00165,-0.0069619999999999994,-0.061844,0.0,0.0,0.0
26103,0.000847,0.004884,-0.061619999999999994,0.0,0.0,0.0
24922,-0.009423,-0.008921,-0.069994,0.0,0.0,0.0
26025,-0.003713,0.013212999999999999,-0.06636700000000001,0.0,0.0,0.0
24974,0.007617,0.008948000000000001,-0.062212,0.0,0.0,0.0
26342,-0.014570999999999999,0.004479,-0.069455,0.0,0.0,0.0
23657,-0.0025830000000000002,0.009026999999999999,-0.06581000000000001,0.0,0.0,0.0
24951,0.013392,-0.012979,-0.067308,0.0,0.0,0.0
26122,0.017422999999999998,-0.011884,-0.068036,0.0,0.0,0.0
26309,-0.002418,0.011151999999999999,-0.060061,0.0,0.0,0.0
25826,0.008257,0.004344000000000001,-0.060816,0.0,0.0,0.0
26597,-0.0053289999999999995,0.008876,-0.07371,0.0,0.0,0.0
26090,0.004375,-0.006588,-0.059918,0.0,0.0,0.0
20197,0.010683,-0.011286,-0.071909,0.0,0.0,0.0
14131,0.016314,0.00235,-0.072309,0.0,0.0,0.0
26145,0.014112,-0.006086,-0.068668,0.0,0.0,0.0
26524,0.015289,-0.004868,-0.065903,0.0,0.0,0.0
26238,-0.006934999999999999,0.006136999999999999,-0.06645699999999999,0.0,0.0,0.0
19161,-0.015966,-0.005817,-0.07713500000000001,0.0,0.0,0.0
22619,0.001317,-0.002225,-0.07362199999999999,0.0,0.0,0.0
25211,-0.003986,-0.0020859999999999997,-0.074075,0.0,0.0,0.0
25171,0.003307,0.011249,-0.06475700000000001,0.0,0.0,0.0
25116,-0.010024,0.007999,-0.063694,0.0,0.0,0.0
24645,-0.011955,-0.002887,-0.065308,0.0,0.0,0.0
23588,0.002921,0.013042,-0.065826,0.0,0.0,0.0
25861,-0.011276999999999999,0.002542,-0.07194400000000001,0.0,0.0,0.0
26358,-0.016065000000000003,-0.009647000000000001,-0.075777,0.0,0.0,0.0
25434,0.0033450000000000003,-0.010728999999999999,-0.069172,0.0,0.0,0.0
26363,-0.004681,-0.011035,-0.068247,0.0,0.0,0.0
24914,-0.011505000000000001,7.6e-05,-0.063955,0.0,0.0,0.0
26374,-0.013316000000000001,0.006178,-0.069767,0.0,0.0,0.0
25762,0.009919,0.004894999999999999,-0.064359,0.0,0.0,0.0
25713,-0.014591,0.008616,-0.077058,0.0,0.0,0.0
26465,0.016622,-0.009926,-0.06820699999999999,0.0,0.0,0.0
26066,-0.010921,0.001432,-0.069395,0.0,0.0,0.0
25839,0.017655,-0.006634999999999999,-0.06675700000000001,0.0,0.0,0.0
26483,0.003088,0.00934,-0.061828,0.0,0.0,0.0
25814,0.013224999999999999,-0.007031,-0.06585500000000001,0.0,0.0,0.0
26147,-0.00027400000000000005,0.004961999999999999,-0.059103,0.0,0.0,0.0
26518,0.005461000000000001,0.0038650000000000004,-0.06747700000000001,0.0,0.0,0.0
24676,0.01157,0.005136999999999999,-0.075935,0.0,0.0,0.0
24943,0.004278,0.005239,-0.069787,0.0,0.0,0.0
24849,-0.003104,-0.005841,-0.066604,0.0,0.0,0.0
10746,0.005915,0.012356,-0.07366400000000001,0.0,0.0,0.0
26064,-0.008284000000000001,0.010086,-0.068623,0.0,0.0,0.0
17431,-0.00574,0.005158,-0.069858,0.00023399999999999983,0.00014699999999999956,-8.999999999995123e-06
25203,-0.004715,-0.006844,-0.077308,4.99999999999997e-05,3.600000000000044e-05,-4.499999999998949e-05
25715,-0.009635999999999999,0.0031520000000000003,-0.072051,0.0001389999999999985,4.0999999999999804e-05,-2.5999999999998247e-05
26395,-0.007441,0.005298,-0.066031,0.00028099999999999913,0.0003020000000000002,0.0001260000000000011
23611,-0.013435,-0.006201,-0.07112099999999999,0.0001860000000000004,0.00023499999999999997,-0.0001890000000000086
18454,-0.011616,0.002139,-0.06737699999999999,7.099999999999988e-05,0.0002769999999999999,6.999999999993123e-06
26620,-0.0075179999999999995,-0.0034159999999999998,-0.077806,-7.000000000000062e-05,6.199999999999956e-05,1.5999999999988246e-05
23556,-0.001693,-0.007949,-0.074904,0.00016100000000000012,2.1000000000000185e-05,-0.00013499999999999623
23208,0.007069,-0.000104,-0.068351,5.400000000000023e-05,0.00029099999999999997,-0.00022500000000000298
25097,0.006364,0.003352,-0.07458799999999999,0.0001269999999999995,0.00010600000000000019,-0.0003040000000000126
26618,-0.006771,-0.00793,-0.070287,-2.999999999999531e-06,0.0002749999999999992,-6.799999999999862e-05
26715,0.000474,0.00421,-0.07724500000000001,1.4999999999999985e-05,4.6000000000000034e-05,-0.0001689999999999886
18850,-0.005673,0.0006969999999999999,-0.06450499999999999,0.00014700000000000043,0.00013900000000000002,0.0001779999999999976
24565,0.008048,-0.006385,-0.06319,4.000000000000531e-06,0.00011099999999999999,-0.00015400000000000136
26667,-0.004974,-0.007785,-0.06991599999999999,0.00024200000000000003,0.00023000000000000017,-2.9000000000001247e-05
25573,0.009411,-0.007295,-0.067412,0.00017700000000000007,0.0002210000000000007,0.00020699999999999885
26038,-0.005133,0.009955,-0.069802,5.199999999999996e-05,7.699999999999894e-05,-5.3999999999998494e-05
9764,0.014811999999999999,0.001296,-0.071717,7.600000000000141e-05,5.9000000000000025e-05,-9.999999999998899e-05
26522,-0.015005000000000001,-0.006607,-0.07440999999999999,1.700000000000139e-05,3.799999999999984e-05,-0.00011700000000000599
23419,0.002,-0.011496000000000001,-0.06932200000000001,0.00020899999999999998,5.7000000000001494e-05,-0.00017699999999998273
26096,0.003184,0.010795,-0.077666,-0.00012800000000000008,8.99999999999998e-05,-0.00022199999999999998
22654,-0.010406,-0.008237999999999999,-0.07435299999999999,4.799999999999943e-05,0.0001549999999999989,-0.00011400000000001687
26422,0.011033,-0.003729,-0.062213000000000004,-2.099999999999845e-05,0.0002000000000000001,-0.00024300000000000016
26099,0.001471,-0.0015409999999999998,-0.065094,0.00027399999999999994,0.00027899999999999973,1.8999999999991246e-05
26616,0.003054,-0.001966,-0.06649899999999999,0.00021300000000000008,0.0001969999999999999,-0.00021100000000000285
23994,-0.014202,-0.009014,-0.074112,-2.000000000002e-06,0.0003110000000000005,-0.00016099999999999448
26382,-0.008381999999999999,0.006551,-0.072167,0.00013699999999999997,-1.700000000000052e-05,-9.300000000000974e-05
26535,-0.010549,-0.008297,-0.069279,0.00013799999999999923,0.0003320000000000007,-0.0001820000000000016
26369,0.006644,-0.010319,-0.06747,0.00016700000000000048,-2.0000000000002655e-06,9.300000000000974e-05
26404,0.000703,-0.0034860000000000004,-0.075979,2.7000000000000006e-05,7.300000000000058e-05,2.2999999999995246e-05
21951,0.001286,0.01235,-0.070267,-7.200000000000002e-05,0.00019800000000000026,-1.8000000000004124e-05
25181,-0.001818,0.012449,-0.062138,-1.6000000000000172e-05,0.00016900000000000075,-3.299999999999831e-05
24488,-0.003277,0.01276,-0.06645699999999999,-5.9000000000000025e-05,0.00026799999999999914,-5.500000000001337e-05
23585,0.004445999999999999,0.009929,-0.06820399999999999,-2.199999999999945e-05,0.00020500000000000032,-0.000124000000000013
25845,0.010584,0.009205999999999999,-0.067473,-0.00011300000000000025,5.4999999999999494e-05,-0.00010199999999999099
21978,0.0013540000000000002,0.008675,-0.06700199999999999,0.0001429999999999999,0.00022199999999999998,-0.000123000000000012
24602,-0.005838,-0.001497,-0.062196,5.7000000000000627e-05,6.300000000000012e-05,3.0000000000002247e-05
26629,-0.005377,-0.009295999999999999,-0.064702,0.00014699999999999956,0.00014299999999999903,-0.00016900000000000248
25585,0.003303,-0.009984999999999999,-0.062635,4.0999999999999804e-05,0.0002189999999999987,-0.0003000000000000086
24275,-0.0026089999999999998,0.004236,-0.073238,0.00015799999999999972,0.00017100000000000014,0.0001280000000000031
26752,0.010221000000000001,0.009653,-0.06405899999999999,7.599999999999968e-05,0.0002210000000000007,5.1999999999982616e-05
26849,0.015801,0.008173,-0.064944,0.00021200000000000385,0.00015300000000000036,4.699999999999149e-05
26085,-0.009003,0.011612,-0.063363,4.800000000000117e-05,0.0002989999999999989,0.00022500000000000298
26708,0.016951,0.010844,-0.067701,0.0002239999999999985,0.00010000000000000113,-0.00021499999999999297
26181,-0.001538,-0.0027389999999999997,-0.060817,0.00019000000000000006,0.00016699999999999961,0.00010399999999999993
24331,0.013340999999999999,-0.011942,-0.064961,0.0002970000000000004,5.7999999999999025e-05,1.0999999999997123e-05
26788,-0.010955999999999999,0.005685,-0.06742100000000001,0.0002589999999999988,0.0003470000000000001,0.00010400000000002074
26350,0.009282,-0.01242,-0.066331,0.00012199999999999885,0.00019900000000000126,-6.0999999999991616e-05
26219,-0.003294,0.012446,-0.066482,-1.399999999999969e-05,0.0003149999999999993,9.699999999999986e-05
25517,0.017893999999999997,0.008984,-0.069017,5.300000000000096e-05,0.00018299999999999914,-1.000000000001e-06
25789,0.000194,0.005103,-0.07528,4.299999999999999e-05,0.00012100000000000045,-3.399999999999237e-05
25239,-0.011773,-0.004476,-0.075461,-6.799999999999862e-05,1.9999999999999185e-05,-1.0000000000010001e-05
26815,0.0037189999999999996,0.011143,-0.060494,0.00011600000000000022,0.0002760000000000002,0.0003029999999999977
26362,0.016445,-0.005025,-0.073863,-3.0000000000002247e-05,0.00017899999999999947,-0.00010500000000000786
26760,0.0011020000000000001,0.009724,-0.064955,0.0001079999999999998,0.00018500000000000114,-0.0002370000000000011
25876,-0.008576,-0.006142000000000001,-0.060087,4.300000000000137e-05,0.00026700000000000074,-0.00011399999999999605
25205,0.008787000000000001,-7.5e-05,-0.061165,0.00030799999999999925,0.000196,-8.400000000000768e-05
21444,-0.005267,-0.006035,-0.070383,0.00019700000000000013,0.00027700000000000034,-0.0001239999999999991
18819,-0.001941,0.008694,-0.073357,-0.00012100000000000001,5.199999999999996e-05,-7.300000000000362e-05
23072,-0.0070350000000000005,-0.010103,-0.067704,2.8000000000001114e-05,0.00025900000000000055,-2.3999999999996247e-05
25460,-0.005014,-0.0037839999999999996,-0.066559,0.00016199999999999982,0.0001839999999999997,2.3999999999996247e-05
23518,-0.004226,0.012702,-0.07035899999999999,-8.100000000000034e-05,0.00023800000000000036,-0.0001310000000000061
26146,-0.001484,-0.000333,-0.058643,0.00012199999999999993,0.000172,-0.0002950000000000036
25759,0.014599,-0.003786,-0.07468899999999999,-3.500000000000031e-05,-8.999999999999894e-06,-0.00028200000000001835
21161,0.006235,-0.00036199999999999996,-0.073232,-2.0000000000002655e-06,0.00020899999999999996,-8.499999999998786e-05
24511,0.005035,-0.0007880000000000001,-0.073886,-8.600000000000014e-05,0.00021600000000000015,-0.00010600000000000886
26123,-0.001067,-0.0029860000000000004,-0.060625,6.100000000000007e-05,0.00015500000000000062,-0.00018599999999999867
25822,0.000851,0.013304,-0.062061,-6.399999999999993e-05,0.0003170000000000013,-8.000000000001062e-06
22661,0.010669,0.006921999999999999,-0.07682,-0.00017699999999999834,5.500000000000123e-05,-0.00011699999999999211
25856,0.013526999999999999,0.009707,-0.063507,3.100000000000151e-05,0.000281,-8.300000000001362e-05
12914,0.014658,0.0034820000000000003,-0.07352,-9.999999999992654e-07,0.00011099999999999955,-0.00017400000000000748
26817,-0.005123,-0.008672000000000001,-0.071077,2.7000000000000114e-05,0.0002730000000000024,0.00015599999999998948
26854,0.00188,0.003141,-0.060325000000000004,0.00010700000000000011,0.000281,-0.00034899999999999515
26387,-0.012240000000000001,0.000921,-0.072282,6.500000000000082e-05,0.00015099999999999998,-3.0000000000030003e-06
26159,0.010311,0.012853,-0.06408499999999999,2.2999999999998716e-05,0.00024900000000000096,-0.00021400000000001973
26917,-0.002926,0.0038050000000000002,-0.063751,0.00011900000000000018,0.00020999999999999925,0.00021300000000000485
26074,0.000798,-0.008601000000000001,-0.060801,0.00020100000000000012,0.00031100000000000225,-0.00023699999999999416
25093,0.001957,-0.010659,-0.067376,0.00021500000000000035,0.00018400000000000014,-0.0002309999999999951
24975,0.013602,-0.012109,-0.064043,0.000256000000000001,0.0002950000000000001,2.3000000000009124e-05
26678,0.001794,-0.005437,-0.064029,8.99999999999998e-05,0.00011399999999999952,-0.0001659999999999856
26627,-8e-05,-0.011505000000000001,-0.073207,0.000126,0.0002500000000000002,1.4000000000000123e-05
24868,-0.006514,0.009332,-0.075021,-6.100000000000029e-05,3.900000000000084e-05,-7.399999999999074e-05
26343,-0.012211999999999999,-0.00883,-0.0714,0.00010899999999999972,0.00020499999999999859,-0.0001810000000000006
22635,0.0096,-0.011732,-0.068458,0.00015300000000000036,0.00010600000000000019,9.399999999999686e-05
26723,0.010067999999999999,0.0005909999999999999,-0.062301999999999996,0.00020500000000000032,0.00024700000000000004,-0.00022600000000000398
26320,-0.012743,0.012136,-0.073174,4.300000000000137e-05,-1.4999999999999389e-05,-4.899999999999349e-05
25161,-0.00269,0.011098,-0.071323,-0.00012399999999999998,0.00021099999999999938,-8.199999999999874e-05
24528,0.011667,0.010402,-0.070551,3.500000000000031e-05,9.49999999999996e-05,-0.00015199999999999936
27149,0.001471,-0.011922,-0.068076,0.00023599999999999988,0.00015399999999999962,-0.00013799999999999923
26351,-0.002411,0.010086,-0.067976,4.9e-05,0.0002409999999999999,4.599999999999049e-05
26336,-0.004834,0.003411,-0.062109000000000004,2.900000000000038e-05,0.0002700000000000003,5.900000000001043e-05
25282,-0.002421,-0.004477999999999999,-0.067565,0.0001559999999999999,0.00022399999999999937,-5.099999999999549e-05
25541,0.0066630000000000005,-0.008771000000000001,-0.06920699999999999,0.0001399999999999995,0.0001310000000000009,0.00013599999999999723
22340,0.008603,-0.0059240000000000004,-0.065571,5.4999999999999494e-05,5.9000000000000025e-05,-4.499999999998949e-05
25440,0.00833,0.009943,-0.066652,4.49999999999999e-05,0.00014299999999999903,-4.099999999999937e-05
27141,0.006065,-0.001454,-0.07636,-0.00012200000000000058,0.00010300000000000001,-9.399999999999686e-05
26615,-0.00163,-0.004192,-0.06853100000000001,0.0001389999999999998,0.00025900000000000055,5.000000000018878e-06
26981,0.014244999999999999,-0.004041,-0.07307,7.400000000000115e-05,4.100000000000024e-05,-7.700000000000762e-05
24008,0.009894,0.003927,-0.070659,0.00023399999999999983,0.00011400000000000039,-0.00011500000000000399
19554,0.009609999999999999,-0.011009999999999999,-0.06510099999999999,0.00019800000000000026,0.00016199999999999895,0.00013099999999999223
27017,-0.003677,-0.001859,-0.061692,0.00017600000000000037,0.00018500000000000005,-7.300000000000362e-05
27086,0.003578,-0.010643000000000001,-0.077045,0.00013999999999999993,-2.9999999999998778e-05,-0.0001320000000000071
26401,0.004976,-0.010016,-0.061003,6.799999999999948e-05,0.00016400000000000095,-0.00024099999999999816
26075,-0.004784,-0.010225,-0.069085,-0.00010399999999999993,0.00022799999999999904,0.00010399999999999299
26665,0.012706,-0.00532,-0.068051,-4.999999999999796e-06,0.00012600000000000024,6.0000000000004494e-05
25727,-0.000491,0.003564,-0.063926,0.00016199999999999998,0.00038699999999999976,7.499999999999174e-05
26947,0.014735,0.004489,-0.062729,8.400000000000074e-05,0.00021000000000000012,7.999999999994123e-06
27028,0.013262000000000001,-0.007208999999999999,-0.065536,0.00018499999999999767,-3.400000000000104e-05,-0.000126000000000015
26744,-0.01358,-0.012365000000000001,-0.06589700000000001,-3.799999999999984e-05,3.8000000000001574e-05,-0.00015699999999999048
27188,-0.0077350000000000006,-0.002011,-0.060067,-9.999999999999593e-06,6.900000000000027e-05,-0.00016199999999999548
24178,0.000152,-0.010765,-0.073464,0.00010399999999999998,0.0001860000000000004,2.5000000000011124e-05
24283,0.0099,0.004586000000000001,-0.062877,0.00020799999999999985,0.00032199999999999937,-8.699999999998986e-05
26963,-0.009013,-0.008114000000000001,-0.075687,3.5999999999999574e-05,2.3000000000002185e-05,-6.699999999999762e-05
27095,-0.014433,-0.0005899999999999999,-0.06689700000000001,6.300000000000056e-05,0.0003209999999999999,-1.3999999999986246e-05
26926,-0.001889,0.0006540000000000001,-0.068525,9.299999999999998e-05,0.00020699999999999994,6.299999999999362e-05
26941,-0.0035619999999999996,0.007099,-0.073307,3.600000000000001e-05,0.00012000000000000031,2.899999999998737e-05
26971,-0.011772,0.012568,-0.066041,5.4999999999999494e-05,7.200000000000088e-05,-3.100000000000325e-05
26790,0.015471,-0.005247,-0.066479,0.00016799999999999975,2.1000000000000185e-05,-6.499999999999562e-05
25461,0.016776,-0.006307,-0.07593000000000001,-6.499999999999909e-05,7.499999999999955e-05,-9.899999999998799e-05
25365,-0.000191,0.011109,-0.073113,-0.00011300000000000001,8.200000000000048e-05,-9.199999999999486e-05
26883,0.014962999999999999,0.010052,-0.065753,-6.299999999999882e-05,7.799999999999994e-05,1.8000000000004124e-05
25993,0.011783,0.005955,-0.066053,0.0001250000000000001,0.00011299999999999939,-0.00011899999999999411
26819,0.0016719999999999999,0.000902,-0.077208,-6.399999999999982e-05,0.00020600000000000002,-0.00016599999999999948
26385,-0.006181,0.010146,-0.06996,0.00010899999999999972,0.00015399999999999962,-0.0001830000000000026
26014,-0.004498,0.012185,-0.072965,-0.0001579999999999993,0.0001570000000000009,-8.900000000000574e-05
26950,0.008645,-0.011202,-0.062625,3.999999999998796e-06,0.00022599999999999877,-3.599999999999437e-05
24262,-0.013157,0.008041,-0.070887,0.00016399999999999922,6.400000000000156e-05,0.0001280000000000031
26340,-0.001946,0.012207,-0.069655,-9.299999999999998e-05,0.00019699999999999926,-0.00015500000000000236
26977,-0.010841,0.0036379999999999997,-0.058914,4.999999999999796e-06,8.80000000000004e-05,0.0001300000000000051
24398,-0.001542,-0.006475,-0.077129,6.0999999999999856e-05,0.0001479999999999997,-0.00010899999999999799
26682,-0.011282,0.011263,-0.065513,3.400000000000104e-05,0.00010600000000000019,-2.0000000000006124e-05
26420,-0.007039,-0.011776,-0.065498,0.00011499999999999965,0.0001760000000000008,-4.700000000000537e-05
26766,0.010352,-0.0078049999999999994,-0.064939,7.399999999999941e-05,0.000181999999999999,6.0999999999991616e-05
24184,-0.010256,0.0008169999999999999,-0.073515,0.00018899999999999993,3.999999999999989e-06,-3.300000000000525e-05
27040,0.0033380000000000003,-0.010665,-0.074443,6.999999999999975e-05,0.00017199999999999854,-3.700000000000925e-05
25146,0.006372,-0.010587,-0.066756,0.00021700000000000018,8.000000000000021e-05,0.0003520000000000051
27143,-0.001284,0.0034500000000000004,-0.06951,0.00011200000000000012,0.00017399999999999968,0.00011700000000000599
27192,-0.011025,0.000501,-0.077227,8.99999999999998e-05,-3.499999999999998e-05,-0.00016299999999999648
24333,0.000637,-0.004463,-0.064546,0.00020299999999999995,0.00029900000000000065,-0.00011799999999999311
26730,-0.011988,-0.011519999999999999,-0.061802,4.000000000000531e-06,4.799999999999943e-05,-0.00020699999999999885
12819,-0.005834,0.006766,-0.071521,2.1000000000000185e-05,0.00010599999999999932,-1.6000000000002124e-05
24604,-0.008881,0.006320999999999999,-0.058445,7.200000000000088e-05,0.0002260000000000005,2.1999999999994246e-05
26026,0.010406,-0.007643,-0.075529,-6.300000000000056e-05,0.00016599999999999948,-6.199999999999262e-05
24810,-0.007128,0.002271,-0.065221,5.5999999999999626e-05,0.00026099999999999995,2.3000000000009124e-05
16960,-0.007237,0.002926,-0.06631999999999999,0.00015000000000000083,0.0002999999999999999,0.00013799999999998536
23926,-0.007823,0.008099,-0.067157,0.00018699999999999967,0.00011899999999999931,1.9999999999881224e-06
26316,0.00609,0.010874,-0.07203,-0.0002169999999999993,6.199999999999956e-05,-0.000126000000000015
25185,-0.006723,0.000671,-0.063721,5.999999999999929e-06,0.00023999999999999998,0.0001759999999999956
24174,0.0017259999999999999,-0.001916,-0.06596099999999999,0.00021700000000000018,0.00027000000000000006,3.299999999999137e-05
26338,0.00444,-0.003613,-0.07022400000000001,0.00017599999999999907,0.0003129999999999999,-5.8999999999989616e-05
26659,0.008297,0.010798,-0.07387099999999999,-0.00011000000000000072,2.5000000000000716e-05,-0.00021500000000000685
26940,0.007878999999999999,0.009876,-0.063948,0.00012900000000000064,0.0002360000000000001,0.00022700000000000498
27024,-0.0030800000000000003,-0.012766,-0.06726399999999999,0.00026800000000000044,0.0001510000000000001,-0.00019299999999999873
24640,-0.004949,-0.0044610000000000006,-0.066577,0.00016000000000000042,0.00016600000000000035,-4.099999999999937e-05
26812,0.004337,0.0006680000000000001,-0.074502,-8.000000000000021e-05,0.000227,-0.0001320000000000071
25335,-0.009269,0.003927,-0.063205,-4.0000000000000105e-05,0.00032499999999999977,8.999999999999286e-05
25120,0.002876,0.012155,-0.066746,-2.3000000000000017e-05,0.00029799999999999965,3.9999999999901226e-06
24888,-0.00040899999999999997,0.00663,-0.060588,1.4999999999999931e-05,0.00038000000000000013,2.4999999999997247e-05
26195,0.001526,-0.010837,-0.072601,0.00023299999999999992,0.00020400000000000106,-0.00011899999999999411
26256,-0.011897,-0.007320999999999999,-0.06855,0.00010299999999999893,0.00028999999999999946,-0.00016399999999999748
26696,-0.007908,-0.010043,-0.063762,0.00010800000000000046,9.400000000000033e-05,-0.00031799999999999884
25730,0.007903,-0.0067,-0.070377,0.00036399999999999974,0.00015700000000000002,-0.00039800000000000946
26868,0.014316,0.004243,-0.064818,0.00018799999999999893,0.00013099999999999917,-1.9999999999992246e-05
9857,0.003357,0.009762999999999999,-0.073041,-0.00011200000000000012,0.0001510000000000001,-8.800000000000474e-05
22978,-0.004104,0.0074,-0.07133,2.8000000000000247e-05,8.80000000000004e-05,-5.7000000000001494e-05
24769,-0.013843,0.008217,-0.074651,-6.000000000000796e-06,0.00010600000000000019,7.999999999994123e-06
26945,-0.0035800000000000003,-0.012359,-0.066997,0.00021300000000000008,0.00011500000000000052,-0.0001719999999999916
26617,-0.005313,-0.0019190000000000001,-0.074685,9.899999999999926e-05,0.0001640000000000003,5.2999999999997494e-05
25750,-0.004939,0.00933,-0.062483,-1.000000000001e-06,0.00021200000000000038,-0.0001250000000000001
26953,0.003542,0.010304,-0.073086,-0.00013599999999999984,0.00016900000000000075,-0.0001779999999999976
26507,-0.015685,0.008754,-0.076369,-2.8999999999997778e-05,7.200000000000088e-05,-6.999999999993123e-06
26346,-0.015432,-0.00679,-0.075432,3.4999999999998574e-05,0.00022700000000000064,-0.00025799999999999434
23207,0.004561,0.012689,-0.065429,3.899999999999997e-05,0.00032099999999999837,-8.099999999999774e-05
26675,0.0046749999999999995,0.002817,-0.07065300000000001,0.00012100000000000045,0.00033599999999999993,-8.799999999999086e-05
26635,-0.011814999999999999,0.01095,-0.065542,7.299999999999841e-05,2.700000000000098e-05,-4.599999999999049e-05
26454,-0.011167,0.0034950000000000003,-0.075068,7.000000000000062e-05,0.00012199999999999971,-0.00011800000000000699
25201,-0.007776,0.009699,-0.063488,-4.99999999999997e-05,0.0002310000000000003,-5.2999999999997494e-05
26376,-0.004621,-0.00479,-0.075236,-2.0000000000000052e-05,1.4999999999999389e-05,-1.5000000000001124e-05
26643,-0.012657999999999999,-0.011101000000000001,-0.07521,-7.200000000000088e-05,-3.099999999999804e-05,-7.100000000000162e-05
26958,-0.011632,-0.009249,-0.071989,0.0001349999999999997,0.00019899999999999952,-6.799999999999862e-05
27170,0.000641,-0.011349,-0.06425199999999999,0.00013000000000000002,0.0001299999999999999,-0.00020500000000001073
24776,0.004153,-0.002089,-0.068804,8.80000000000004e-05,0.00029200000000000016,-0.00016299999999999648
26613,-0.013906,0.005051,-0.071368,3.099999999999978e-05,4.099999999999937e-05,1.2000000000012001e-05
26039,-0.010072,0.010608000000000001,-0.076182,-4.799999999999943e-05,7.499999999999868e-05,-0.00024299999999999322
26886,-0.009365,-0.002494,-0.070779,-3.100000000000151e-05,0.0001900000000000005,4.599999999999049e-05
26716,0.014817,0.0071200000000000005,-0.074156,-0.00012299999999999985,0.00011299999999999939,-0.0001779999999999976
24652,-0.014025000000000001,-0.007812,-0.072945,8.000000000001062e-06,0.00020400000000000106,-0.000124000000000013
24613,-0.00756,-0.008474,-0.061021,0.00024200000000000003,0.00016900000000000075,-0.0002689999999999984
24686,-0.003427,-0.007265,-0.074584,6.399999999999982e-05,0.00018899999999999993,-8.000000000001062e-05
26191,0.005305,0.006211,-0.061329,0.00010300000000000066,0.0003069999999999991,-4.599999999999743e-05
26315,-0.007227,-0.000957,-0.064107,3.899999999999997e-05,0.00018199999999999998,-0.0002339999999999981
25799,-0.001066,-0.0039310000000000005,-0.066748,9.300000000000009e-05,0.0002600000000000007,-0.00014000000000000123
27075,-0.012656,0.002633,-0.077527,0.00010400000000000166,0.0001389999999999998,6.40000000000085e-05
19924,0.010724000000000001,-0.005813,-0.070529,0.00011599999999999978,2.1000000000000185e-05,1.2999999999985246e-05
22733,0.0052309999999999995,-0.00454,-0.066527,0.0001380000000000001,0.00019700000000000013,-0.0002980000000000066
25180,-0.010637,-0.000789,-0.075871,5.400000000000023e-05,2.099999999999997e-05,1.8999999999991246e-05
25726,0.011096,-0.002741,-0.072862,-2.5000000000000716e-05,4.6000000000000034e-05,-4.900000000000737e-05
26290,0.002494,-0.00011,-0.068855,0.00011599999999999978,0.00037900000000000005,-5.2999999999997494e-05
25797,-0.004019999999999999,0.009895,-0.063065,3.799999999999897e-05,0.0002510000000000012,-0.00023300000000001098
26925,-0.001924,0.010422,-0.070395,-7.900000000000008e-05,0.00017199999999999854,-0.00011400000000000299
24200,-0.006552,0.011708,-0.0733,-8.5e-05,0.0001410000000000005,-0.00015999999999999348
24899,-0.00163,-0.006176999999999999,-0.06872199999999999,0.00013799999999999988,0.0002769999999999986,-9.800000000000086e-05
26119,-0.015574,-0.001478,-0.073355,0.000253999999999999,0.00027499999999999985,-0.00020599999999999785
9845,0.015701,-0.002634,-0.073505,-1.4000000000000123e-05,4.300000000000007e-05,-0.0001260000000000011
25756,-0.006709,-0.007532,-0.065313,0.00021399999999999978,0.00010699999999999946,-3.699999999999537e-05
24819,0.004522,-0.012128,-0.068323,0.0002509999999999995,2.6999999999999247e-05,-0.0002420000000000061
26626,-0.01107,0.001528,-0.073057,0.00014199999999999977,5.600000000000006e-05,-0.00014600000000000724
26669,0.015104,0.000146,-0.06525,6.800000000000209e-05,0.00011600000000000003,5.2999999999997494e-05
23704,0.012794999999999999,0.006312,-0.064185,0.000197000000000001,0.0003309999999999997,-1.1999999999998123e-05
25543,0.003299,-0.0032839999999999996,-0.060548000000000005,0.00011200000000000012,0.00024299999999999973,-4.899999999999349e-05
25723,0.009093,-0.012074,-0.066676,0.0001739999999999988,0.00018299999999999914,6.799999999999862e-05
24265,0.012448,0.010736,-0.068243,-0.00010300000000000066,-1.600000000000039e-05,-5.8000000000002494e-05
26541,0.006462,-0.009862,-0.065438,0.00016000000000000042,0.00014099999999999877,-4.400000000000237e-05
26827,-0.002706,-0.001822,-0.06861700000000001,-2.0000000000000052e-05,0.00020300000000000006,4.000000000001225e-05
26684,0.001438,0.011872,-0.073777,-0.00017700000000000007,8.5e-05,-9.200000000000874e-05
26846,0.012704,-0.00437,-0.06589300000000001,0.0001470000000000013,3.099999999999891e-05,-1.6999999999989246e-05
26190,0.013518,-0.004253,-0.06459999999999999,0.00017799999999999934,0.00014199999999999977,-0.0001960000000000156
25164,-0.0059960000000000005,-0.00121,-0.075298,8.000000000000194e-06,0.000147,-1.8999999999991246e-05
26083,0.011581,0.008485,-0.066348,-9.000000000000327e-06,0.0001320000000000019,-3.299999999999137e-05
27072,0.016085000000000002,-0.007129,-0.063006,0.00018399999999999667,0.00032999999999999956,-0.00020999999999998797
26934,0.001668,-0.009112,-0.06847400000000001,0.00011299999999999982,0.00014000000000000123,-0.0002839999999999926
22669,0.012305,0.004254,-0.073774,3.999999999998796e-06,0.00019699999999999926,-9.900000000000186e-05
23530,0.008101,-0.008506,-0.06448699999999999,2.3999999999999716e-05,0.0001899999999999992,-1.1000000000011001e-05
20092,0.002061,-0.001972,-0.07276,0.00010900000000000016,0.0001929999999999998,-3.599999999999437e-05
18789,0.01143,0.0019590000000000002,-0.067324,7.000000000000062e-05,6.599999999999965e-05,-0.0001850000000000046
26035,0.005117,0.008211,-0.061323,6.799999999999948e-05,0.00033000000000000043,-7.999999999999674e-05
26851,-0.000962,-0.0012909999999999998,-0.070922,0.000143,0.00026099999999999973,0.00015199999999999936
26128,-0.0062510000000000005,0.011071,-0.06937099999999999,8.600000000000014e-05,0.0001470000000000013,-7.500000000000562e-05
26673,-0.011945,0.012033,-0.066947,7.200000000000088e-05,9.400000000000033e-05,-3.199999999999037e-05
26959,-0.004477,-0.009025,-0.060211,8.700000000000027e-05,0.0002500000000000002,9.299999999999586e-05
26151,0.012025000000000001,0.007582,-0.064268,0.0001849999999999994,0.0003169999999999996,-0.00010299999999999199
27090,-0.0064210000000000005,-0.008128,-0.07491500000000001,8.200000000000048e-05,3.400000000000104e-05,-3.899999999998349e-05
26984,0.013609,-4e-05,-0.058893,0.00014899999999999983,0.000187,-0.0002339999999999981
20807,0.004949,-0.002036,-0.06871200000000001,9.099999999999994e-05,0.000312,-0.00014899999999999636
26018,-0.003299,0.0059770000000000005,-0.06965,0.00014499999999999973,0.00016399999999999922,-3.099999999998937e-05
17183,0.00151,0.0015940000000000001,-0.066172,0.00027899999999999995,0.00028799999999999984,0.00011399999999998911
23206,-5.1e-05,0.012013999999999999,-0.065026,3.8e-05,0.00018800000000000067,-0.00014200000000000323
26929,-0.013848000000000001,0.010717,-0.07438800000000001,1.700000000000139e-05,7.499999999999868e-05,-8.699999999998986e-05
19195,-0.002576,-0.002745,-0.07391400000000001,7.200000000000002e-05,0.0001550000000000002,-6.999999999993123e-06
26761,-0.004876999999999999,-0.009016,-0.068708,-3.800000000000071e-05,0.00022400000000000024,1.0999999999997123e-05
26720,-0.014054,0.010243,-0.067702,7.300000000000015e-05,7.700000000000068e-05,8.999999999995123e-06
23992,0.000517,-0.0017230000000000001,-0.073152,2.3000000000000017e-05,0.00014900000000000004,7.200000000000262e-05
26949,0.010742000000000002,0.010477,-0.064201,-5.10000000000007e-05,0.00016099999999999969,0.00019299999999999873
22651,-0.005395,-0.004444,-0.06597199999999999,0.00020599999999999959,0.00020799999999999985,2.499999999998337e-05
27068,-0.007404,-0.003693,-0.06820699999999999,-1.0999999999999725e-05,0.00014300000000000033,-8.000000000001062e-05
24497,0.001981,0.00683,-0.061747,0.000183,0.00026099999999999995,-2.9999999999960614e-06
23825,-0.010648999999999999,-0.003111,-0.06995699999999999,1.1999999999998123e-05,0.00012600000000000024,0.00012099999999999611
25542,-0.015513,0.0059960000000000005,-0.070701,4.0000000000000105e-05,5.999999999999062e-06,3.500000000000725e-05
24232,-0.009727,0.010323,-0.06568600000000001,-3.0000000000012655e-06,0.00011099999999999825,-5.7999999999988616e-05
25293,-0.013500999999999999,0.0065910000000000005,-0.064589,5.899999999999829e-05,0.0002299999999999993,0.00015999999999999348
26184,-0.013999000000000001,-0.000376,-0.067238,9.10000000000008e-05,0.000356,-5.8000000000002494e-05
27123,-0.013974,-0.00977,-0.074574,-4.200000000000037e-05,0.0002950000000000001,-2.2000000000008124e-05
25490,-0.011798999999999999,0.004537,-0.062113999999999996,7.399999999999941e-05,0.0002919999999999997,5.6999999999994555e-05
26993,-0.012138,-0.005743000000000001,-0.063404,7.000000000000062e-06,0.00015600000000000076,-0.00026600000000000235
26353,0.005984,0.001158,-0.067917,-1.700000000000052e-05,0.0003080000000000001,-0.0002219999999999861
26460,-0.004207,-0.003242,-0.062719,2.499999999999985e-05,0.00016800000000000018,-5.7000000000001494e-05
25740,0.012762,-0.0027010000000000003,-0.062254,8.299999999999974e-05,0.00021600000000000048,-3.999999999999837e-05
25425,-0.0070090000000000005,0.006715,-0.061796,4.7000000000001034e-05,0.00024000000000000063,3.999999999999837e-05
24687,-0.004179,0.0025009999999999998,-0.073655,9.900000000000013e-05,0.00014500000000000016,-5.100000000000937e-05
25733,0.011412,0.001171,-0.063374,7.199999999999915e-05,0.000271,-5.7000000000001494e-05
24190,-0.006158,0.000994,-0.07152,9.30000000000002e-05,7.799999999999994e-05,1.8000000000004124e-05
24807,-0.00438,-0.001468,-0.067184,0.0002009999999999998,0.00019300000000000003,1.7999999999990246e-05
26979,-0.009186999999999999,0.010111,-0.074995,-0.00013000000000000164,0.0001499999999999991,-1.9999999999992246e-05
23231,0.008176000000000001,-0.004621,-0.074796,-8.200000000000221e-05,6.199999999999956e-05,-0.00014399999999999136
21792,0.006679999999999999,0.010879,-0.073969,-0.0002189999999999987,3.099999999999978e-05,-0.00020900000000000085
21348,-0.001479,0.009397,-0.073884,-0.00011300000000000004,9.49999999999996e-05,-0.00014799999999999536
22791,0.003741,-0.008327,-0.06652899999999999,0.00014100000000000007,0.0002149999999999999,-0.0001870000000000066
24278,0.007871000000000001,0.007246000000000001,-0.07275100000000001,-7.100000000000162e-05,1.6999999999998787e-05,-0.00014599999999999336
26341,7.6e-05,-0.006086,-0.062945,0.00013,0.00011300000000000025,-0.0001779999999999976
13741,0.009928000000000001,0.0024820000000000003,-0.071801,0.00011399999999999952,0.00014100000000000007,-0.0002219999999999861
26389,0.006104,-0.008072,-0.06409999999999999,-0.00018200000000000074,0.00011199999999999925,-5.400000000001237e-05
26931,-0.008512,0.002934,-0.073718,7.399999999999941e-05,9.000000000000024e-05,-0.0001250000000000001
26333,-0.0043760000000000005,-0.002839,-0.063996,4.999999999999796e-06,0.0002570000000000003,-0.00016900000000000248
20098,0.011413,0.000803,-0.066371,8.000000000000021e-05,0.00022500000000000005,-0.00011700000000000599
26072,-0.009212,0.006313,-0.073485,5.199999999999996e-05,3.899999999999997e-05,7.699999999999374e-05
26046,-0.002876,-0.000883,-0.064441,4.40000000000002e-05,0.00023099999999999998,-0.00014000000000000123
27161,-0.003002,0.006033,-0.07197100000000001,7.99999999999976e-06,0.00015700000000000002,9.700000000001374e-05
24608,0.001029,0.011066000000000001,-0.071244,-7.999999999999978e-06,0.00019299999999999873,-5.7000000000001494e-05
27033,-0.004320999999999999,-0.008762,-0.074409,0.000253999999999999,0.0002149999999999999,-3.099999999998937e-05
19530,-0.013967,-0.003356,-0.068729,-1.0999999999998858e-05,0.00024799999999999996,1.9999999999881224e-06
25476,0.007016,0.008652,-0.063979,3.099999999999978e-05,0.0002909999999999996,-7.100000000000162e-05
17116,0.00877,0.001107,-0.07012099999999999,0.00014300000000000077,0.0002670000000000001,-0.00018100000000001448
22400,-0.0039,-0.007817000000000001,-0.067753,0.00020199999999999992,0.0002470000000000007,-0.00014900000000001024
26695,-0.013815,-0.012423,-0.070765,-0.00011200000000000099,0.0002889999999999993,-3.799999999999637e-05
26089,-0.00173,-0.011538999999999999,-0.064816,0.00014999999999999996,0.000168999999999999,-0.00022700000000000498
21713,-0.009432000000000001,0.011896,-0.06851,0.00010600000000000019,8.299999999999974e-05,-0.00013699999999999823
26394,0.002785,-0.009512,-0.06293800000000001,3.399999999999974e-05,0.00018899999999999993,-0.0002779999999999866
26650,-0.010058,-0.004928,-0.074397,-6.900000000000135e-05,0.00016500000000000022,-8.999999999995123e-06
23045,-0.002246,-0.0026019999999999997,-0.07031799999999999,-1.5999999999999955e-05,0.00019999999999999966,0.00014399999999999136
25734,-0.013583999999999999,0.0060869999999999995,-0.067766,4.39999999999989e-05,4.200000000000037e-05,2.2000000000008124e-05
26094,0.009615,-0.002594,-0.06251,0.0002199999999999997,0.0002199999999999997,-0.0001930000000000126
19425,-0.0058330000000000005,0.000219,-0.06779,0.00011400000000000039,0.000286,2.3999999999996247e-05
25903,0.016536000000000002,-0.011576000000000001,-0.068285,0.00014099999999999877,9.70000000000016e-05,2.6999999999999247e-05
25515,-0.007473,-0.000919,-0.061438,9.999999999999593e-06,9.000000000000002e-05,-8.800000000000474e-05
26889,0.001535,0.004585,-0.074324,0.00014400000000000025,0.0002149999999999999,-0.00013099999999999223
18437,-0.010765,0.007769,-0.068946,0.00013799999999999923,-2.999999999999531e-06,1.9999999999992246e-05
27002,-0.004496000000000001,0.0014750000000000002,-0.074958,0.00011800000000000092,0.00010199999999999988,-1.0999999999997123e-05
26633,0.0059169999999999995,0.008124000000000001,-0.06342199999999999,7.600000000000055e-05,0.00035799999999999894,-5.300000000001137e-05
16500,0.018008,0.003692,-0.071198,2.5000000000000716e-05,9.30000000000002e-05,-1.4000000000000123e-05
27036,0.0023769999999999998,-0.012286,-0.07161100000000001,0.0001950000000000003,0.00018799999999999893,-0.0001729999999999926
25791,0.00023,-0.003337,-0.060829999999999995,0.00010400000000000003,0.0001250000000000001,-2.1000000000007124e-05
26938,-0.0008060000000000001,0.002593,-0.075006,7.300000000000004e-05,0.00017200000000000028,-5.7000000000001494e-05
25486,0.000389,-0.011023,-0.069498,0.0002149999999999999,0.0001449999999999993,-0.00021899999999999697
25941,-0.007596,0.006123,-0.06775400000000001,0.0001280000000000005,0.00015200000000000023,-7.299999999998974e-05
26329,-0.015608,0.0075780000000000005,-0.074459,2.8000000000000247e-05,0.00010199999999999879,2.4999999999997247e-05
24590,0.000106,0.009165,-0.073531,-0.000124,4.099999999999937e-05,-0.0001270000000000021
22917,-0.00419,0.011268,-0.072377,-9.30000000000002e-05,0.00019899999999999952,-5.300000000001137e-05
21957,-0.005105,-0.000447,-0.070107,0.0,0.00027500000000000007,-6.0000000000004494e-05
25724,-0.002458,0.005821,-0.074296,9.000000000000327e-06,0.00012000000000000031,-0.00016199999999999548
19334,0.009866,0.003693,-0.069013,0.00016599999999999948,0.0001839999999999997,-0.00021999999999999797
26416,0.007383,0.008545,-0.073423,-0.00010599999999999932,0.0001499999999999991,-0.00014799999999999536
24910,0.005705,0.004788000000000001,-0.064866,0.0003709999999999998,0.00024200000000000003,1.9000000000005124e-05
24598,0.015582,0.011295,-0.073101,-8.800000000000127e-05,0.00011800000000000005,-0.00012000000000000899
25366,0.001603,-0.006888,-0.066565,0.00017700000000000007,0.00021000000000000012,-0.0003080000000000027
24240,0.000422,0.006033,-0.066341,5.499999999999998e-05,0.0003629999999999996,-3.500000000000725e-05
19852,-0.004842,0.001578,-0.062023,7.200000000000002e-05,0.00019399999999999995,0.00010100000000000386
24492,0.0019399999999999999,0.009958999999999999,-0.069025,-1.699999999999987e-05,0.0002409999999999999,-7.100000000000162e-05
23600,0.014244999999999999,-0.001258,-0.072169,2.8000000000000247e-05,4.100000000000002e-05,-0.0001250000000000001
19079,-0.003315,-0.0010400000000000001,-0.070597,0.00011399999999999995,0.00018900000000000015,-6.80000000000125e-05
27011,0.002008,-0.008421,-0.061584,0.00016200000000000025,0.000194999999999999,-0.0003009999999999957
26325,0.014009,-0.0061660000000000005,-0.067131,0.0001389999999999985,8.600000000000014e-05,0.00015600000000000336
27010,-0.015535,-0.003267,-0.072309,-8.700000000000027e-05,0.00016700000000000005,-5.3999999999998494e-05
24562,-0.009392,0.00349,-0.075392,0.00010799999999999872,4.100000000000024e-05,-1.4000000000000123e-05
27053,0.018367,0.010538,-0.071985,1.9999999999999185e-05,0.00012099999999999958,-2.9000000000001247e-05
26652,0.002357,-0.01287,-0.06947400000000001,0.00022699999999999977,9.49999999999996e-05,-0.00026299999999998547
26321,0.002401,-0.011933,-0.06865,0.00025100000000000035,0.00016099999999999969,-0.00025999999999999635
17753,0.013603,0.005135,-0.07478499999999999,7.999999999999327e-06,2.5000000000000716e-05,-0.00011700000000000599
26366,-0.008567,0.0076,-0.073634,6.000000000000796e-06,0.00012299999999999985,-3.100000000000325e-05
27009,-0.001738,0.005692,-0.071957,3.6999999999999924e-05,0.00021000000000000012,6.199999999999262e-05
25122,0.008557,-0.008387,-0.06561,0.0001250000000000001,0.00012200000000000058,9.499999999999786e-05
12758,0.009162,0.001682,-0.070438,0.00013699999999999997,0.00023900000000000006,-0.00015700000000000436
23827,0.0018919999999999998,0.00368,-0.070198,5.700000000000019e-05,0.00027699999999999947,-0.00010700000000000986
24547,-0.007201,0.00598,-0.07037,0.0002509999999999995,0.00010999999999999985,-0.00011099999999998611
20732,0.010005,0.00615,-0.068235,0.00017599999999999907,0.00013599999999999984,-2.1999999999994246e-05
23552,-0.012202999999999999,-0.0013460000000000002,-0.074272,-7.0000000000017965e-06,6.400000000000025e-05,-9.599999999998499e-05
24520,0.014218,0.010776999999999998,-0.0693,-6.600000000000009e-05,0.0001480000000000023,-6.699999999999762e-05
27198,-0.015693,-0.002184,-0.072874,9.199999999999833e-05,0.0002630000000000002,-0.00014000000000000123
26231,0.003019,0.007878999999999999,-0.064221,0.00015899999999999985,0.00023600000000000183,-4.999999999999449e-05
26928,0.003225,0.006613000000000001,-0.065574,0.0001250000000000001,0.0002979999999999988,-0.00015800000000000536
23911,0.006789,-0.007508,-0.066903,0.0003180000000000006,8.99999999999998e-05,-1.7000000000003124e-05
21350,-0.008279,0.008984,-0.06423000000000001,2.599999999999998e-05,0.00023799999999999863,-2.9999999999891225e-06
26451,0.011622,0.010876,-0.065281,-0.0001470000000000013,0.00011700000000000078,-5.1999999999996493e-05
25231,-0.003018,-0.001443,-0.06333899999999999,0.00010699999999999989,9.099999999999994e-05,-0.00017100000000000448
24911,-0.01319,0.012725,-0.066741,5.800000000000076e-05,3.199999999999904e-05,5.999999999992123e-06
24306,-0.003377,0.00023899999999999998,-0.074009,2.999999999999531e-06,0.000193,-8.299999999999974e-05
26050,0.00428,-0.005926,-0.07336100000000001,-2.8000000000000247e-05,0.00022099999999999984,5.9000000000003494e-05
20713,-0.002883,-0.000127,-0.069357,8.099999999999991e-05,0.00014199999999999998,5.100000000000937e-05
25457,0.0034,-0.010996,-0.06763899999999999,0.00022000000000000014,6.700000000000109e-05,-0.00020799999999999985
26512,-0.014558999999999999,0.001454,-0.06753100000000001,9.89999999999984e-05,0.0003749999999999999,-0.00020999999999998797
25510,-0.0022010000000000003,0.000883,-0.064456,0.00017900000000000034,0.00015099999999999998,8.299999999999974e-05
27001,0.0053,2.5e-05,-0.062741,0.00020799999999999985,0.00018499999999999997,-0.00021200000000000385
27183,0.012679000000000001,0.009114,-0.07253,-8.900000000000054e-05,-7.000000000000062e-05,-0.00017600000000000948
27213,-0.005324,0.003528,-0.065844,0.00010600000000000019,0.0001749999999999998,7.100000000000162e-05
21665,-0.007906,0.000509,-0.06604399999999999,3.399999999999931e-05,0.00017700000000000007,7.399999999999074e-05
24408,0.009639,0.00092,-0.070759,0.00023699999999999936,0.0002930000000000001,-0.00019299999999999873
26357,0.011656000000000001,-0.006053,-0.07096899999999999,7.599999999999794e-05,8.6000000000001e-05,2.899999999998737e-05
23940,0.011053,-0.0036309999999999997,-0.065256,3.900000000000084e-05,0.0001299999999999999,6.999999999993123e-06
25123,-0.001519,-0.003522,-0.073161,3.599999999999979e-05,0.00019499999999999986,-1.8000000000004124e-05
27105,-0.014164999999999999,-0.01026,-0.069021,0.0001339999999999987,0.0002409999999999999,-3.100000000000325e-05
26980,0.015968,-0.008974,-0.07095900000000001,3.799999999999984e-05,9.699999999999813e-05,1.7000000000017e-05
26121,-0.010047,-0.012142,-0.067949,-4.0000000000000105e-05,0.0003049999999999997,8.999999999995123e-06
25424,-0.005176999999999999,0.009618999999999999,-0.06399,6.399999999999895e-05,0.00026400000000000035,-4.199999999998649e-05
27047,-0.0052380000000000005,-0.0007970000000000001,-0.075299,3.600000000000044e-05,0.00015500000000000008,-5.6000000000000494e-05
26457,-0.008093999999999999,0.000513,-0.07225,0.00012599999999999938,-6.300000000000001e-05,4.300000000000137e-05
24381,-0.013906,-0.001234,-0.066056,-8.999999999998592e-06,0.0002620000000000001,1.2000000000012001e-05
15103,0.005961999999999999,0.004697,-0.071539,1.700000000000052e-05,0.0001749999999999998,-0.00017999999999998573
20748,0.015792999999999998,0.009534,-0.070264,7.000000000003531e-06,0.00011899999999999931,-0.0001280000000000031
25524,0.006863,-0.0074340000000000005,-0.06439700000000001,3.199999999999904e-05,5.900000000000089e-05,-6.599999999998274e-05
26621,-0.002748,0.004956,-0.063771,0.00014800000000000013,0.0002710000000000004,0.00019899999999999085
26836,-0.008756,0.010566,-0.063917,-1.0999999999998858e-05,0.00027299999999999894,-2.6999999999999247e-05
22383,-0.000997,-0.0054459999999999995,-0.063986,0.00015900000000000007,0.00023599999999999923,3.0000000000030003e-06
27025,-0.013537,0.011537,-0.06576800000000001,7.200000000000088e-05,9.99999999999994e-05,4.200000000001425e-05
27032,-0.0061600000000000005,-0.007441,-0.060259,8.300000000000061e-05,0.00025799999999999955,-7.900000000000268e-05
23221,0.002663,-0.005197,-0.066658,0.00017699999999999964,0.00025400000000000075,-0.0003060000000000007
22321,0.008819,-0.003362,-0.070976,0.0001789999999999986,0.00013299999999999987,-7.200000000000262e-05
25803,0.013497,0.0043230000000000005,-0.065771,0.00021099999999999938,0.0001499999999999991,-7.000000000000062e-05
26016,-0.0019690000000000003,0.0010229999999999998,-0.07509,9.900000000000013e-05,0.00010700000000000011,-3.300000000000525e-05
25141,0.012448,-7.9e-05,-0.07156900000000001,1.9999999999999185e-05,0.00010999999999999999,-0.00015599999999998948
20960,-0.007781,0.010813000000000001,-0.070899,4.8999999999999565e-05,0.0001549999999999989,-0.00013299999999999423
24875,0.001053,-0.004887,-0.07118300000000001,6.400000000000004e-05,0.00023699999999999936,-0.00018599999999999173
23852,-0.006059999999999999,-0.004681,-0.072535,0.00024200000000000003,0.00021000000000000012,-2.1999999999994246e-05
26326,-0.000875,0.002075,-0.07188800000000001,0.00016200000000000003,0.0002360000000000001,3.500000000000725e-05
26653,-0.005643,-0.008386,-0.071624,6.399999999999982e-05,0.0003049999999999997,0.00014099999999998836
25576,0.0054139999999999995,-0.011002000000000001,-0.06659699999999999,0.00015700000000000002,0.0002520000000000022,-0.00016700000000000048
26130,0.016319,-0.001322,-0.066826,6.300000000000056e-05,0.00015700000000000002,-7.000000000007001e-06
23839,0.006869,0.000733,-0.067842,1.599999999999952e-05,0.0002629999999999999,-0.00028400000000000647
25611,-0.004154,0.004951,-0.066395,6.299999999999969e-05,0.00025799999999999955,3.199999999999037e-05
26402,0.006665,-0.011312,-0.065297,0.0002360000000000001,7.199999999999915e-05,0.00022099999999999898
24504,-0.008265,0.011209,-0.07004300000000001,2.499999999999898e-05,0.00011599999999999978,-0.00012299999999998423
27089,-0.013329,0.006295,-0.069573,4.900000000000043e-05,-1.700000000000052e-05,5.6000000000000494e-05
23546,0.012010999999999999,-0.002114,-0.06922400000000001,8.000000000000021e-05,0.0001969999999999999,3.700000000000925e-05
23836,-0.0014219999999999999,-0.009016999999999999,-0.064875,0.00010499999999999984,0.0001549999999999989,-9.299999999999586e-05
20149,-0.005763,0.007109,-0.068927,-7.000000000000062e-06,0.00018099999999999974,2.000000000002e-06
26092,0.001232,-0.004261999999999999,-0.062433999999999996,0.00012399999999999998,0.00020599999999999959,-0.00017800000000000454
16248,0.005707,0.007058,-0.075815,-7.300000000000015e-05,-1.899999999999992e-05,-9.900000000000186e-05
27058,0.006011,0.001214,-0.06649899999999999,3.800000000000071e-05,0.00019799999999999983,-0.00022400000000001585
18076,-0.007152,0.006528,-0.072206,0.00014700000000000043,-2.0000000000002655e-06,-8.899999999999186e-05
18073,-0.001574,0.004404,-0.064806,0.0001510000000000001,0.00032899999999999943,0.00015099999999999836
23614,0.011852999999999999,-0.000257,-0.073593,-8.099999999999948e-05,-1.7000000000000034e-05,-1.8999999999991246e-05
26024,-0.009080999999999999,-0.00822,-0.06779500000000001,-1.3000000000000858e-05,0.0002500000000000002,-1.7999999999990246e-05
25722,-0.002437,-0.000517,-0.06467,0.0001839999999999997,0.000205,-2.1999999999994246e-05
26698,-0.013142,-0.012071,-0.07091599999999999,-5.000000000000143e-05,0.00020500000000000032,-0.00021300000000001873
22923,0.0019219999999999999,0.004315,-0.06593600000000001,8.299999999999996e-05,0.0002950000000000001,9.500000000001174e-05
23584,0.004900000000000001,0.009002000000000001,-0.06570699999999999,0.00013599999999999897,0.0002649999999999979,-5.300000000001137e-05
25561,-0.013330999999999999,-0.007356,-0.072461,0.00011699999999999905,0.00014099999999999963,-6.199999999999262e-05
26768,-0.00363,-0.002206,-0.066295,0.00010299999999999979,0.000273,-3.999999999998449e-05
13640,0.015051,0.010131,-0.073636,1.0999999999998858e-05,0.00014000000000000123,-0.00016000000000000736
24552,0.006162,0.005337,-0.07156,-8.000000000000194e-06,0.00013400000000000044,-3.600000000000825e-05
24373,-0.015598,0.0021469999999999996,-0.073365,-4.29999999999979e-05,0.00018300000000000044,-0.00027199999999999447
19423,-0.006026,0.009773,-0.063995,1.000000000000046e-05,0.00021299999999999965,-4.099999999999937e-05
26060,0.000361,-0.00233,-0.062655,0.000192,0.00014800000000000013,-9.099999999999386e-05
26651,-0.008512,0.008666,-0.06657500000000001,0.00010800000000000046,0.00016299999999999995,-3.099999999998937e-05
19509,0.007068,-0.007833,-0.065501,8.200000000000048e-05,-1.3000000000000858e-05,-5.4999999999999494e-05
26923,-0.001983,-0.011824,-0.07073900000000001,2.0000000000000052e-05,0.00015199999999999936,-0.00014000000000000123
25444,-0.00597,-0.012316,-0.066013,0.0002279999999999999,2.700000000000098e-05,-0.0001870000000000066
24883,0.008522,-0.010791,-0.060528,0.0001549999999999989,6.900000000000135e-05,5.8999999999996555e-05
18177,0.008946999999999998,-0.000995,-0.071646,-7.999999999997592e-06,0.000249,-6.0000000000004494e-05
20992,0.008487999999999999,0.007133,-0.06511499999999999,-5.599999999999876e-05,0.00032300000000000124,-3.0000000000030003e-06
26313,-0.001823,0.000809,-0.07012,6.0999999999999856e-05,0.000258,0.00013799999999999923
23860,-0.012021,0.01028,-0.07103799999999999,0.00012099999999999958,7.600000000000141e-05,-2.5000000000011124e-05
24224,-0.00209,0.010388999999999999,-0.075078,-0.00013100000000000004,5.800000000000076e-05,-5.099999999999549e-05
21390,0.004455,0.0018620000000000002,-0.068104,5.699999999999976e-05,0.00027000000000000006,-9.599999999999886e-05
25423,-0.004806,0.007386,-0.06996,5.200000000000083e-05,0.00016599999999999948,1.5999999999988246e-05
19432,-0.00514,-0.002,-0.067743,8.69999999999994e-05,0.00021700000000000018,-7.900000000000962e-05
26028,-0.010776999999999998,0.00047799999999999996,-0.06336,-9.20000000000018e-05,0.0001580000000000001,-0.00021200000000000385
25810,-0.014332000000000001,0.008878,-0.072354,3.9000000000002574e-05,8.699999999999854e-05,-3.599999999999437e-05
25112,-0.006083,0.002234,-0.062310000000000004,8.5e-05,0.0002040000000000002,0.00015500000000000236
23608,0.006801,-0.0014370000000000001,-0.07225100000000001,-1.0999999999999725e-05,0.00023500000000000018,-4.099999999998549e-05
19825,-0.000333,0.003977,-0.067616,5.9999999999999995e-05,0.0002580000000000004,0.0001290000000000041
27066,-0.010848,-0.004553,-0.065716,0.0001239999999999991,0.00020399999999999932,-0.0001930000000000126
27085,0.001003,0.005815000000000001,-0.07298600000000001,2.8999999999999946e-05,0.00015599999999999902,-6.599999999999662e-05
24808,-0.009968999999999999,-0.0043029999999999995,-0.069915,1.899999999999992e-05,0.00016499999999999935,-0.00014300000000000423
25516,-0.012483000000000001,-0.003433,-0.06493,7.800000000000168e-05,0.00018100000000000017,-0.00015199999999998548
24490,-0.009119,0.006926,-0.06693600000000001,0.0002599999999999998,0.00025600000000000015,6.0000000000060005e-06
26677,-0.009711000000000001,0.002606,-0.068323,0.00024000000000000063,6.499999999999995e-05,0.00011600000000000499
17846,-0.0068319999999999995,-0.002921,-0.067953,3.799999999999984e-05,0.0001690000000000003,-4.300000000000137e-05
26951,-0.004801000000000001,0.002992,-0.06322699999999999,3.1000000000000645e-05,0.00017100000000000014,0.00019500000000000073
26410,0.001231,-0.008525,-0.064516,7.399999999999985e-05,0.00021099999999999938,-0.0002779999999999866
19419,-0.006692,0.000475,-0.066991,0.00011200000000000012,0.000324,2.3999999999996247e-05
25109,-0.0025310000000000003,0.00588,-0.067078,4.0000000000000105e-05,0.00020699999999999972,8.400000000000074e-05
22298,-0.014121,0.000498,-0.069373,5.999999999999062e-06,0.00021199999999999995,-0.00011899999999999411
19259,0.003611,0.004396,-0.07062600000000001,-2.5000000000000282e-05,0.00026200000000000095,-4.200000000000037e-05
24606,0.014694,0.002405,-0.06677899999999999,1.8999999999998185e-05,0.00016200000000000025,4.599999999999049e-05
26082,-0.007857,0.00457,-0.06741,0.00021099999999999938,0.0002279999999999999,1.0999999999997123e-05
25105,-0.007468,-0.011415,-0.071572,0.00012099999999999958,0.00016599999999999948,2.2999999999995246e-05
26920,0.005815000000000001,0.008727,-0.071118,-3.900000000000084e-05,0.00010699999999999946,-0.00017100000000000448
26059,0.0039889999999999995,0.009158,-0.066818,2.4000000000000583e-05,0.00023900000000000136,-7.799999999999474e-05
26027,0.005724,0.0009320000000000001,-0.065481,0.00012599999999999938,0.00023399999999999983,-0.00010300000000000586
21977,0.001358,0.001685,-0.063638,0.00012399999999999998,0.0002949999999999999,-3.100000000000325e-05
24620,-0.00028000000000000003,-0.011601,-0.07079600000000001,0.00016400000000000003,0.00012000000000000031,-9.199999999999486e-05
19911,0.009087,-0.007937999999999999,-0.06436700000000001,-1.0999999999998858e-05,0.000181999999999999,2.5000000000011124e-05
26149,-0.003946,-0.003659,-0.061509,9.8e-05,0.00010600000000000019,-0.0001789999999999986
26220,-0.0036269999999999996,-0.007986,-0.062136000000000004,6.699999999999935e-05,0.0001460000000000003,5.200000000000343e-05
25776,-0.004551,0.0047,-0.073337,9.60000000000006e-05,9.8e-05,2.0999999999993246e-05
25732,-0.006181,-0.001141,-0.062235,4.999999999999796e-06,0.00011000000000000007,-0.00010399999999999993
14468,-0.008605999999999999,-0.000617,-0.066351,0.00010899999999999972,0.00020900000000000004,8.999999999995123e-06
27150,0.00101,-0.008995,-0.064571,8.5e-05,0.000252999999999998,-0.00014799999999999536
26997,0.013145,0.0030459999999999997,-0.068812,0.0001449999999999993,5.000000000000664e-06,-9.199999999999486e-05
16935,0.005611,-0.00219,-0.071549,7.699999999999981e-05,0.00024299999999999994,-0.00021199999999998997
26324,0.002613,0.006681,-0.070162,0.00010600000000000019,0.00029299999999999986,-4.099999999999937e-05
21668,0.009594,-0.003548,-0.066983,7.200000000000088e-05,9.099999999999994e-05,-5.3999999999998494e-05
25421,-0.008313000000000001,0.000885,-0.062024,-9.60000000000006e-05,0.00018499999999999994,-0.00015299999999999342
25142,0.010979,-0.0021509999999999997,-0.06756699999999999,5.300000000000096e-05,9.09999999999995e-05,-4.600000000001825e-05
11113,0.001259,0.002497,-0.0712,-2.3000000000000017e-05,0.000232,9.000000000000674e-05
26412,0.004681,0.003379,-0.063509,0.0001929999999999996,0.00032700000000000003,-0.00011999999999999511
23577,0.007980000000000001,-0.001171,-0.073115,-5.300000000000096e-05,0.00017,-8.099999999999774e-05
21776,0.008962999999999999,0.007534,-0.068017,0.0001020000000000014,0.00016900000000000075,-4.400000000001625e-05
26015,0.008547,0.009276,-0.07149,-5.900000000000176e-05,0.00014000000000000123,-0.00021600000000000785
25107,-0.012778000000000001,0.007463,-0.066568,2.599999999999998e-05,9.8e-05,2.9000000000001247e-05
26968,0.012192,0.009873,-0.066431,-6.499999999999909e-05,0.00013799999999999923,-4.899999999999349e-05
21769,0.015892,0.006739,-0.06840399999999999,8.000000000001062e-06,0.00014999999999999996,-7.600000000000662e-05
25102,0.000323,-0.005156,-0.063615,0.00012200000000000004,0.00011599999999999978,-0.00016299999999999648
21375,-0.0029660000000000003,0.0068,-0.067429,7.000000000000062e-05,0.00028200000000000013,7.600000000000662e-05
26022,0.005068,-0.011623,-0.071556,0.00031099999999999964,0.0001239999999999991,-0.00026199999999999835
21371,0.010966,-0.009534,-0.06709999999999999,0.00019300000000000046,0.0001860000000000004,2.499999999998337e-05
26396,-0.012156,0.005136999999999999,-0.06846200000000001,0.00018400000000000014,8.80000000000004e-05,-4.899999999999349e-05
27210,0.009271000000000001,0.002463,-0.061499000000000005,0.00023199999999999783,0.0003460000000000004,-0.00032799999999999496
25503,-0.000106,-1.7e-05,-0.064952,0.00012,0.000289,-0.00013299999999999423
15813,0.008853999999999999,0.007972,-0.070202,3.0000000000000512e-05,5.9000000000000025e-05,-0.00014700000000000824
26989,-0.007394,0.002765,-0.07137399999999999,7.400000000000028e-05,7.699999999999981e-05,4.299999999998749e-05
16469,0.002249,0.0079,-0.07155,-7.500000000000041e-05,0.00013400000000000044,-3.999999999999837e-05
26701,0.0017800000000000001,0.0059050000000000005,-0.070729,8.400000000000009e-05,0.0003449999999999998,7.100000000000162e-05
17466,-0.010861,0.007057000000000001,-0.06605,0.00011300000000000199,0.00024099999999999903,5.7000000000001494e-05
23962,-0.00222,-0.007508,-0.070032,0.00019700000000000013,0.00023099999999999943,-0.00020199999999999385
25099,-0.00023300000000000003,-0.006186,-0.06449099999999999,0.00016200000000000003,0.00020099999999999892,-0.00013900000000000023
17124,0.008074999999999999,0.010682,-0.06790500000000001,-0.00012099999999999958,5.10000000000007e-05,-1.1999999999998123e-05
26735,0.017225,-0.003211,-0.066747,6.000000000002531e-06,0.0001290000000000002,2.3999999999996247e-05
21656,-0.0027919999999999998,0.00578,-0.065846,-3.7000000000000574e-05,0.0002409999999999999,-3.799999999999637e-05
24258,-0.009753,-0.009680999999999999,-0.06268699999999999,9.699999999999813e-05,9.999999999992654e-07,-0.0001250000000000001
22817,0.006647999999999999,0.00638,-0.066456,4.900000000000043e-05,0.00016600000000000035,-0.00014399999999999136
26029,0.006129,0.0078,-0.066562,0.00010000000000000026,0.00025400000000000075,-5.8000000000002494e-05
10157,0.002521,-0.003413,-0.074129,-6.799999999999992e-05,0.0002149999999999999,3.800000000001025e-05
26310,0.00198,0.0017050000000000001,-0.069052,2.400000000000015e-05,0.0004180000000000002,-0.00010299999999999199
22010,0.001592,-0.004823,-0.07081,4.699999999999995e-05,0.00014500000000000016,-0.0002370000000000011
26032,0.006153,-0.006499,-0.067378,0.00020500000000000032,0.00012000000000000031,-0.00020399999999999585
20709,0.005022,0.0005200000000000001,-0.067425,4.2999999999999636e-05,0.000254,-0.00021500000000000685
17489,0.008116,-0.00504,-0.06820399999999999,4.4000000000000636e-05,0.00011200000000000012,-0.00022100000000001285
24491,0.009462,-0.001333,-0.071259,-6.000000000000796e-06,0.0002180000000000001,3.700000000000925e-05
9772,0.014887000000000001,-5.9e-05,-0.071592,5.4999999999999494e-05,1.8999999999999994e-05,-5.099999999999549e-05
25119,0.003234,-0.003404,-0.06509999999999999,0.00020700000000000015,0.00026900000000000014,-0.00019700000000000273
25108,0.007511,0.001704,-0.068084,5.1999999999999096e-05,0.00023900000000000006,-0.00019600000000000173
27005,-0.0015049999999999998,-0.012016,-0.07064400000000001,7.099999999999988e-05,0.00015500000000000062,-0.00014299999999999036
27014,-0.000323,-0.009185,-0.06577200000000001,0.00013399999999999998,0.00013400000000000044,-9.999999999998899e-05
22799,-0.002084,-0.007731,-0.06855,0.00017,0.00023700000000000023,-0.00020799999999999985
26996,0.004264,0.005143,-0.067891,8.000000000000021e-05,0.00027500000000000007,4.400000000001625e-05
25717,0.008387,0.007739,-0.066744,5.400000000000023e-05,0.00018200000000000074,-6.899999999999962e-05
24541,-0.010031,-0.003955,-0.072374,1.000000000001e-06,0.00025600000000000015,3.699999999999537e-05
26631,0.010587,-0.001846,-0.065156,9.20000000000018e-05,0.00031900000000000006,-0.00026299999999998547
17123,0.012077,0.006718,-0.068038,2.599999999999998e-05,6.499999999999995e-05,3.0000000000002247e-05
25719,-0.007709,-0.004881,-0.067744,0.00015199999999999936,8.299999999999974e-05,4.999999999991123e-06
21412,-0.004118999999999999,0.003143,-0.067342,0.00014299999999999903,0.0002490000000000001,0.00015800000000000536
26625,0.0035009999999999998,-0.0014550000000000001,-0.06913899999999999,-9.99999999999699e-07,0.00022199999999999998,-0.0001290000000000041
20723,0.010218999999999999,0.004947,-0.066365,7.300000000000015e-05,0.00016500000000000022,-0.00014500000000000624
15121,0.004373999999999999,0.003954,-0.068315,5.10000000000007e-05,0.00029299999999999986,-4.900000000000737e-05
24195,-0.004881,-0.009411,-0.07171999999999999,3.699999999999971e-05,0.0002559999999999993,5.5999999999986616e-05
25160,-0.008083,-0.00754,-0.07066800000000001,4.89999999999987e-05,0.0003169999999999996,-7.299999999998974e-05
23520,-0.010159000000000001,0.003421,-0.07195099999999999,0.00010900000000000146,5.600000000000006e-05,-4.600000000001825e-05
26185,-0.013714,-0.0037040000000000003,-0.065077,3.799999999999984e-05,0.0001550000000000002,-0.00020700000000001273
20570,0.008367000000000001,-0.011705,-0.069169,0.00011299999999999852,0.00011200000000000099,0.00014499999999999236
24806,-0.007732,-0.0025440000000000003,-0.071175,6.600000000000009e-05,0.00015600000000000032,0.00010100000000000386
16139,-0.001686,0.005298,-0.069372,6.7e-05,0.00016899999999999988,5.2999999999997494e-05
25418,0.0027559999999999998,0.004556,-0.067908,-4.9e-05,0.00031400000000000004,-6.0999999999991616e-05
26013,-0.009321,-0.009035999999999999,-0.066819,-8.500000000000174e-05,0.00036899999999999954,-0.00014799999999999536
25194,-0.005141,-0.001056,-0.06984399999999999,4.999999999999796e-06,0.0002670000000000001,-6.0000000000004494e-05
22096,-0.01292,0.000347,-0.070784,5.2999999999997494e-05,7.400000000000001e-05,-3.200000000000425e-05
17102,-0.000748,-0.001395,-0.070956,9.099999999999994e-05,0.00020699999999999994,0.000127000000000016
22358,0.004842,-0.007278,-0.067608,0.000294,0.000183,-0.00022900000000000698
15880,-0.004933,-0.005073,-0.069725,0.00021099999999999938,0.00023000000000000017,-2.3999999999996247e-05
