Particle,x,y,z,Vx,Vy,Vz
45290,0.0030729999999999998,-0.008521,-0.067258,0.0,0.0,0.0
45912,0.002415,-0.0029449999999999997,-0.062707,0.0,0.0,0.0
42257,-0.0019619999999999998,0.013147,-0.06606699999999999,0.0,0.0,0.0
45000,-0.011914,-0.007963,-0.065083,0.0,0.0,0.0
41081,0.00709,0.010028,-0.07132899999999999,0.0,0.0,0.0
44617,0.005731,0.011365,-0.065634,0.0,0.0,0.0
45836,0.004055,-0.004683,-0.06581999999999999,0.0,0.0,0.0
44980,-0.005677,-0.011621000000000001,-0.066693,0.0,0.0,0.0
45930,0.002097,-0.006897,-0.06132,0.0,0.0,0.0
45937,0.002956,0.011145,-0.06519799999999999,0.0,0.0,0.0
46272,-0.003243,-0.00848,-0.063541,0.0,0.0,0.0
45560,-0.01537,-0.008362999999999999,-0.075222,0.0,0.0,0.0
45055,-0.011852,-0.001534,-0.068508,0.0,0.0,0.0
43783,-0.010508,0.004012,-0.063767,0.0,0.0,0.0
43691,-0.002887,-0.004889999999999999,-0.069905,0.0,0.0,0.0
44630,-0.001294,0.005012,-0.069157,0.0,0.0,0.0
45544,0.011814999999999999,-0.001879,-0.07398600000000001,0.0,0.0,0.0
45231,0.005111,-0.0019470000000000002,-0.066301,0.0,0.0,0.0
42600,0.017062,0.008377,-0.06662,0.0,0.0,0.0
45956,-0.005732,0.005732,-0.058525,0.0,0.0,0.0
46037,0.005528,0.011314999999999999,-0.057751,0.0,0.0,0.0
44272,-0.011038000000000001,0.012199,-0.073552,0.0,0.0,0.0
45535,0.003883,-0.001874,-0.063037,0.0,0.0,0.0
45306,-0.000203,0.012541,-0.06905700000000001,0.0,0.0,0.0
46032,0.011162,-0.000597,-0.064791,0.0,0.0,0.0
45120,-0.008259,-0.006389000000000001,-0.064581,0.0,0.0,0.0
45388,-0.012334,-0.006142000000000001,-0.076674,0.0,0.0,0.0
39523,-0.011011,0.00587,-0.066448,0.0,0.0,0.0
45326,0.011944000000000001,-0.006791,-0.06441899999999999,0.0,0.0,0.0
46014,-0.016055,0.003408,-0.07705,0.0,0.0,0.0
45977,-0.015852,-0.0030310000000000003,-0.073083,0.0,0.0,0.0
44747,-0.005411,-0.009753999999999999,-0.0626,0.0,0.0,0.0
45952,0.012332000000000001,0.003004,-0.060267,0.0,0.0,0.0
45880,-0.011791000000000001,-0.0028599999999999997,-0.064264,0.0,0.0,0.0
45342,0.013836000000000001,-0.006703000000000001,-0.073843,0.0,0.0,0.0
45112,0.01108,0.0074210000000000005,-0.07012099999999999,0.0,0.0,0.0
45914,0.014611,0.010762,-0.06589400000000001,0.0,0.0,0.0
46118,-0.004373999999999999,0.004587,-0.06884900000000001,0.0,0.0,0.0
45463,0.012563000000000001,-0.002576,-0.063178,0.0,0.0,0.0
45845,0.01038,-0.010564,-0.06486199999999999,0.0,0.0,0.0
42509,-0.001572,-0.001684,-0.06546500000000001,0.0,0.0,0.0
45628,0.016271,0.005301,-0.071733,0.0,0.0,0.0
43432,-0.004454,0.010647,-0.066331,0.0,0.0,0.0
45282,-0.01579,0.000695,-0.07366400000000001,0.0,0.0,0.0
45242,0.008513,-0.001528,-0.068544,0.0,0.0,0.0
30446,-0.009446999999999999,0.013365,-0.068025,0.0,0.0,0.0
45533,-0.013439,0.002506,-0.068623,0.0,0.0,0.0
42573,0.003873,-0.00608,-0.076829,0.0,0.0,0.0
45546,7.9e-05,0.009947,-0.065762,0.0,0.0,0.0
45897,-0.008127,-0.009943,-0.065696,0.0,0.0,0.0
45898,-0.001514,-0.006216,-0.069066,0.0,0.0,0.0
45750,0.013855000000000001,-0.009414,-0.06361800000000001,0.0,0.0,0.0
45550,0.007297,-0.008084,-0.067689,0.0,0.0,0.0
46057,-0.009032,0.007469,-0.071085,0.0,0.0,0.0
46065,0.019067,0.00457,-0.071103,0.0,0.0,0.0
45825,0.010376,0.011676,-0.063767,0.0,0.0,0.0
43794,-0.002964,-0.006872,-0.072374,0.0,0.0,0.0
44393,0.014557,-0.007918,-0.07099,0.0,0.0,0.0
45590,-0.00335,0.011007,-0.06266,0.0,0.0,0.0
36494,0.010756,-0.0068520000000000005,-0.07484099999999999,0.0,0.0,0.0
45791,0.014071,0.001729,-0.06840500000000001,0.0,0.0,0.0
38872,0.001609,-0.007942,-0.070912,0.0002800000000000001,6.399999999999982e-05,-0.00011300000000000199
44609,0.0037099999999999998,-0.0049169999999999995,-0.066869,0.0003480000000000002,0.0002249999999999995,-0.0005529999999999979
43204,0.006322,0.000103,-0.064506,0.0001529999999999995,0.00015700000000000002,-0.0003540000000000071
44012,-0.010736,-0.009453,-0.070191,-3.7999999999998105e-05,2.099999999999845e-05,-0.00025199999999998834
46170,0.007799,0.005085,-0.076031,0.00013299999999999944,0.00016100000000000055,-0.00014600000000000724
45834,-0.006503,-0.00951,-0.07565000000000001,0.00023800000000000036,0.00020400000000000106,-0.00016299999999999648
46234,0.001815,0.00817,-0.060235,9.200000000000007e-05,0.0001810000000000006,-0.0001799999999999996
46271,-0.003058,-0.008785,-0.06557299999999999,8.399999999999987e-05,1.9999999999999185e-05,-0.00010400000000002074
44623,-0.011369,0.008749,-0.068194,0.00015500000000000062,0.0001749999999999998,-3.999999999998449e-05
45522,-0.0020440000000000002,0.0051909999999999994,-0.073365,0.00014400000000000025,0.00013400000000000044,-8.500000000000174e-05
45588,-0.001101,-0.008161,-0.067099,0.00018599999999999997,0.0001570000000000009,-0.00025099999999998734
45589,0.007669,0.012539,-0.065753,-9.200000000000007e-05,1.600000000000039e-05,0.00010000000000000286
45244,0.014592,-0.003454,-0.072145,0.0001899999999999992,4.900000000000043e-05,-0.00025599999999999234
46179,0.011016,0.012734,-0.0676,0.00014300000000000077,-9.20000000000018e-05,0.00015299999999998648
45523,0.012067,0.0010969999999999999,-0.06759399999999999,2.5000000000000716e-05,6.400000000000025e-05,7.799999999998086e-05
44946,0.011481,0.000907,-0.074292,0.0002149999999999999,8.399999999999987e-05,-0.00036799999999999333
46006,0.013181,-0.002183,-0.064417,0.00014500000000000103,0.000338,-7.999999999994123e-06
45686,-0.015829,0.006581,-0.075239,5.099999999999896e-05,0.0002580000000000004,-0.00025399999999999034
45592,-0.006598,0.010150000000000001,-0.071331,0.00014899999999999983,0.0004979999999999984,0.00016100000000000836
45561,0.009559,0.008919999999999999,-0.067759,2.000000000000092e-05,3.8000000000001574e-05,-0.00011300000000000199
42923,0.008705000000000001,-0.006117,-0.065431,0.0002949999999999984,4.999999999999796e-06,-0.00021200000000000385
45028,0.014888,0.0023580000000000003,-0.067646,8.200000000000048e-05,0.00028499999999999966,-8.199999999999874e-05
46165,-0.015274,0.001571,-0.075788,4.49999999999999e-05,0.00024300000000000016,-0.0002450000000000091
46202,0.009078,0.008386,-0.062956,3.500000000000031e-05,0.00015300000000000036,5.7999999999988616e-05
44906,-0.001405,-0.006071,-0.064714,0.0002670000000000001,0.00041699999999999984,-0.0002909999999999996
45585,0.000328,0.003438,-0.07202599999999999,0.00018600000000000002,0.00038000000000000013,-0.00021500000000000685
45900,-0.015698,-0.003064,-0.07542700000000001,0.00019199999999999946,0.0004599999999999999,-3.399999999999237e-05
45225,-0.003291,0.009489000000000001,-0.06385,-7.799999999999994e-05,0.00014299999999999903,5.8000000000002494e-05
46175,-0.015331,0.011059,-0.070915,-5.800000000000076e-05,0.00038000000000000013,-9.800000000000086e-05
46252,-0.009445,-0.008546,-0.06778,0.00016500000000000022,0.0002859999999999998,5.0000000000050004e-06
46104,0.013332,0.009064000000000001,-0.06012,0.00012099999999999958,0.00026799999999999914,-1.1999999999998123e-05
46276,-0.015318,-0.012291999999999999,-0.07354300000000001,-3.799999999999984e-05,0.0002199999999999997,-0.00014499999999999236
45981,0.005152,-0.009328,-0.077595,0.00017,5.199999999999996e-05,-9.599999999999886e-05
46242,-0.0045839999999999995,0.003886,-0.077874,0.00014699999999999956,0.00018299999999999957,-0.00011700000000000599
45918,-0.012357,0.005782,-0.069482,3.699999999999884e-05,0.00028300000000000027,-0.0004120000000000096
43734,0.0044610000000000006,0.004356,-0.07674299999999999,0.00011399999999999952,8.000000000000021e-05,-0.00010500000000000786
45402,0.012688000000000001,0.003986,-0.066318,8.3999999999999e-05,0.00024100000000000076,-1.9999999999992246e-05
46439,-0.010028,0.010189,-0.076182,8.000000000000021e-05,0.0003619999999999995,3.199999999999037e-05
46018,0.005183,-0.011335000000000001,-0.061556,0.00019199999999999946,2.100000000000192e-05,-8.999999999995123e-06
46002,0.014346,-0.003856,-0.072849,0.00020300000000000006,5.2000000000000397e-05,-0.00033199999999999896
45811,-0.002757,0.001441,-0.066758,0.0002149999999999999,0.00017500000000000003,-0.0002420000000000061
44819,0.001896,-0.009594,-0.076399,0.00020700000000000037,4.39999999999989e-05,-0.00017300000000000648
45738,-0.007611,0.007634,-0.077421,3.099999999999978e-05,0.00010900000000000059,1.2999999999999123e-05
45885,-0.012107,-0.00871,-0.064308,0.00027399999999999994,0.00016500000000000022,-0.00011600000000000499
44370,-0.009506,0.002738,-0.07645,-2.399999999999798e-05,0.0001749999999999998,-0.00011099999999999999
46208,-0.003908,0.006659,-0.06937600000000001,0.0001259999999999998,0.0002669999999999999,-0.00010399999999999299
45899,0.001088,0.002832,-0.076321,0.00016699999999999983,0.00021799999999999988,-5.200000000001037e-05
43134,-3.3e-05,0.009489000000000001,-0.072864,-2.7999999999999996e-05,0.00010799999999999872,7.899999999999574e-05
46255,-0.0024590000000000002,-0.007175,-0.060101,9.600000000000017e-05,0.00018699999999999967,-0.0005269999999999997
45111,0.00376,-0.011045,-0.065663,0.000219,4.89999999999987e-05,-3.100000000000325e-05
46308,0.006498,-0.001699,-0.058849,3.699999999999971e-05,0.0002590000000000001,-0.0004559999999999981
45563,-0.002317,0.012522,-0.062677,5.9999999999999724e-05,0.00019300000000000046,0.00010399999999999299
46330,0.010407999999999999,0.000228,-0.071343,0.00037100000000000154,0.00018999999999999996,-0.0002489999999999992
46347,0.013627,0.000462,-0.075048,0.00014400000000000003,9.700000000000003e-05,-0.00015800000000000536
46355,-0.002227,0.005006999999999999,-0.056678,0.00010299999999999979,0.0001540000000000005,-0.00010899999999999799
46397,0.009071,0.002433,-0.059762,7.000000000000062e-06,0.00013299999999999987,-8.000000000001062e-06
43949,-0.001201,0.00897,-0.061149999999999996,-0.00012600000000000003,0.00012699999999999864,-0.00013500000000000317
46400,-0.0005,0.008057,-0.061487,0.00013300000000000003,0.0002450000000000004,-0.0003480000000000011
46411,0.008301,0.0051470000000000005,-0.069427,0.00019100000000000193,3.199999999999991e-05,3.999999999999837e-05
46437,0.005411,-0.011553,-0.063139,0.0003309999999999997,-3.300000000000004e-05,0.00022300000000000098
45920,-0.0048200000000000005,-0.011175000000000001,-0.076664,0.00012900000000000064,0.00016500000000000195,3.0000000000002247e-05
45337,0.015156000000000001,-0.003828,-0.063773,0.0002609999999999991,0.00021199999999999952,5.9999999999990616e-05
45771,0.016009,-0.009696,-0.071812,6.0000000000001025e-05,3.399999999999931e-05,-0.00011800000000000699
41905,0.000553,0.013189,-0.06902,-7.300000000000004e-05,9.900000000000013e-05,3.899999999999737e-05
43759,-0.0030710000000000004,-0.012034000000000001,-0.072923,0.0003330000000000004,2.3000000000002185e-05,-0.00031699999999999784
42228,0.003833,0.000382,-0.066023,0.00021799999999999988,0.00026700000000000004,-0.00033299999999999996
44905,-0.002079,-0.004554,-0.065578,0.00014000000000000015,0.0003039999999999996,-0.00016100000000000836
45850,-0.008205,0.004951,-0.067565,-3.500000000000031e-05,0.00015500000000000062,-0.00030899999999998984
42862,-0.005793,0.004037,-0.064403,0.0001230000000000007,0.00011900000000000018,-0.00026899999999999147
45576,0.003255,-0.010166999999999999,-0.061965000000000006,2.599999999999998e-05,-2.800000000000198e-05,-0.0001959999999999948
40437,-0.009998,-0.008653000000000001,-0.071578,8.89999999999988e-05,4.800000000000117e-05,-0.00016599999999999948
45278,0.002291,0.007128,-0.062293999999999995,0.00016499999999999978,6.800000000000035e-05,-0.00014300000000000423
43577,0.013865,0.01067,-0.073442,0.00012799999999999964,6.300000000000056e-05,-0.00027300000000000935
46091,-0.009193,0.01213,-0.061338000000000004,-8.099999999999948e-05,0.00013200000000000017,-4.999999999999449e-05
45366,0.000648,-0.012273999999999998,-0.07159900000000001,0.00013100000000000004,9.799999999999913e-05,-1.8999999999991246e-05
42947,-0.013476,0.011335000000000001,-0.066261,3.900000000000084e-05,7.999999999999848e-05,0.00011099999999999999
46604,-0.013569000000000001,-0.000877,-0.07543000000000001,0.00021300000000000138,0.00025299999999999997,-0.00030999999999999084
46522,0.009787,-0.00046899999999999996,-0.072389,0.00024799999999999996,0.00024799999999999996,-0.0003449999999999981
45062,-0.000749,0.000263,-0.072493,8.099999999999991e-05,0.00027500000000000007,-0.00039200000000000346
44698,-0.008159000000000001,-0.0052309999999999995,-0.07203,4.800000000000117e-05,0.00020300000000000006,-0.00012000000000000899
46642,0.002968,0.004054,-0.061357999999999996,0.00011999999999999988,0.0002230000000000001,-0.00016600000000000642
38582,0.01201,0.002716,-0.06560500000000001,0.00010199999999999966,0.0001749999999999998,-0.00011899999999999411
46592,0.009785,-0.0033399999999999997,-0.076292,0.00027800000000000047,0.00021300000000000008,-0.00033600000000000296
46500,0.000962,0.002807,-0.063555,0.00023100000000000009,0.0002400000000000002,-0.0003510000000000041
45161,0.015757999999999998,-0.005268,-0.068376,9.30000000000028e-05,7.500000000000041e-05,-0.00014699999999999436
46702,-0.011484,0.008852,-0.06025,-7.300000000000015e-05,0.00010899999999999972,0.0001229999999999981
46484,-0.004101,0.002751,-0.071104,9.49999999999996e-05,0.00034,-0.0004549999999999971
46552,0.0043230000000000005,-0.010144,-0.074741,0.0002609999999999991,6.199999999999956e-05,-3.400000000000625e-05
43078,-0.00861,0.004487,-0.07560299999999999,7.199999999999915e-05,0.000281,-0.0001360000000000111
46138,0.00658,-0.010234,-0.06678400000000001,0.00013699999999999997,-2.9999999999998778e-05,-9.299999999998199e-05
46467,0.008288,0.011531000000000001,-0.06454900000000001,-6.300000000000056e-05,8.3999999999999e-05,1.1000000000011001e-05
45874,-0.008787000000000001,0.005458,-0.07033299999999999,7.500000000000215e-05,0.0002900000000000003,-0.0003090000000000037
45308,-0.009446999999999999,0.012259,-0.068096,2.099999999999845e-05,0.0002959999999999994,7.600000000000662e-05
45901,0.005045,-0.006878,-0.061533000000000004,1.7999999999999787e-05,0.00016199999999999982,-0.0004849999999999993
46593,0.010731,0.000429,-0.059842,0.00014800000000000056,5.099999999999994e-05,-9.800000000000086e-05
45931,-0.005767,0.007679,-0.061984000000000004,4.100000000000024e-05,0.00020700000000000059,-2.9999999999995308e-05
46543,0.002076,-0.011743,-0.062513,0.00022799999999999947,-3.699999999999884e-05,4.999999999991123e-06
46748,-0.008962999999999999,-0.009221,-0.07661499999999999,-0.00010500000000000093,0.0002149999999999999,-0.0001340000000000091
45927,0.0011790000000000001,-0.010223000000000001,-0.068305,0.00010099999999999996,9.70000000000016e-05,1.1000000000011001e-05
45210,-0.010173999999999999,0.010762,-0.062357,-7.000000000000062e-05,0.00020899999999999912,3.300000000000525e-05
46672,0.009235,-0.01039,-0.06390699999999999,0.0002949999999999984,-8.6000000000001e-05,-0.00011500000000001787
45302,0.008562,0.009964,-0.06797199999999999,3.600000000000131e-05,0.00010099999999999866,-0.00015199999999999936
42364,0.012917999999999999,-0.012516999999999999,-0.066126,6.800000000000209e-05,-5.000000000001531e-06,-9.999999999998899e-05
44682,-0.0031030000000000003,0.000398,-0.074492,0.00012200000000000058,0.000205,-0.0004070000000000046
45551,-0.012826,0.01176,-0.064886,-3.300000000000004e-05,-4.9999999999980616e-06,0.0001229999999999981
46545,-0.015798,-0.008206,-0.070035,0.00014199999999999977,0.0002449999999999987,-0.00012100000000000999
46534,0.004526,0.0014010000000000001,-0.06953100000000001,0.0001330000000000003,7.200000000000002e-05,-0.0002749999999999836
42014,0.013215,0.002806,-0.07426,0.00014600000000000203,3.000000000000398e-06,-0.0002469999999999972
46726,-0.003791,-0.001042,-0.060238999999999994,0.0002509999999999999,0.00028799999999999995,-0.00027300000000000935
43774,0.012343999999999999,0.003624,-0.065422,-9.999999999992654e-07,0.00022900000000000004,-0.00021699999999999497
44086,-0.013824,0.00826,-0.076339,-3.0000000000000512e-05,0.00016399999999999922,-4.099999999998549e-05
46715,-0.006469,0.010303000000000001,-0.075781,0.00010000000000000026,0.0001839999999999984,3.699999999999537e-05
44008,-0.00076,-0.0005859999999999999,-0.06815500000000001,0.00014000000000000004,0.00021599999999999994,-0.0003899999999999876
44300,-0.007068,0.001477,-0.072759,0.00011999999999999945,0.0002229999999999999,-0.00036999999999999533
42788,0.00117,0.006812,-0.07454999999999999,0.0001119999999999999,7.699999999999981e-05,-0.00010400000000000686
44162,0.0021680000000000002,0.003828,-0.062423,0.00012399999999999954,0.00018699999999999967,-0.0003290000000000029
43718,-0.01027,0.005541000000000001,-0.076806,1.4999999999999389e-05,0.0002369999999999985,-5.7000000000001494e-05
45813,-0.011944000000000001,-0.011731,-0.07146,9.000000000000154e-05,1.600000000000039e-05,-0.0001960000000000156
41003,0.004940000000000001,0.012545,-0.07086400000000001,-0.00010500000000000093,0.0001289999999999989,-6.599999999999662e-05
46617,-0.003469,-0.00869,-0.064501,0.00037799999999999986,0.00022599999999999877,0.0004489999999999911
46362,0.009214,-0.000924,-0.06146,0.0001820000000000016,0.00010100000000000007,-0.00016200000000000242
46623,-0.008062,0.010239000000000002,-0.059552999999999995,-2.999999999999531e-06,0.00018699999999999793,0.00011399999999999605
46670,-0.006836999999999999,-0.012513,-0.067273,0.00021199999999999952,5.10000000000007e-05,8.199999999999874e-05
46683,-0.001656,0.011434,-0.07041700000000001,-7.10000000000001e-05,0.00015899999999999942,-2.899999999998737e-05
46206,0.012186,0.0029620000000000002,-0.07503,0.0001229999999999981,7.899999999999964e-05,-0.0002530000000000032
44465,0.013784000000000001,0.011375,-0.070622,0.0003009999999999992,-5.4999999999999494e-05,-5.2999999999997494e-05
38874,0.004485,-0.008117000000000001,-0.072088,0.00019999999999999966,4.000000000000184e-05,-0.0002360000000000001
45575,-0.008824,-0.012617000000000001,-0.068148,0.00010999999999999899,0.00010800000000000046,-0.0004679999999999962
44751,0.016623000000000002,0.01089,-0.067405,0.00032199999999999937,0.00022900000000000004,-0.0002299999999999941
46180,-0.013300000000000001,-0.006138,-0.076139,5.900000000000176e-05,3.500000000000031e-05,-0.00017400000000000748
44958,0.015663,0.011691,-0.063463,9.499999999999786e-05,0.00030900000000000025,-0.00014599999999999336
46193,0.010862,0.003453,-0.062679,0.00010199999999999966,0.0001910000000000002,-0.00016700000000000048
45583,-0.003653,-0.004986,-0.06856399999999999,0.0003700000000000001,0.0002950000000000001,-0.0001960000000000156
40727,-0.005537,0.0005679999999999999,-0.072446,0.00016500000000000022,0.00011900000000000007,-0.00034400000000001096
37975,-0.00265,0.012877000000000001,-0.06501,5.799999999999989e-05,0.00015699999999999915,0.00015799999999999148
35102,-0.0045119999999999995,-0.003504,-0.071203,0.00015999999999999955,0.00022100000000000028,-0.0002380000000000021
45291,0.002484,0.008024,-0.063413,4.399999999999977e-05,0.00022400000000000024,-7.500000000000562e-05
46228,-0.0061849999999999995,-0.001629,-0.06612,0.0002199999999999997,0.0003029999999999999,-0.0003979999999999956
41042,-0.012071,0.011873,-0.069158,4.999999999999796e-06,0.0003169999999999996,0.00011799999999999311
45044,-0.012969,-0.0049039999999999995,-0.070857,-4.300000000000137e-05,4.89999999999987e-05,-0.00021699999999999497
46254,-0.007153,-0.006659,-0.063198,-6.700000000000022e-05,0.0002500000000000002,-0.0005889999999999923
44308,-0.007667,0.00886,-0.076172,2.2000000000000318e-05,0.00015900000000000115,-0.00011400000000000299
46618,0.006005,-0.00035099999999999997,-0.060018,3.4000000000000176e-05,0.00020299999999999997,-0.00040599999999999664
44900,0.0069960000000000005,-0.002775,-0.071378,0.00024499999999999956,6.000000000000016e-05,-0.0003559999999999952
45570,0.007494,0.011994,-0.06748399999999999,-7.900000000000008e-05,0.00010500000000000093,7.799999999998086e-05
45808,0.005365,0.000164,-0.064726,0.00016899999999999988,0.00010099999999999999,-0.0004829999999999973
45216,-0.000986,0.0010049999999999998,-0.068497,0.0001299999999999999,0.0001200000000000001,-0.00036899999999999433
45271,-0.004274,-0.010555,-0.065009,-2.2999999999999583e-05,-5.699999999999976e-05,-0.00014600000000000724
42785,-0.005490999999999999,-0.002052,-0.070498,0.0002619999999999992,0.00026900000000000014,-0.00021199999999998997
45610,-0.0056760000000000005,0.0013180000000000002,-0.06173,0.00022400000000000024,0.0001429999999999999,-0.00011099999999999999
46566,0.00365,-0.000521,-0.062248,0.00019300000000000003,0.000225,-0.00043700000000000683
44907,-0.003076,0.0069500000000000004,-0.064306,-5.299999999999966e-05,0.0001749999999999998,-0.0001890000000000086
46281,0.016945,-0.007026,-0.064277,0.00018199999999999814,-5.199999999999996e-05,-0.00038299999999999446
44789,-0.014688000000000001,-0.006027,-0.073661,5.500000000000296e-05,0.00026599999999999974,-0.00014000000000000123
46588,0.008864,0.01052,-0.064518,-2.8999999999999512e-05,0.00011099999999999999,4.500000000000337e-05
42207,0.001398,0.004311,-0.069786,1.1000000000000159e-05,0.00028300000000000027,-0.0001719999999999916
46485,0.007833,-0.012121999999999999,-0.069412,0.0001399999999999995,2.199999999999945e-05,-5.6000000000000494e-05
41766,0.007376000000000001,-0.001818,-0.07001900000000001,0.0003549999999999994,-5.000000000000013e-06,-0.0005049999999999916
46609,0.008996,0.00625,-0.060973,3.399999999999931e-05,0.00016799999999999975,-2.4999999999997247e-05
43155,-0.013515000000000001,-0.007449,-0.070053,1.000000000001e-06,0.0002299999999999993,-7.899999999999574e-05
45240,0.012166999999999999,-0.006984,-0.07381,-7.999999999997592e-06,8.3999999999999e-05,-0.00033500000000000196
43686,0.009970000000000001,-0.005715,-0.073027,0.00020099999999999806,0.00011799999999999918,-0.0003580000000000111
45436,-0.01265,0.004909,-0.064914,8.099999999999948e-05,0.00012299999999999985,-0.0001840000000000036
43808,0.013298,0.0067009999999999995,-0.07327299999999999,0.0002599999999999998,8.200000000000048e-05,-0.00022300000000000098
46515,-0.014877000000000001,0.001488,-0.07261,1.1000000000002327e-05,0.00014999999999999996,-0.0003610000000000141
45266,-0.009608,-0.007969,-0.075832,3.199999999999904e-05,0.00014300000000000077,-7.000000000000062e-05
43994,0.005404,0.011435,-0.07015300000000001,-8.80000000000004e-05,5.7999999999999025e-05,-0.00012099999999999611
45299,-0.012565,-0.002727,-0.064734,0.00019399999999999973,0.0002620000000000001,-3.200000000000425e-05
45647,0.013112,0.010333,-0.074178,0.00020599999999999959,2.6999999999999247e-05,-0.0002510000000000012
43196,0.003897,0.0028090000000000003,-0.07151600000000001,0.00014800000000000013,0.00018899999999999993,-0.00019899999999999085
45249,-0.0002,-0.002679,-0.073085,0.000161,0.00010099999999999996,-4.400000000000237e-05
45886,0.003079,0.012421,-0.063966,-3.100000000000021e-05,0.00015300000000000036,0.00016199999999999548
46600,-0.007418999999999999,0.009005,-0.060578,7.399999999999941e-05,0.00010199999999999793,0.0001460000000000003
46567,0.016312,-0.007581,-0.070926,8.700000000000027e-05,1.3000000000000858e-05,-0.00038900000000000046
46418,0.007527,0.00788,-0.060314,3.9999999999996635e-06,0.00018900000000000167,0.00019399999999999973
45446,-0.003226,-0.007941,-0.066949,0.00011700000000000035,9.200000000000007e-05,-0.0001310000000000061
44139,0.016138000000000003,-0.000116,-0.075954,9.599999999999886e-05,0.000162,-0.00016900000000001636
45663,-0.01459,-0.009086,-0.071695,3.7000000000000574e-05,0.00022400000000000024,-0.00013399999999999523
46044,0.004999,-0.000283,-0.076188,0.00013699999999999997,0.000155,-0.00014399999999999136
45386,-0.014718,0.004634,-0.069912,7.799999999999994e-05,0.0002639999999999995,-0.00024199999999999222
45374,-0.015589,-0.0008900000000000001,-0.072272,0.00013400000000000044,0.0001560000000000001,-0.0001779999999999976
46279,0.001619,0.000183,-0.057911000000000004,-2.3000000000000017e-05,0.00013299999999999998,-0.0004799999999999943
45883,0.017854,0.0076619999999999995,-0.07181100000000001,0.00023400000000000157,0.0001280000000000005,-0.00019599999999998785
40234,-0.008601000000000001,-0.00467,-0.070517,1.899999999999992e-05,7.399999999999941e-05,-0.00026500000000000135
42859,-0.002402,-0.009132,-0.069524,0.00011000000000000029,0.00016700000000000048,-0.00014999999999999736
45285,0.0032,0.005953,-0.062506,0.0002660000000000002,0.00023700000000000023,-0.00015199999999999936
45866,-0.003532,-0.007093,-0.07019,1.299999999999999e-05,0.00020199999999999992,-9.100000000000774e-05
46153,0.002513,-0.011167,-0.073224,0.0001910000000000002,0.00010800000000000046,-0.0001280000000000031
41402,-0.012501,0.006017000000000001,-0.06626399999999999,-5.300000000000096e-05,0.0001319999999999993,-0.00018600000000001948
42857,-0.001398,-0.002343,-0.069997,0.00014999999999999996,6.199999999999999e-05,-0.00027800000000000047
43444,0.003971,-0.009965,-0.07037600000000001,0.00017399999999999968,6.000000000000796e-06,-0.00018399999999998973
42495,-0.012785,0.011695,-0.072673,2.700000000000098e-05,0.0001559999999999999,-8.299999999999974e-05
46210,0.012893,0.007261999999999999,-0.07298,0.00027900000000000147,6.500000000000082e-05,-0.00027199999999999447
45213,-0.0018360000000000002,0.008772,-0.074004,5.700000000000019e-05,0.00020899999999999912,-0.0001779999999999976
45286,0.000121,0.002957,-0.06271600000000001,0.00010800000000000001,0.0002670000000000003,-0.00036699999999999233
37423,0.00558,0.0066749999999999995,-0.07214,0.00014700000000000043,0.00016900000000000075,-0.00019800000000000373
43585,-0.001446,-0.001997,-0.068437,0.00023499999999999997,0.000129,-0.00023000000000000798
46025,0.011141999999999999,0.006741,-0.06954600000000001,0.00012000000000000205,0.0003160000000000012,-8.099999999998386e-05
46737,-0.015199,0.008741,-0.069487,0.00020500000000000032,0.00028800000000000006,0.0001280000000000031
43416,0.016609000000000002,0.007069,-0.06912,0.0002579999999999978,1.600000000000039e-05,-0.0001799999999999996
44031,0.004035,-0.010345,-0.070248,0.00013799999999999923,3.099999999999978e-05,-0.00024399999999999422
46646,-0.01182,0.003846,-0.060998,0.00016800000000000148,0.0003010000000000005,-0.00014100000000000917
36723,0.01568,0.006490999999999999,-0.068247,9.299999999999933e-05,0.00027600000000000107,-0.0001280000000000031
44923,0.007033,-0.004763,-0.066271,0.0002919999999999997,0.00010299999999999979,-0.0005600000000000049
46413,0.01376,0.005697,-0.064103,2.2000000000001185e-05,0.00019200000000000033,-2.000000000015878e-06
44417,-0.006546000000000001,-0.007286,-0.06984,0.000171000000000001,8.600000000000014e-05,-0.00027000000000000635
44951,0.007086,0.0066879999999999995,-0.061854,0.00013599999999999984,0.0002650000000000005,-0.0001959999999999948
45338,-0.005071,0.010885,-0.06111,-6.700000000000022e-05,0.0002659999999999989,0.00011399999999999605
44529,-0.015715,0.007681,-0.073384,2.9999999999998778e-05,0.0004569999999999991,-0.00022400000000000198
46685,0.013391,0.009744,-0.068628,0.00019199999999999946,7.799999999999994e-05,-0.00032400000000000484
45298,-0.005031,0.011851,-0.072299,6.000000000000016e-05,0.00020799999999999812,-8.500000000000174e-05
41363,0.016114,0.004553,-0.068244,3.899999999999737e-05,0.00020800000000000072,-0.00019799999999998985
46518,0.0005510000000000001,0.006086,-0.064547,0.00011200000000000001,0.00016299999999999908,-3.500000000000725e-05
39663,0.016489999999999998,-0.010784,-0.070884,0.00013300000000000464,6.300000000000056e-05,-5.2999999999997494e-05
42517,0.017082,-0.012906,-0.06951500000000001,8.500000000000174e-05,-7.199999999999915e-05,-3.299999999999137e-05
36549,0.003807,0.008447,-0.061124000000000005,7.099999999999988e-05,0.00014099999999999877,0.00023200000000000304
45844,0.004335,0.002826,-0.073737,0.0001929999999999996,0.00023900000000000006,1.5999999999988246e-05
29830,0.0010580000000000001,0.01314,-0.067,-0.0001380000000000001,0.0001389999999999985,0.00012199999999999711
42505,-0.0017569999999999999,0.011342000000000001,-0.074636,-5.199999999999996e-05,0.00027599999999999847,-0.000123000000000012
46679,-0.012757,-0.012125,-0.077259,-0.00011000000000000246,5.800000000000076e-05,-0.0001370000000000121
41092,-0.010322,0.004284,-0.06947400000000001,3.7999999999998105e-05,0.00024900000000000096,-0.0004239999999999938
45871,0.014436,0.0032280000000000004,-0.065735,8.099999999999948e-05,0.0002469999999999998,-0.00013799999999999923
46387,-0.013361000000000001,0.001373,-0.07094,7.600000000000141e-05,0.00013999999999999972,-0.00026699999999998947
46676,0.016638,-0.0053620000000000004,-0.064967,0.0001559999999999999,6.500000000000082e-05,-0.0003610000000000002
46771,-0.014485,0.0031509999999999997,-0.072248,6.299999999999882e-05,0.00026000000000000025,-0.0003529999999999922
46336,0.003963,0.005031,-0.061283000000000004,0.0001479999999999997,0.00014099999999999963,-9.799999999999393e-05
46019,-0.015135,0.0047350000000000005,-0.07539900000000001,2.599999999999998e-05,0.00010499999999999919,-0.00032999999999999696
44049,-0.008695999999999999,0.000202,-0.067329,0.00017099999999999928,0.000299,-0.00019199999999999773
44074,-0.007069,0.003392,-0.061652,0.0002989999999999998,0.00011399999999999952,5.000000000000143e-05
45758,-0.0015480000000000001,0.001231,-0.066306,0.00022400000000000002,0.0002639999999999999,-0.0004269999999999968
41933,-0.009208000000000001,-0.0060940000000000005,-0.069188,3.100000000000151e-05,1.2000000000000725e-05,-0.00028300000000000547
43396,-0.009659000000000001,-0.001574,-0.071357,0.00010000000000000113,8.299999999999996e-05,-5.4999999999999494e-05
45528,-0.000165,-9.6e-05,-0.06221,0.000118,0.000108,-0.00023100000000000204
45857,0.006284,-0.006221,-0.068021,0.00020000000000000052,4.99999999999997e-05,-0.0003660000000000052
45892,0.014237999999999999,-0.0065439999999999995,-0.070581,3.0000000000012655e-06,-1.1000000000000593e-05,-0.00021500000000000685
44610,0.003615,-0.0037170000000000003,-0.063825,0.00022199999999999998,8.000000000000021e-05,-0.00038299999999999446
44911,0.0025510000000000003,-0.003166,-0.06612900000000001,0.0003309999999999997,0.00030999999999999995,-0.0003009999999999957
46154,-0.010943,0.010929,-0.07225799999999999,0.00013299999999999944,0.0002149999999999999,5.999999999992123e-06
46200,-0.014103,0.004037,-0.07099599999999999,7.599999999999968e-05,0.0002310000000000003,-0.00021100000000000285
46280,0.004027,-0.01078,-0.065253,0.000196,-1.8000000000000654e-05,3.0000000000030003e-06
45828,-0.010232,0.011842,-0.066153,-3.900000000000084e-05,0.00020300000000000006,0.0001280000000000031
46313,-0.014449,-0.00862,-0.075832,2.3999999999999716e-05,0.0002959999999999994,7.899999999999574e-05
42798,0.009554,0.006395,-0.07016,0.00021700000000000018,0.0001250000000000001,-0.00010699999999999599
45452,0.013951999999999999,0.008377,-0.063059,3.0000000000000512e-05,0.00014599999999999856,-0.00011799999999999311
45514,0.007961000000000001,0.000235,-0.072446,0.0003169999999999996,0.00017799999999999996,-0.0002420000000000061
37470,0.0050880000000000005,0.007335,-0.06645000000000001,2.199999999999945e-05,0.00014400000000000003,4.000000000017878e-06
45603,-0.014476000000000001,-0.0032,-0.076321,8.900000000000054e-05,5.700000000000019e-05,-5.8999999999989616e-05
35610,-0.00658,0.003391,-0.075046,-7.000000000000062e-06,0.00026500000000000004,-0.00014200000000000323
45063,0.01281,-0.010128999999999999,-0.062348999999999995,0.00016000000000000042,-1.2000000000001593e-05,-2.2000000000008124e-05
42634,0.011101000000000001,-0.010447,-0.071952,9.89999999999984e-05,5.999999999999929e-05,-0.0003100000000000047
45516,-0.009382999999999999,-0.004405,-0.069902,0.0,0.00014099999999999963,-0.0002259999999999901
46309,0.0007099999999999999,0.0063609999999999995,-0.067376,1.0000000000000243e-06,0.00020199999999999992,3.0000000000030003e-06
45519,0.006203,-0.005646,-0.073181,0.0001429999999999999,6.600000000000009e-05,-0.00026500000000000135
44019,0.012486,-0.00133,-0.07237,0.00014299999999999903,7.000000000000062e-06,-0.0002889999999999976
45255,0.013199,0.00010899999999999999,-0.072931,6.999999999999888e-05,6.9e-05,-0.0002430000000000071
46591,-0.013502,0.005529,-0.072407,-7.199999999999915e-05,0.00044099999999999955,-0.0001330000000000081
46656,0.002837,-0.000372,-0.072924,0.00021400000000000021,0.000244,-0.00027199999999999447
44293,-0.004233,0.011087,-0.074211,4.099999999999937e-05,0.00015300000000000036,-0.00015699999999999048
46167,0.014385,0.008112999999999999,-0.068868,0.0002479999999999982,9.20000000000018e-05,-0.0001850000000000046
46340,-0.011803000000000001,-0.010974,-0.069998,0.00016299999999999995,4.89999999999987e-05,-5.7000000000001494e-05
39404,0.005671000000000001,0.009295,-0.066732,1.7999999999999787e-05,0.00016000000000000042,3.199999999999037e-05
46658,0.014834,-0.0038929999999999998,-0.070972,-3.099999999999978e-05,-7.099999999999988e-05,-0.0002610000000000112
44017,0.004476,0.00297,-0.068975,8.99999999999998e-05,7.200000000000002e-05,-0.0003520000000000051
44949,-0.002585,-0.005626,-0.073529,8.300000000000017e-05,1.1999999999999858e-05,-0.0001229999999999981
17102,0.000147,0.011763,-0.067401,-4.799999999999999e-05,0.00011800000000000178,7.200000000000262e-05
46275,-0.014872999999999999,0.001596,-0.068518,0.00029199999999999886,0.00018099999999999995,1.5000000000001124e-05
44003,-0.003523,-0.010045,-0.06940600000000001,0.0001380000000000001,0.00011500000000000052,-0.00012599999999998723
46498,0.010544000000000001,0.001105,-0.064236,9.999999999992654e-07,8.799999999999997e-05,-0.00011600000000000499
44717,0.004441,-0.0010249999999999999,-0.07520099999999999,0.00019500000000000073,0.00016399999999999987,-0.0001390000000000141
41706,-0.002989,-0.003832,-0.070066,0.00033100000000000013,0.00019999999999999966,-0.0002950000000000036
46151,-0.011593,-0.004081,-0.074406,0.0001449999999999993,0.00020000000000000052,-0.00013199999999999323
46510,0.0059889999999999995,0.00173,-0.063708,0.0002660000000000006,0.00010699999999999989,-0.0002500000000000002
45832,0.015767,-0.007004,-0.07156,-4.000000000000531e-06,0.00012899999999999977,-0.00010999999999999899
46539,-0.007719,-0.012475,-0.06578400000000001,-5.899999999999916e-05,-3.500000000000031e-05,-0.00032299999999998996
46315,-0.000535,0.010654,-0.061373,-0.00011099999999999999,9.900000000000013e-05,2.2999999999995246e-05
46164,0.016846,-0.003148,-0.074405,0.00014699999999999783,8.600000000000057e-05,-0.00010899999999999799
44320,0.01033,0.004065,-0.063206,0.00016000000000000042,0.00012299999999999985,-5.6000000000000494e-05
44004,-0.006624,-0.004995,-0.070473,7.900000000000008e-05,0.00020000000000000052,-0.00011600000000000499
43513,-0.011531000000000001,0.00141,-0.07274,8.900000000000054e-05,9.000000000000002e-05,-0.00017100000000000448
46514,0.012352,0.0026309999999999997,-0.064685,7.899999999999921e-05,0.00017400000000000054,-0.00013099999999999223
44142,0.01509,-0.001349,-0.067305,7.000000000000062e-06,0.00027000000000000006,-0.00010100000000000386
44642,0.005012,0.0042380000000000004,-0.069343,0.00012200000000000058,6.799999999999948e-05,-0.00023899999999998922
34728,0.000309,0.012002,-0.066706,-6.9e-05,0.00011599999999999978,0.00011400000000000299
45016,0.007318,0.000402,-0.072355,0.00029799999999999965,0.0001699999999999999,-0.00016499999999999848
46093,-0.013623,-0.006148,-0.075161,9.99999999999994e-05,0.00020199999999999992,-0.0002189999999999831
46526,0.013116,0.012406,-0.07196899999999999,2.300000000000045e-05,-6.300000000000056e-05,2.0999999999993246e-05
45548,0.017207,0.011736,-0.07059099999999999,0.00014000000000000123,8.799999999999954e-05,-0.00010600000000000886
46476,-0.000229,0.006723,-0.068098,-3.500000000000001e-05,0.00011399999999999952,-2.2999999999995246e-05
45626,-0.006874,0.0022730000000000003,-0.068627,5.399999999999936e-05,0.00010499999999999962,-0.0003700000000000092
45547,0.009564,-0.004142000000000001,-0.071179,0.0003049999999999997,1.600000000000039e-05,-0.0002899999999999847
42234,-0.000687,0.01256,-0.067706,-5.8e-05,7.799999999999994e-05,5.4999999999999494e-05
45517,-0.001039,-0.012577999999999999,-0.06675199999999999,0.00016700000000000005,1.2999999999999123e-05,-0.00015199999999999936
44916,0.004775000000000001,-0.001512,-0.067398,0.0001869999999999988,0.00016400000000000008,-0.0005519999999999969
45270,-0.002072,0.003953,-0.072587,3.800000000000027e-05,0.0003640000000000006,-6.30000000000075e-05
45510,0.00042699999999999997,-0.0076040000000000005,-0.072049,0.00019400000000000005,3.200000000000078e-05,-0.00019199999999999773
44899,-0.00037,-0.00046600000000000005,-0.068464,0.000128,0.00020600000000000002,-0.0003989999999999966
45543,-0.006281,-0.003392,-0.073825,-2.8000000000000247e-05,0.00023999999999999976,1.8000000000004124e-05
46285,-0.015203,0.004424,-0.06941800000000001,6.499999999999909e-05,0.0001879999999999998,-0.00030999999999999084
35113,0.012944,0.006369,-0.069586,0.0001449999999999993,8.700000000000114e-05,-0.0001749999999999946
41649,0.002939,-0.008698000000000001,-0.070461,0.00016299999999999952,4.1000000000001105e-05,-0.00014700000000000824
46290,-0.006332,0.0052699999999999995,-0.076854,0.00010399999999999993,0.00011400000000000125,-0.00010799999999999699
46501,-0.006035,-0.009589,-0.06790399999999999,8.80000000000004e-05,9.60000000000006e-05,-0.0004790000000000072
40720,-0.001332,-0.00642,-0.07215,0.0002050000000000001,3.099999999999978e-05,-0.00018999999999999573
43381,0.002852,-0.002039,-0.063142,0.00017399999999999968,0.00015799999999999994,-0.0003589999999999982
39835,0.004991,0.0038599999999999997,-0.069449,0.0001380000000000001,6.100000000000029e-05,-0.00027100000000000735
44909,-0.008955999999999999,0.008591,-0.065326,1.3999999999998389e-05,9.800000000000086e-05,-5.7000000000001494e-05
43410,-0.009954000000000001,-0.001119,-0.07412,3.100000000000151e-05,0.00013900000000000002,-0.0001810000000000006
45672,0.003985,-0.002179,-0.061774,0.0002999999999999999,0.000276,-0.0004909999999999984
46339,0.015153,0.000203,-0.065946,-9.000000000000327e-06,0.00026999999999999995,-8.199999999999874e-05
43374,-0.000923,0.010901,-0.06995900000000001,-0.00010899999999999994,0.00027100000000000214,6.1000000000005494e-05
46230,-0.006894,0.002074,-0.0615,0.00017799999999999934,0.00020100000000000022,-0.00010099999999999693
43700,0.015078,-0.000331,-0.067753,0.00012700000000000038,0.000254,-7.800000000000862e-05
45232,0.004469,-0.008321,-0.06773,0.00024300000000000016,7.500000000000041e-05,-0.0002960000000000046
42041,0.007937,0.004941,-0.062754,0.0001770000000000018,0.00015499999999999976,-8.600000000000274e-05
40997,-0.0039689999999999994,0.010796,-0.072916,5.099999999999896e-05,0.00015699999999999915,5.999999999992123e-06
46653,0.013675000000000001,-0.009824999999999999,-0.06253600000000001,0.00013999999999999777,3.999999999998796e-06,-0.00020699999999999885
41416,0.011496000000000001,-0.010909,-0.06363,2.6999999999999247e-05,0.0001260000000000011,-6.599999999999662e-05
44658,-0.011589,0.002146,-0.07331900000000001,7.300000000000015e-05,0.0001290000000000002,-0.00015299999999998648
44687,-0.003363,0.012066,-0.067246,-1.1000000000000159e-05,0.00018099999999999887,0.00012099999999999611
42218,-0.012138,0.011042999999999999,-0.069252,4.2999999999999636e-05,0.00024000000000000063,0.00013199999999999323
43462,0.014658,0.011598,-0.07046899999999999,0.00029400000000000086,2.8999999999999512e-05,-6.90000000000135e-05
46682,-0.005525,-0.009873,-0.067762,0.00010800000000000046,5.699999999999976e-05,-0.0005099999999999966
44729,-0.008811,-0.010126,-0.06689700000000001,9.200000000000007e-05,0.00016599999999999948,-0.00017899999999998473
39337,0.017369,0.004883,-0.06976,0.00010600000000000193,0.0001879999999999998,-0.00011200000000000099
45752,0.012217,-0.010135,-0.071714,0.00011800000000000005,8.6000000000001e-05,-0.00020199999999999385
43388,-0.000339,-0.0035110000000000002,-0.069662,0.00021799999999999999,0.00019400000000000016,-0.00014500000000000624
46163,0.005117,-0.0035659999999999997,-0.061439,0.00017900000000000034,0.0001799999999999996,-0.00046600000000000114
45258,-0.0006850000000000001,-0.008695999999999999,-0.06656999999999999,0.0001020000000000001,6.999999999999888e-05,-0.00015400000000001524
42020,-0.0149,-0.005022,-0.074872,2.8999999999999512e-05,0.00020500000000000032,-0.0001350000000000101
42902,-0.009073000000000001,0.003742,-0.069654,8.900000000000054e-05,0.0003099999999999991,-0.0003640000000000032
46236,-0.009816,0.006611,-0.061402,8.900000000000054e-05,0.00021600000000000005,-0.00019100000000000367
45468,0.005005,0.004609,-0.061079999999999995,0.00010899999999999972,0.0001239999999999991,-0.00010399999999999993
44635,0.004715,-0.011894,-0.069236,0.0001360000000000007,6.900000000000135e-05,-4.099999999999937e-05
45913,0.007105,-0.01102,-0.072321,0.00012899999999999977,0.00011099999999999999,-0.00015000000000001124
46553,0.001776,-0.008779,-0.061807,6.999999999999997e-05,0.00012200000000000058,-7.000000000000062e-05
37358,0.011377,0.007892999999999999,-0.070258,0.00010699999999999946,0.00015100000000000183,-0.00020900000000000085
46292,-0.008186,0.009926,-0.064273,-4.49999999999999e-05,0.00019800000000000026,-3.200000000000425e-05
40008,0.002018,-0.006581,-0.07069,0.00015200000000000023,7.999999999999327e-06,-8.599999999998886e-05
45301,-0.004248999999999999,0.009346,-0.070951,-2.1000000000000185e-05,0.0003130000000000008,-7.499999999999174e-05
36082,0.006144999999999999,0.0015860000000000002,-0.07135899999999999,0.00015700000000000002,0.0001749999999999998,-0.00028300000000000547
43688,0.007195,0.002068,-0.071075,0.0001929999999999996,0.0001740000000000001,-0.0004070000000000046
45276,-0.003381,-0.0033380000000000003,-0.073154,6.699999999999979e-05,6.200000000000042e-05,-0.00028100000000000347
22358,0.012619,0.00626,-0.072936,0.0002149999999999999,1.599999999999952e-05,-0.00020099999999999285
41665,0.012464000000000001,-0.0064,-0.068084,6.899999999999788e-05,0.00013200000000000017,-0.0001810000000000006
46184,-0.006742,-0.009444000000000001,-0.07018899999999999,0.00017,-3.399999999999931e-05,-0.00028000000000000247
46508,0.006104,-0.007338,-0.067316,0.00041200000000000004,0.00012799999999999964,-0.0004070000000000046
43450,0.010827,-0.011311,-0.06774899999999999,9.60000000000006e-05,-6.300000000000056e-05,-0.00017100000000001836
44534,0.0020310000000000003,-0.002029,-0.061200000000000004,0.00018499999999999983,9.39999999999999e-05,-0.00018399999999999667
43701,0.01489,0.003863,-0.073738,0.00010799999999999872,0.00010700000000000032,-0.00011400000000000299
27266,0.000877,0.010864,-0.073026,-0.000125,0.0001339999999999987,-3.400000000000625e-05
46480,-0.005831,0.009375999999999999,-0.063349,-0.00012199999999999971,0.0002210000000000007,-3.799999999999637e-05
44002,-0.008978,0.00958,-0.062822,-6.199999999999956e-05,0.00023000000000000104,-3.899999999999737e-05
43412,0.013832,0.001847,-0.06559699999999999,0.00011099999999999825,0.00024200000000000024,-0.00011500000000001787
46152,-0.010983,-0.003888,-0.066626,0.00018199999999999987,0.00015700000000000002,-0.0002469999999999972
41703,-0.0026349999999999998,0.002555,-0.074137,0.0002639999999999999,0.00022600000000000007,-0.00038500000000001033
45835,0.001678,-0.005332,-0.06993899999999999,0.00014600000000000008,8.99999999999946e-06,-0.00011700000000000599
43731,0.007891,-0.001615,-0.071324,0.0003709999999999998,0.00012199999999999971,-0.00027299999999999547
44010,0.002542,-0.011837,-0.070664,9.500000000000003e-05,0.00012100000000000131,-0.00014100000000000223
39521,0.0061719999999999995,0.004099,-0.067637,0.00011500000000000052,4.0000000000000105e-05,-0.00018899999999999473
28193,-0.000205,0.010542,-0.070732,-4.7000000000000004e-05,0.0001799999999999996,1.1999999999998123e-05
37366,0.01126,0.008246,-0.06483199999999999,6.800000000000035e-05,0.00011200000000000099,-4.200000000001425e-05
44060,0.005705,-0.004373999999999999,-0.07258400000000001,0.00020300000000000006,-3.000000000000398e-06,-0.0004229999999999928
44307,0.009476,-0.007123999999999999,-0.065188,0.0003020000000000002,1.199999999999899e-05,-0.00022800000000000598
45127,0.013212,-0.01085,-0.07026600000000001,9.39999999999986e-05,6.899999999999962e-05,-0.0003419999999999951
44006,0.003711,-0.002265,-0.07042799999999999,0.0002630000000000002,0.00015400000000000006,-0.00040300000000001446
46513,0.012675,-0.010052,-0.071672,0.00017299999999999954,3.300000000000004e-05,-0.00021100000000000285
42552,0.003702,0.01145,-0.071622,-0.0001290000000000002,0.0001360000000000007,-1.0999999999997123e-05
45324,-0.006497,-0.010664,-0.068481,9.900000000000013e-05,0.00018500000000000114,-0.00018499999999999073
44982,0.008615,0.00404,-0.073405,0.00023600000000000183,0.00012000000000000031,-0.0002869999999999956
44187,-0.011893,0.0014650000000000002,-0.074386,4.49999999999999e-05,0.00021299999999999986,-3.400000000000625e-05
45222,-0.000694,-0.006795,-0.074586,0.000125,0.00011800000000000005,-0.00010599999999999499
44372,-0.008349,-0.010968,-0.066677,4.200000000000037e-05,9.900000000000013e-05,-0.00027599999999999847
45542,-0.00455,-0.009235,-0.06598699999999999,0.00017,4.60000000000009e-05,-0.00017800000000001148
44931,0.01041,0.008698000000000001,-0.06953400000000001,8.200000000000048e-05,0.00017599999999999907,-0.00015099999999998448
44691,2.6e-05,-0.010324999999999999,-0.073277,0.000141,7.599999999999794e-05,-4.099999999999937e-05
45842,0.002751,0.002943,-0.070137,0.00016599999999999991,0.00028699999999999993,-0.00012099999999999611
44337,-0.0116,0.009695,-0.066359,0.00014299999999999903,0.0001510000000000001,4.200000000001425e-05
43075,0.002786,-0.009657,-0.067577,0.00016700000000000005,4.000000000000531e-06,-0.00013799999999999923
46486,-0.000421,0.009865,-0.063531,-9.499999999999998e-05,0.00012400000000000085,5.7000000000001494e-05
44941,0.0044009999999999995,-0.004682,-0.07647499999999999,0.00015700000000000002,6.300000000000056e-05,-4.400000000001625e-05
45513,0.005444,-0.000443,-0.072271,0.0003899999999999997,0.00016699999999999994,-0.0004120000000000096
44319,0.009796,-0.004143,-0.068539,0.0001460000000000003,8.899999999999967e-05,-0.00027399999999999647
46227,-0.007237,0.011330999999999999,-0.06868099999999999,-5.999999999999929e-06,0.000196,5.1999999999982616e-05
43754,0.010386,-0.00422,-0.066589,0.00024300000000000016,8.80000000000004e-05,-0.0002279999999999921
41977,0.000749,0.003794,-0.069157,-3.499999999999998e-05,0.00028700000000000036,-0.00033299999999999996
42285,-0.008981999999999999,-0.0073230000000000005,-0.071321,0.00019599999999999826,0.00017200000000000115,-0.00028700000000000947
44704,0.007789,-0.009183,-0.070044,0.00018899999999999906,-3.7000000000000574e-05,-0.0002510000000000012
39954,0.0034609999999999997,0.000588,-0.07009,0.00012000000000000031,9.80000000000001e-05,-0.0002360000000000001
45865,0.00449,0.007666,-0.065721,2.499999999999985e-05,0.00021899999999999958,5.999999999992123e-06
45580,-0.013241,-0.011998,-0.071535,0.00022400000000000024,0.000168999999999999,-0.00011700000000000599
40735,-0.013029,0.003263,-0.07422,1.0000000000001327e-05,0.00029600000000000026,-0.00020000000000000573
39510,0.006804,0.006959,-0.07216,0.00013899999999999937,0.00013500000000000057,-0.00015500000000000236
39923,0.000732,0.008795,-0.070705,1.500000000000004e-05,0.00018599999999999867,-8.899999999999186e-05
44613,-0.009804,0.008715,-0.07539900000000001,-4.89999999999987e-05,0.00024699999999999896,-0.00021099999999998897
29483,0.008461,0.009309,-0.070665,0.00011800000000000005,0.00011900000000000105,-9.699999999999986e-05
42137,-0.012962999999999999,0.004758,-0.071926,5.599999999999876e-05,0.00033799999999999976,-0.00033600000000000296
46481,-0.011518,-0.004727,-0.072324,-2.199999999999945e-05,0.00014999999999999996,-0.00016700000000000048
41935,-0.010526,-0.000129,-0.070722,0.00018300000000000087,0.000241,-0.00019800000000000373
44902,-0.013866,0.003573,-0.072343,-1.6999999999999654e-05,0.00028600000000000023,-0.00027199999999999447
43082,0.005785,-0.010005,-0.067076,0.00022900000000000004,7.000000000000062e-06,-7.600000000000662e-05
46487,-0.012102,-0.0014579999999999999,-0.064937,0.00031799999999999884,0.00014999999999999974,-0.0001320000000000071
41005,0.003267,-0.0022400000000000002,-0.072549,0.0001950000000000003,8.900000000000054e-05,-0.00019999999999999185
32999,0.00101,0.011896,-0.066251,-7.000000000000008e-05,0.00012200000000000058,0.00010699999999999599
44615,-0.001425,0.009269999999999999,-0.069414,-1.0000000000000026e-05,0.00028500000000000053,1.0000000000010001e-05
44970,0.009739000000000001,-0.003817,-0.065854,0.0002239999999999985,0.00010300000000000023,-0.00026800000000000435
44910,-0.007237,0.0031520000000000003,-0.068898,2.8000000000001114e-05,0.00020199999999999992,-0.0003680000000000072
38631,0.008896000000000001,-0.007327,-0.072336,0.00026799999999999914,9.400000000000033e-05,-0.0001789999999999986
44628,-0.00739,0.000475,-0.069378,5.699999999999976e-05,0.00020500000000000005,-0.00027699999999999947
45277,0.003901,-0.00101,-0.069562,0.00021400000000000065,0.00017900000000000012,-0.0004840000000000122
41032,0.003369,0.007952,-0.069435,-2.3999999999999716e-05,8.89999999999988e-05,-7.200000000000262e-05
46531,-0.002585,0.009295999999999999,-0.074174,0.00010000000000000026,0.00024000000000000063,-0.00013699999999999823
43512,-0.011706,-0.009453,-0.071907,0.00011300000000000025,4.699999999999843e-05,-0.00012199999999999711
44782,-0.005793,-0.004757,-0.070313,0.00013900000000000023,0.0002450000000000004,-0.00019700000000000273
43879,0.000588,0.002079,-0.06430899999999999,0.00013699999999999997,0.00019799999999999983,-0.0004640000000000061
45103,-0.004229,-0.010561,-0.071316,0.00015500000000000062,7.899999999999921e-05,-0.0002530000000000032
37988,0.009981,0.009099,-0.067072,1.9999999999999185e-05,6.600000000000009e-05,-6.499999999999562e-05
44000,-0.00758,-0.003936,-0.07232599999999999,7.899999999999921e-05,0.00011000000000000029,-4.400000000001625e-05
43780,-0.011788999999999999,0.004041,-0.0717,6.299999999999882e-05,0.00031899999999999984,-0.00026999999999999247
46620,0.00206,-0.008875,-0.07366400000000001,0.00018299999999999957,4.700000000000017e-05,-0.00025699999999999334
45587,-0.012647,-0.00463,-0.07234600000000001,7.000000000000062e-05,0.00015700000000000002,-0.00015299999999998648
39077,0.008806,-0.000482,-0.067839,-2.7999999999998512e-05,0.00011500000000000003,-0.00014899999999999636
43074,-0.003746,0.010757,-0.066594,-7.499999999999998e-05,0.00017300000000000128,7.700000000000762e-05
42483,0.004423,0.008063,-0.068912,-2.0999999999999318e-05,6.800000000000035e-05,-7.599999999999274e-05
46189,-0.011829000000000001,-0.006458,-0.068574,-7.699999999999894e-05,0.00010500000000000006,-0.00016500000000001236
44346,-0.0008010000000000001,0.0016790000000000002,-0.065429,0.0001820000000000001,0.00015999999999999977,-0.00039200000000000346
39605,-0.002212,0.00328,-0.068294,-1.2000000000000292e-05,0.0002409999999999999,-0.00019600000000000173
46221,0.0011619999999999998,-0.010303000000000001,-0.06934399999999999,0.00012300000000000006,5.20000000000017e-05,-3.5000000000021125e-05
46483,0.009131,-0.001266,-0.066941,2.599999999999998e-05,0.00013900000000000002,-0.00014300000000000423
45515,-0.008214,0.005332,-0.068664,3.0000000000002247e-05,0.00023099999999999943,-0.00037399999999999933
42790,-0.00041,0.008026,-0.071128,0.00013699999999999997,0.0001860000000000004,-9.800000000000086e-05
43687,-0.003611,0.008248,-0.06469,-0.00010500000000000006,0.00017599999999999907,-2.8000000000000247e-05
45867,-0.005012,0.006528,-0.063819,-1.899999999999992e-05,0.00013100000000000004,4.700000000000537e-05
45414,-0.000621,0.006796,-0.072521,-4.7999999999999974e-05,0.0002909999999999996,-4.299999999998749e-05
44766,0.0009459999999999999,0.009782,-0.06922400000000001,-7.399999999999996e-05,0.0001289999999999989,5.6000000000000494e-05
36518,0.016283000000000002,-0.002644,-0.068437,0.0001250000000000001,0.00013699999999999997,-1.0999999999997123e-05
44728,0.000467,0.004228,-0.062567,0.00016900000000000004,0.0002970000000000004,-0.00016700000000000048
45955,0.006938,-0.008669,-0.063825,0.0002580000000000004,-0.00012700000000000038,-0.0002249999999999891
46274,-0.007631000000000001,-0.008052,-0.06530899999999999,0.00024000000000000063,0.00011000000000000072,-0.00044299999999999895
41320,0.007252,0.007450999999999999,-0.0682,5.999999999999929e-06,4.500000000000077e-05,-9.500000000001174e-05
39962,0.008387,0.008261,-0.068175,-5.699999999999976e-05,9.200000000000007e-05,-7.999999999999674e-05
44165,0.01027,-0.012742000000000002,-0.06469799999999999,-2.099999999999845e-05,3.100000000000151e-05,-0.0001890000000000086
37982,0.010361,0.002875,-0.06895399999999999,2.7999999999998512e-05,0.00022600000000000007,-0.00018700000000002048
42298,0.002146,-0.001246,-0.07006799999999999,0.0001590000000000003,0.00017199999999999984,-0.0003670000000000062
45221,0.002991,-0.012266,-0.065028,8.59999999999997e-05,0.0001510000000000001,9.599999999999886e-05
44297,0.004884,0.001421,-0.066621,0.0002360000000000001,0.00021000000000000012,-0.0003670000000000062
41546,0.014917999999999999,-0.008334,-0.069017,8.800000000000127e-05,0.00011199999999999925,-3.0000000000030003e-06
46521,0.015097,0.00034599999999999995,-0.07016599999999999,-1.1999999999998123e-05,0.00013700000000000002,-0.00010500000000000786
43814,0.008547,-0.012946,-0.06633700000000001,0.00016299999999999995,1.899999999999992e-05,-0.00020900000000000085
36191,-0.000829,0.011035,-0.065441,1.100000000000005e-05,0.0001799999999999996,9.699999999999986e-05
42799,-0.000555,0.008447,-0.06651399999999999,-3.899999999999997e-05,0.0002559999999999993,4.799999999999249e-05
42876,0.0007239999999999999,-0.00068,-0.069274,7.000000000000008e-05,0.00014199999999999998,-0.00038900000000000046
34145,0.015071,0.002033,-0.07018200000000001,2.8999999999999512e-05,0.00010300000000000023,-0.00010499999999999399
46192,0.011627,-0.001578,-0.070399,0.0003199999999999991,0.00024299999999999994,-0.00018899999999999473
44683,-0.007355,-0.006144999999999999,-0.071338,0.00013800000000000097,0.0001559999999999999,-0.0001270000000000021
45697,-0.004213,0.010027,-0.069826,-2.0000000000000052e-05,0.0001260000000000011,3.999999999999837e-05
45948,-0.004044,-0.012369999999999999,-0.069165,0.0001559999999999999,2.3999999999999716e-05,-0.00015099999999999836
44614,0.001769,0.001991,-0.067663,7.50000000000002e-05,0.0002679999999999996,-0.0005089999999999956
42205,-0.008884,0.0022789999999999998,-0.067157,0.0001449999999999993,0.00028100000000000043,-0.0003710000000000102
45211,-0.013654999999999999,0.000959,-0.07234900000000001,5.4999999999999494e-05,0.0001550000000000002,-0.00031899999999999984
45520,0.006782,0.0053170000000000005,-0.062369999999999995,0.0001590000000000003,0.0001749999999999998,-0.00010900000000000493
41393,0.0009559999999999999,0.005777999999999999,-0.07224,0.00016600000000000024,0.00018600000000000127,-0.0001300000000000051
35128,0.013652,0.006283,-0.067641,-1.4000000000000123e-05,0.00021299999999999965,-6.599999999998274e-05
45908,-0.00335,-0.0031520000000000003,-0.063535,0.00010099999999999996,0.0003560000000000004,-0.00027000000000000635
45536,0.012833,0.0022879999999999997,-0.065798,0.00013799999999999923,0.0002450000000000004,-4.700000000000537e-05
46173,0.015607,0.0019119999999999999,-0.069126,-7.999999999999327e-06,8.400000000000009e-05,-1.8000000000004124e-05
45678,0.0027879999999999997,-0.011987,-0.068691,8.100000000000034e-05,0.0001549999999999989,-4.500000000000337e-05
45996,0.012042,-0.005059,-0.065288,0.0003199999999999991,3.600000000000044e-05,-0.00020299999999999485
41343,0.000455,-0.000983,-0.07156799999999999,1.799999999999995e-05,0.00021199999999999995,-0.00033299999999999996
41735,0.017007,-0.0032559999999999998,-0.066991,4.60000000000009e-05,0.00012399999999999954,-2.6999999999999247e-05
37734,0.013715999999999999,0.00016700000000000002,-0.069527,6.200000000000129e-05,0.000264,-0.00013599999999999723
43999,-0.008637,0.006527,-0.069071,-2.9999999999998778e-05,0.00016199999999999982,-0.00020200000000000773
43705,-0.003637,0.004059,-0.063612,0.00012100000000000001,0.0001299999999999999,-0.00025999999999999635
42825,0.000446,-0.003585,-0.06825,0.00024299999999999994,0.00018800000000000023,-0.0001229999999999981
37969,-0.0035059999999999996,0.00543,-0.06715900000000001,-5.900000000000046e-05,0.00012399999999999998,3.5000000000021125e-05
35618,-0.006704,0.005409,-0.067732,3.000000000000398e-06,0.0001380000000000001,-0.00025199999999998834
44298,-0.00524,0.009549,-0.06540699999999999,-2.499999999999985e-05,0.00012299999999999985,7.399999999999074e-05
44009,-0.004141,0.0032040000000000003,-0.06592400000000001,0.00017899999999999947,0.00014699999999999956,-0.00027199999999999447
46299,-0.013987,0.010012,-0.066565,0.00017599999999999907,0.00013400000000000044,-1.0000000000010001e-05
39005,-0.011503,0.0038940000000000003,-0.074381,8.299999999999974e-05,0.00016700000000000005,-9.900000000000186e-05
45619,0.009375,-0.001896,-0.064462,9.800000000000086e-05,9.999999999999159e-07,-7.999999999999674e-05
43767,-0.0016140000000000002,0.003523,-0.062301,0.00015300000000000014,0.00013599999999999984,-0.0002070000000000058
45518,0.000257,-0.0024,-0.06861700000000001,0.00028199999999999997,0.00017700000000000007,-0.00014499999999999236
45614,0.0025299999999999997,0.002833,-0.065689,0.00013699999999999997,0.00023099999999999987,-0.0003650000000000042
43098,-0.008996,0.001605,-0.071551,0.00016800000000000148,0.00020199999999999992,-0.00028300000000000547
44310,-0.000914,-0.002827,-0.069137,0.00029,0.00012100000000000001,-0.00010899999999999799
45960,-0.004333999999999999,-0.0013289999999999999,-0.065065,0.00011999999999999858,0.00036899999999999997,-0.00020900000000000085
46251,-0.008816000000000001,-0.007322,-0.068036,6.300000000000056e-05,0.00021200000000000038,-0.00022099999999999898
42524,-0.010868000000000001,0.008205,-0.068816,8.400000000000074e-05,0.00019800000000000026,-0.00015299999999998648
42499,-0.003088,-0.007789,-0.06955700000000001,6.0999999999999856e-05,0.00016699999999999961,-0.00012699999999998823
44944,0.011,0.003842,-0.068706,5.6000000000000494e-05,0.00019399999999999973,-3.899999999999737e-05
45953,0.010891999999999999,-0.004875,-0.066331,0.0003180000000000023,4.30000000000005e-05,-0.00032000000000000084
42330,-0.011914999999999999,-0.007704,-0.070313,-1.600000000000039e-05,6.199999999999956e-05,-0.00015099999999999836
45305,-0.012278,0.009757,-0.065233,0.00012300000000000158,6.600000000000009e-05,5.4999999999999494e-05
15880,-0.000553,0.008504,-0.071769,2.4999999999999957e-05,0.00016600000000000122,-4.400000000000237e-05
40196,-0.008003,0.008392,-0.06476000000000001,-4.0000000000000105e-05,0.0001399999999999995,-7.899999999998186e-05
41620,0.002141,0.005568,-0.064688,5.1000000000000264e-05,0.00018599999999999953,-8.800000000000474e-05
34833,0.012797000000000001,0.000634,-0.066289,4.49999999999999e-05,0.000227,-0.00015500000000000236
38585,0.010265,-0.010792,-0.06904300000000001,0.00012599999999999938,-5.7000000000001494e-05,-0.00014399999999999136
34209,0.00487,0.010243,-0.06886,1.999999999999398e-06,0.00010699999999999946,5.2999999999997494e-05
40132,-0.001221,0.005233,-0.067327,7.999999999999999e-05,0.00017100000000000014,-0.0001280000000000031
43178,-0.007619,0.006364,-0.06766899999999999,3.9999999999996635e-06,0.0001399999999999995,-0.00014400000000000523
46162,0.0023,-0.002827,-0.063975,0.0001500000000000004,0.0001429999999999999,-0.0002489999999999992
41004,0.004193,0.006063,-0.06959900000000001,0.00021200000000000038,0.00011399999999999952,0.00012000000000000899
46517,0.014369,-0.001237,-0.066782,8.000000000001062e-06,0.00021200000000000017,-9.499999999999786e-05
33280,0.011102,0.005396,-0.067911,4.1999999999998636e-05,0.00027899999999999973,-3.600000000000825e-05
44939,-0.010646000000000001,0.001949,-0.06591200000000001,0.00011700000000000078,0.00025399999999999967,-0.00031899999999998596
46488,0.012663,-0.000934,-0.06664700000000001,-2.700000000000098e-05,0.00014999999999999996,-0.00012899999999999023
46156,-0.00786,0.006647,-0.063917,-2.199999999999945e-05,0.00014899999999999983,-0.0001250000000000001
