Particle,x,y,z,Vx,Vy,Vz
11405,0.001438,0.004587,-0.07257999999999999,0.0,0.0,0.0
17131,-0.0038540000000000002,-0.0039,-0.07204,0.0,0.0,0.0
14445,-0.007847,-0.0052910000000000006,-0.067515,0.0,0.0,0.0
9655,0.00061,0.005714,-0.07166,0.0,0.0,0.0
13103,-0.00068,0.00417,-0.06982,0.0,0.0,0.0
17425,-0.003041,-0.005992,-0.073446,0.0,0.0,0.0
17571,-0.015029,-0.010664,-0.071541,0.0,0.0,0.0
16347,-0.007312,-0.002533,-0.074342,0.0,0.0,0.0
14914,-0.005927,0.009822,-0.073759,0.0,0.0,0.0
15553,0.001348,-0.009749,-0.071152,0.0,0.0,0.0
16268,0.007932,-0.011682,-0.070143,0.0,0.0,0.0
16332,0.004641,0.009264,-0.061006,0.0,0.0,0.0
16672,0.017395,0.007539,-0.069637,0.0,0.0,0.0
16165,0.002807,0.012388,-0.073132,0.0,0.0,0.0
17139,-0.00213,0.003738,-0.06476900000000001,0.0,0.0,0.0
17003,-0.007883,0.007056,-0.06688200000000001,0.0,0.0,0.0
15778,-0.004384000000000001,0.003155,-0.064846,0.0,0.0,0.0
14276,0.013543,-0.007966,-0.06532500000000001,0.0,0.0,0.0
17526,0.000997,0.007486,-0.063059,0.0,0.0,0.0
16260,-0.010958,0.009131,-0.062401000000000005,0.0,0.0,0.0
16224,-0.0022170000000000002,0.004214000000000001,-0.061366,0.0,0.0,0.0
15518,0.008107,0.009115999999999999,-0.075402,0.0,0.0,0.0
17416,-0.008674,0.003285,-0.06321800000000001,0.0,0.0,0.0
15785,0.003134,-0.000588,-0.06444,0.0,0.0,0.0
16681,-0.009982,-0.001938,-0.063718,0.0,0.0,0.0
17463,-0.010067999999999999,-0.00679,-0.065645,0.0,0.0,0.0
11434,-0.00731,0.002422,-0.069294,0.0,0.0,0.0
17013,0.016992,-0.00959,-0.074859,0.0,0.0,0.0
17433,0.0023079999999999997,0.008536,-0.07613400000000001,0.0,0.0,0.0
17453,-0.011611,0.009626,-0.069586,0.0,0.0,0.0
16807,-0.013201000000000001,0.007822,-0.075819,0.0,0.0,0.0
12809,0.0039180000000000005,-0.003875,-0.07401,0.0,0.0,0.0
17414,0.009369,-0.012747,-0.068036,0.0,0.0,0.0
15275,-0.010638,0.005667,-0.06638,0.0,0.0,0.0
16427,0.015683,0.008862,-0.070412,0.0,0.0,0.0
17651,-0.009134999999999999,-0.012279,-0.06552899999999999,0.0,0.0,0.0
17568,-0.011866,-0.002406,-0.062293999999999995,0.0,0.0,0.0
17584,0.017457,0.008343999999999999,-0.06844700000000001,0.0,0.0,0.0
17719,0.007547,-0.011753,-0.065916,0.0,0.0,0.0
17731,-0.015732,0.002041,-0.077142,0.0,0.0,0.0
9721,-0.001978,0.00538,-0.07412,0.0,0.0,0.0
14176,0.001777,-0.006041,-0.072476,0.0,0.0,0.0
13421,-0.008428000000000001,-0.009479,-0.067104,0.0,0.0,0.0
14114,-0.015927,-0.009816,-0.075207,0.0,0.0,0.0
17195,-0.004866,-0.0076159999999999995,-0.066201,0.0,0.0,0.0
14242,-0.008153,-0.005513,-0.06467,0.0,0.0,0.0
16539,0.001796,-0.00683,-0.07412099999999999,0.0,0.0,0.0
14687,0.002997,0.010308,-0.076558,0.0,0.0,0.0
17442,0.014384000000000001,0.010407,-0.075818,0.0,0.0,0.0
9696,-0.003621,0.007499,-0.07041,0.0,0.0,0.0
17133,0.002483,0.012885,-0.060859,0.0,0.0,0.0
16292,-0.004468,0.009975,-0.07535599999999999,0.0,0.0,0.0
16926,-0.011782,-0.000873,-0.061491,0.0,0.0,0.0
17557,-0.014585,-0.003105,-0.06883700000000001,0.0,0.0,0.0
9874,0.015012000000000001,0.0028,-0.06938599999999999,0.0,0.0,0.0
17628,0.01039,-0.006777,-0.074307,0.0,0.0,0.0
17715,0.005198,0.008296,-0.065466,0.0,0.0,0.0
12181,0.012475,0.0028650000000000004,-0.072424,0.0,0.0,0.0
14232,0.0006490000000000001,0.005131999999999999,-0.074292,0.0,0.0,0.0
17181,-0.001825,0.011461,-0.07275100000000001,0.0,0.0,0.0
17064,0.016391,-0.001694,-0.074811,0.0,0.0,0.0
17256,0.009632,-0.003195,-0.073715,0.0,0.0,0.0
15128,-0.007969,0.013514,-0.07139,0.0,0.0,0.0
14435,-0.002908,-0.001718,-0.073887,2.1000000000000185e-05,0.00014999999999999974,6.499999999999562e-05
17172,0.001487,-0.002927,-0.066166,0.00015799999999999994,0.00018499999999999983,-0.00021399999999999197
14442,-0.005811,-0.002693,-0.066283,7.000000000000062e-05,0.00026000000000000025,0.00026199999999999835
17953,0.0014219999999999999,-0.003523,-0.075476,-2.1999999999999884e-05,7.299999999999971e-05,-3.700000000000925e-05
17470,-0.004932000000000001,0.006885,-0.07446,2.000000000001133e-06,7.100000000000075e-05,-6.699999999999762e-05
16888,-0.006,0.0096,-0.06371500000000001,3.300000000000091e-05,0.0002370000000000011,-5.4999999999999494e-05
17122,-0.007916000000000001,0.0030819999999999997,-0.06468600000000001,7.0000000000017965e-06,0.0002840000000000004,-3.999999999999837e-05
15134,0.006656,0.0010580000000000001,-0.06316,-1.9999999999999185e-05,0.00018599999999999997,4.799999999999249e-05
17856,0.007922,-0.007346,-0.063114,5.999999999999929e-05,3.500000000000031e-05,-1.000000000001e-06
15433,-0.011529999999999999,0.0056689999999999996,-0.072294,-7.300000000000188e-05,7.100000000000075e-05,-3.300000000000525e-05
17114,0.011096,-0.0038239999999999997,-0.070227,-1.6999999999999654e-05,1.6999999999999654e-05,-0.00010899999999999799
17643,-0.005254,0.008253,-0.065281,7.999999999999327e-06,0.00027800000000000047,2.3999999999996247e-05
15991,-0.003149,0.010975,-0.071684,-0.0001780000000000002,4.39999999999989e-05,3.499999999999337e-05
16887,-0.009651,-0.002797,-0.068167,0.00010500000000000093,8.600000000000014e-05,0.00014900000000001024
9640,-0.002854,0.00826,-0.07282,-0.00016699999999999961,0.00011599999999999978,-0.00015500000000000236
17860,-0.005972000000000001,-0.006566,-0.059687,0.00017200000000000115,8.000000000000021e-05,4.900000000000043e-05
17776,-0.00032900000000000003,0.012385,-0.064791,-7.499999999999998e-05,0.0001910000000000002,-2.4999999999997247e-05
17766,0.003778,0.010262,-0.072818,-0.00015100000000000053,6.800000000000035e-05,-0.0002540000000000042
14983,0.016695,0.006499,-0.07103,1.8000000000000654e-05,4.4000000000000636e-05,-0.00027100000000000735
13575,0.015739,-0.010689,-0.071419,-2.6999999999999247e-05,0.0001860000000000004,-5.8000000000002494e-05
17922,0.012313000000000001,-0.005976,-0.064239,1.2999999999999123e-05,0.0002580000000000004,-0.00010499999999999399
18004,0.016168,0.010054,-0.06671099999999999,-4.799999999999596e-05,-0.00012300000000000158,-0.0001950000000000146
16816,0.013521,-0.011633,-0.068252,3.799999999999984e-05,8.2999999999998e-05,4.200000000000037e-05
14439,0.005358,-0.002974,-0.071304,4.4000000000000636e-05,6.300000000000012e-05,-1.000000000001e-06
9694,-0.0083,-0.002242,-0.06884799999999999,6.699999999999935e-05,9.100000000000037e-05,0.00030899999999998984
14118,-0.008612999999999999,-0.0017729999999999998,-0.066593,2.9999999999998778e-05,9.899999999999991e-05,0.0002979999999999927
15775,-0.015908,0.010971,-0.072572,-0.00015700000000000436,1.8000000000000654e-05,8.199999999999874e-05
13856,0.002296,0.012458,-0.063982,-0.00011800000000000005,0.0001410000000000005,-0.0002309999999999951
17824,-0.00428,-0.01133,-0.062219000000000003,0.00020300000000000006,0.0001549999999999989,8.800000000000474e-05
16808,-0.008783,-0.01129,-0.073545,-3.100000000000151e-05,0.00020499999999999859,-2.6999999999999247e-05
9782,-0.001221,-0.006912,-0.072256,-8.599999999999992e-05,1.199999999999899e-05,-0.00010699999999999599
16885,0.012163,-0.00382,-0.0635,7.499999999999868e-05,0.00014900000000000026,-3.300000000000525e-05
17435,0.003143,-0.009653,-0.07538800000000001,6.199999999999999e-05,9.000000000000327e-06,0.00011600000000000499
16581,0.013635,0.011407,-0.06731999999999999,4.700000000000017e-05,9.999999999992654e-07,-0.00020700000000001273
17756,-0.003761,-0.003276,-0.066276,0.00015399999999999962,0.00038099999999999983,7.999999999999674e-05
17617,0.002277,-0.007764,-0.066064,0.00019700000000000013,0.0003389999999999999,-0.00019099999999999673
17478,-0.0028290000000000004,-0.011487,-0.073916,0.00021200000000000038,4.5999999999999167e-05,-0.0001360000000000111
15793,0.008349,-0.012349,-0.06561199999999999,0.00024000000000000063,0.00016900000000000075,0.00011499999999999011
16220,-0.00635,0.010825,-0.062361,-3.199999999999991e-05,0.00019399999999999973,0.0003280000000000019
17556,0.010726000000000001,0.0028250000000000003,-0.062945,1.9999999999985307e-06,0.000291,-0.00014800000000000924
17546,0.005521,0.010433999999999999,-0.060572,-9.19999999999992e-05,0.00025299999999999975,-4.300000000000137e-05
17272,-0.011505000000000001,-0.009329,-0.07274800000000001,2.5000000000000716e-05,0.00028199999999999927,-1.4000000000000123e-05
16540,-0.007284,0.009393,-0.063166,-0.00011099999999999999,0.00035400000000000015,-0.0002859999999999946
17548,-0.01487,0.010223000000000001,-0.076171,-0.00018199999999999987,5.099999999999723e-05,-9.800000000000086e-05
17100,-0.013792,0.005828000000000001,-0.07082899999999999,-4.700000000000017e-05,2.5999999999999114e-05,4.299999999998749e-05
17904,0.01129,-0.012441,-0.07298,1.1000000000000593e-05,-6.899999999999962e-05,-0.0005959999999999854
9797,0.009877,0.006144999999999999,-0.073752,-0.00018800000000000067,-6.600000000000009e-05,-0.00011800000000000699
15201,0.015259,-0.0076100000000000004,-0.07511,-9.60000000000006e-05,-4.999999999999796e-06,-0.00016700000000000048
15840,-0.0029249999999999996,-0.008395,-0.069908,2.0000000000000052e-05,0.00015000000000000083,-1.5000000000001124e-05
16112,0.010237,0.013162,-0.06417400000000001,-4.5999999999999167e-05,0.0002399999999999989,-0.00013999999999998736
17934,-0.001165,0.010244999999999999,-0.065488,-2.20000000000001e-05,0.000256000000000001,-0.0001860000000000056
16479,-0.007332,-0.005199,-0.063425,-4.19999999999995e-05,0.0001369999999999991,0.00011999999999999511
13418,5.9999999999999995e-05,-0.003869,-0.067221,5.8e-05,0.0003449999999999998,-7.699999999999374e-05
14794,0.010603999999999999,0.006753,-0.06710899999999999,-2.6999999999999247e-05,0.0002569999999999994,-0.0001880000000000076
17772,-0.006039,0.005787,-0.07551000000000001,-4.49999999999999e-05,7.099999999999988e-05,-0.0002869999999999956
16690,-0.010673,0.01133,-0.064645,0.00019199999999999946,6.800000000000035e-05,0.0001779999999999976
9794,0.005658000000000001,0.010273,-0.074695,-0.0001230000000000007,0.0001250000000000001,-0.00021799999999999597
17783,-0.01227,0.006907,-0.074767,-0.00011199999999999925,2.5000000000000716e-05,2.4999999999997247e-05
17464,0.004718,-0.011984999999999999,-0.063516,-1.7999999999999787e-05,6.499999999999909e-05,-5.9000000000003494e-05
14099,0.006631000000000001,0.002162,-0.07288599999999999,1.7999999999999787e-05,8.999999999999894e-06,-0.00011600000000000499
12749,-0.00637,0.001118,-0.068539,8.899999999999967e-05,0.00013799999999999988,-0.00017300000000000648
15788,0.0026829999999999996,-0.004759,-0.076919,4.0000000000000105e-05,3.199999999999991e-05,-1.9000000000005124e-05
16865,-0.004345,0.008943,-0.061459,-1.4000000000000123e-05,0.00021799999999999944,-9.599999999999886e-05
9847,-0.009379,0.006026,-0.070955,3.5999999999999574e-05,-2.7000000000000114e-05,-4.200000000000037e-05
17667,0.017093,-0.0007239999999999999,-0.07662300000000001,-8.100000000000121e-05,0.00017199999999999984,-4.699999999999149e-05
17984,0.016609000000000002,0.005148,-0.07132899999999999,-0.0001460000000000003,-8.99999999999946e-06,-4.800000000000637e-05
17725,-0.011176,0.008539,-0.085539,-1.899999999999992e-05,7.700000000000068e-05,6.1000000000005494e-05
18046,0.011326000000000001,0.00405,-0.06273,0.00010199999999999966,0.00034,4.899999999999349e-05
17126,-0.0036880000000000003,0.002352,-0.065058,0.00016100000000000012,0.0002859999999999998,0.00012100000000000999
17362,-0.001244,-0.00273,-0.07061400000000001,1.7000000000000088e-05,0.0002819999999999997,9.100000000000774e-05
17062,-0.006013,0.004995,-0.065021,1.6999999999999654e-05,8.69999999999994e-05,-4.099999999999937e-05
16740,0.000605,-0.007746,-0.068115,0.00013299999999999998,0.0002710000000000004,-0.00011600000000000499
16832,-0.014906,-0.008755,-0.06997199999999999,6.399999999999982e-05,0.0002999999999999999,3.499999999999337e-05
17387,0.01262,0.008029999999999999,-0.063134,-2.7999999999998512e-05,0.00024100000000000163,3.999999999999837e-05
16797,0.0015329999999999999,0.002234,-0.066543,0.00019900000000000018,0.00033599999999999993,-0.00020099999999999285
17508,-0.001066,0.007405,-0.059638,-3.600000000000001e-05,0.00011799999999999918,-0.00011300000000000199
12422,-0.01394,0.00546,-0.07415300000000001,-8.3999999999999e-05,2.599999999999998e-05,-1.9999999999992246e-05
16516,-0.005256,9.900000000000001e-05,-0.067926,0.00010000000000000026,0.00020999999999999995,0.0001749999999999946
17412,-0.008256,0.002318,-0.072643,-2.1000000000000185e-05,-2.499999999999985e-05,7.000000000000062e-05
14440,-0.013573,0.007436,-0.07120399999999999,-7.500000000000041e-05,3.0000000000000512e-05,-2.8000000000014125e-05
14111,0.007338,-0.004045,-0.071581,-3.600000000000044e-05,6.899999999999962e-05,-7.799999999999474e-05
16482,-0.000842,0.000156,-0.063171,0.00021599999999999994,0.000293,-0.0001229999999999981
9796,-0.013023999999999999,0.010819,-0.06522,7.999999999999327e-06,6.299999999999882e-05,1.9999999999992246e-05
16145,-0.008362999999999999,0.012034000000000001,-0.072448,-9.900000000000013e-05,0.00010599999999999846,-2.0999999999993246e-05
15832,-0.001001,-0.012455,-0.06915099999999999,0.00013199999999999996,7.000000000000062e-05,-0.0001850000000000046
16805,0.009185,0.00968,-0.064179,-6.500000000000082e-05,0.00020400000000000106,-1.5999999999988246e-05
17153,-0.004128,-0.009555999999999999,-0.07661799999999999,7.499999999999955e-05,8.699999999999854e-05,-2.1000000000007124e-05
16879,-0.001601,0.005865,-0.064064,1.699999999999987e-05,0.0003099999999999995,-9.500000000001174e-05
17117,0.0025470000000000002,-0.012321,-0.065188,6.699999999999979e-05,4.200000000000037e-05,-0.0002580000000000082
17857,-0.0064800000000000005,-0.012521000000000001,-0.070717,-1.599999999999952e-05,0.00019900000000000126,-0.00024099999999999122
17502,-0.0016690000000000001,-0.011115,-0.075752,7.300000000000015e-05,0.00014699999999999956,1.8000000000004124e-05
17586,0.0048449999999999995,-0.012351,-0.072367,0.0001250000000000001,2.8000000000000247e-05,-7.999999999999674e-05
17521,0.00895,-0.00275,-0.064291,5.20000000000017e-05,0.00016099999999999969,-8.599999999998886e-05
17765,-0.000505,0.011782,-0.061399,-9.499999999999992e-05,0.00020399999999999932,-2.1999999999994246e-05
17457,-0.015295999999999999,-0.009801,-0.07221899999999999,-0.00011900000000000105,0.0002349999999999991,-1.6000000000002124e-05
17921,0.003984,0.001562,-0.07593899999999999,-1.6999999999999654e-05,-3.900000000000019e-05,-0.00010700000000000986
15817,-0.00087,0.0016950000000000001,-0.072892,0.00010800000000000002,0.00016399999999999987,-0.00020100000000000673
17421,-0.011215999999999999,-0.003955,-0.064711,-0.00011000000000000246,0.00019800000000000026,6.799999999999862e-05
17996,-0.010879,0.006929,-0.061812,4.39999999999989e-05,0.0002989999999999998,-4.599999999999743e-05
18201,-0.007642,-0.0050810000000000004,-0.058516,3.400000000000104e-05,0.00016400000000000095,-0.00019100000000000367
10236,0.006513,0.00287,-0.07349800000000001,-6.899999999999962e-05,-8.700000000000027e-05,-0.00021399999999999197
12070,-0.00763,0.009832,-0.077429,-3.600000000000044e-05,3.7999999999998105e-05,-2.8000000000000247e-05
18146,-0.000121,0.002347,-0.07395600000000001,-9.000000000000015e-06,4.59999999999996e-05,-0.00024399999999999422
17615,0.0031219999999999998,0.0013189999999999999,-0.065845,0.00015700000000000002,0.00025,-7.799999999999474e-05
16496,-0.006554,0.011801,-0.070413,4.999999999999796e-06,0.00032199999999999937,-0.00021699999999999497
17197,-0.005099,-0.001305,-0.061916,0.00024200000000000003,0.0002549999999999998,0.00029499999999999665
13101,-0.011446999999999999,0.003613,-0.063119,3.099999999999804e-05,0.0002700000000000003,-2.8000000000000247e-05
18080,0.0022229999999999997,0.012228,-0.069077,-0.00014299999999999946,0.00012599999999999938,-0.00014799999999999536
14200,-0.005424,0.003633,-0.063262,0.00013000000000000077,0.00037500000000000033,1.8000000000004124e-05
17882,0.005741,-0.010882999999999999,-0.06448000000000001,9.500000000000047e-05,5.899999999999829e-05,3.400000000000625e-05
17755,-0.0029860000000000004,-0.002947,-0.07462,-3.499999999999944e-05,2.499999999999985e-05,4.300000000000137e-05
18148,-0.004308,0.005766,-0.062655,7.799999999999994e-05,0.00032899999999999943,-8.899999999999186e-05
17881,0.006425,-0.002919,-0.060494,0.00022199999999999998,0.00029200000000000016,-0.00019600000000000173
18232,0.008542,-0.001053,-0.061743,0.00026500000000000135,0.000361,0.00022199999999999998
17129,0.001167,0.005966,-0.072588,-0.0001250000000000001,0.00011200000000000012,-0.00011099999999999999
17225,-0.015078,-0.006489,-0.06886,0.00018699999999999967,0.0001879999999999998,4.400000000000237e-05
18123,0.010394,-0.0077339999999999996,-0.066247,1.600000000000039e-05,4.19999999999995e-05,3.600000000000825e-05
17138,-0.000592,0.013098,-0.062576,-1.699999999999998e-05,0.00016700000000000048,3.100000000000325e-05
17244,0.007111,-0.007713,-0.062096,7.200000000000002e-05,0.0002279999999999999,3.199999999999731e-05
17900,0.015917,-0.003322,-0.076082,1.1999999999998123e-05,0.00019899999999999952,-8.500000000000174e-05
16491,-0.006203,-0.008036,-0.066565,-3.000000000000398e-06,0.00019800000000000026,-0.0002460000000000101
17513,-0.011582,-0.007942,-0.065243,8.000000000001062e-06,0.00011599999999999978,3.999999999999837e-05
17895,-0.013966,-0.011305999999999998,-0.073052,-0.00015399999999999962,0.00021599999999999918,-8.499999999998786e-05
17852,0.016271,0.005795,-0.067555,-7.899999999999921e-05,0.00026400000000000035,-0.00025399999999999034
18329,0.014928,0.00994,-0.064489,-2.700000000000098e-05,-9.999999999992654e-07,-0.0002309999999999951
18156,-0.006227,0.001034,-0.061141,7.200000000000002e-05,0.00023400000000000005,-9.30000000000028e-05
17629,-0.008936999999999999,-0.005152,-0.0633,0.00012799999999999964,0.00020000000000000052,0.00011699999999999211
18189,-0.003846,0.005535,-0.059989,2.7000000000000114e-05,0.00011299999999999939,-8.099999999999774e-05
17790,0.011388,0.0076879999999999995,-0.064958,-2.3999999999999716e-05,0.00023099999999999943,-0.00010699999999999599
17468,0.001268,-0.005425,-0.074365,-9.00000000000011e-06,0.00014000000000000037,-8.099999999999774e-05
16909,0.009309,-0.0069889999999999996,-0.061871999999999996,0.0001399999999999995,0.00019499999999999986,4.799999999999943e-05
17804,0.00042699999999999997,0.01025,-0.06683700000000001,-0.000125,9.39999999999986e-05,-7.499999999999174e-05
17941,0.016797999999999997,0.006465,-0.066526,-7.899999999999574e-05,0.00015999999999999955,-1.2999999999999123e-05
18422,-0.012138999999999999,0.0010429999999999999,-0.073301,-9.000000000000327e-06,6.100000000000029e-05,-5.099999999999549e-05
18134,-0.012117000000000001,0.00546,-0.068241,8.6000000000001e-05,-2.3999999999999716e-05,-3.0000000000002247e-05
18402,-0.0012070000000000002,0.010662000000000001,-0.06529399999999999,-0.00015700000000000002,0.00010299999999999893,6.999999999979245e-06
14264,0.006152,0.0021939999999999998,-0.06644,0.00015899999999999942,0.00023099999999999987,3.0000000000030003e-06
15216,-0.004118999999999999,0.003056,-0.06854099999999999,3.499999999999944e-05,0.00024200000000000003,-0.00010500000000000786
18092,0.000885,-0.011159,-0.061564999999999995,0.00018199999999999998,0.0002870000000000008,-0.0002780000000000074
16809,0.013899,0.009888999999999998,-0.071922,-0.0001250000000000001,7.500000000000215e-05,-0.00020499999999999685
16993,0.017809000000000002,-0.003472,-0.070915,3.399999999999931e-05,0.00016899999999999988,-0.0001270000000000021
18119,0.011680999999999999,0.005758,-0.062653,3.7000000000000574e-05,0.00021900000000000044,4.099999999999937e-05
18129,-0.012269,0.007235,-0.07597,-3.400000000000104e-05,-4.900000000000043e-05,9.399999999999686e-05
17792,-0.007967,-0.008006000000000001,-0.061020000000000005,-1.9999999999999185e-05,7.200000000000088e-05,-0.00011699999999999905
18208,0.00313,-0.008275000000000001,-0.052264000000000005,6.600000000000009e-05,-1.2999999999999123e-05,8.900000000000574e-05
18217,-0.010508,0.005619,-0.066505,3.600000000000131e-05,6.499999999999995e-05,0.00010299999999999199
18219,0.0065,-0.011902,-0.064939,0.0001910000000000002,-2.3000000000002185e-05,8.699999999998986e-05
17918,0.001997,-0.001608,-0.063562,0.00021699999999999975,0.00034,-7.10000000000155e-05
18032,0.002964,0.001915,-0.06437000000000001,4.59999999999996e-05,0.0003330000000000004,-5.9999999999990616e-05
18284,0.010615,0.0016259999999999998,-0.075972,-0.00014400000000000003,0.00010700000000000032,-0.00025899999999999535
18295,0.011210000000000001,-0.007082,-0.066922,-1.000000000001e-06,9.699999999999986e-05,0.00015400000000000136
18371,0.0058460000000000005,-0.012353,-0.07295399999999999,9.99999999999994e-05,-4.000000000000531e-06,-0.00014400000000000523
16336,0.007309,0.00613,-0.065358,8.69999999999994e-05,0.00014500000000000016,0.00015400000000000136
16169,-0.015192,-0.008298,-0.068538,4.70000000000019e-05,0.00011500000000000052,0.00010199999999999099
15782,0.0009310000000000001,0.01246,-0.071279,-0.00013100000000000004,2.499999999999898e-05,3.899999999999737e-05
16498,0.013354,-0.006161,-0.072527,2.3999999999999716e-05,0.00010500000000000006,9.999999999996123e-06
13780,0.013608,-0.004057000000000001,-0.066031,2.300000000000045e-05,0.00018800000000000067,0.00014300000000000423
11073,-0.0024300000000000003,0.00088,-0.071858,0.00014000000000000037,0.00018899999999999982,-6.599999999999662e-05
14767,-0.007284,-0.004490999999999999,-0.066098,4.099999999999937e-05,0.00020199999999999992,0.00015800000000000536
17886,-0.00264,0.012343,-0.072072,9.099999999999994e-05,2.8999999999999512e-05,-4.200000000000037e-05
14447,-0.009594,0.012576,-0.06969199999999999,-0.00011700000000000078,9.099999999999907e-05,5.6000000000000494e-05
17192,-0.008021,-0.006667,-0.07413,-9.49999999999996e-05,0.00011500000000000052,-1.1999999999998123e-05
17128,-0.0032949999999999998,-0.004283,-0.072119,6.499999999999995e-05,0.00014999999999999996,-6.299999999999362e-05
9743,8.1e-05,-0.004984,-0.068425,0.000276,0.00037799999999999986,-0.00014000000000000123
18188,-0.001646,-0.001956,-0.061105,0.0001249999999999999,0.000201,-0.00023200000000000304
17112,-0.00152,-0.00421,-0.066588,0.00015400000000000006,0.00041699999999999984,6.499999999999562e-05
18084,-0.009728,-0.0070339999999999995,-0.069623,6.300000000000056e-05,0.0003649999999999999,0.00010799999999999699
18121,-0.008089,0.006882,-0.062765,-0.00014400000000000003,0.00028300000000000027,1.7000000000003124e-05
16556,0.011298,0.007199,-0.06402500000000001,7.499999999999868e-05,0.00022700000000000064,-9.599999999998499e-05
18132,-0.014864,0.004982,-0.068611,-3.5999999999999574e-05,-9.999999999999593e-06,-6.199999999999262e-05
18348,-0.013271000000000002,0.011857,-0.068745,-5.7999999999999025e-05,-3.8999999999999105e-05,3.699999999999537e-05
16803,0.0071200000000000005,0.010989,-0.072217,-0.0002520000000000005,1.600000000000039e-05,-0.0002219999999999861
17437,0.007384,0.000971,-0.0625,5.399999999999936e-05,0.00028,2.4000000000003185e-05
17476,-0.00543,-0.008685,-0.07009,5.899999999999916e-05,0.0003709999999999998,-6.399999999999462e-05
15786,-0.0061189999999999994,0.004213,-0.07480800000000001,-3.000000000000398e-06,-1.4999999999999389e-05,-7.299999999998974e-05
17868,-0.003231,-0.009039,-0.060208,0.00010400000000000036,0.00016099999999999969,-7.900000000000268e-05
15794,-0.011775,0.009884,-0.065814,3.400000000000104e-05,3.300000000000004e-05,-2.9000000000001247e-05
17883,0.009602000000000001,-0.012205,-0.068971,6.399999999999982e-05,-6.899999999999788e-05,-0.00019799999999998985
10067,-0.010385,0.010349,-0.06441200000000001,5.10000000000007e-05,0.00013099999999999917,-8.699999999998986e-05
18299,0.017601,0.005569,-0.06715399999999999,-0.00010699999999999946,5.3000000000000096e-05,0.00010799999999998311
15105,-0.001938,0.011559,-0.06251,-5.799999999999989e-05,0.00019300000000000046,0.00011900000000000105
18096,0.013006,0.009077,-0.065096,7.700000000000068e-05,0.00013599999999999897,-0.00013799999999999923
18205,-0.008096,0.009784000000000001,-0.064133,0.0001010000000000004,0.00032799999999999843,-8.800000000000474e-05
18214,0.014828,-0.012542999999999999,-0.06881999999999999,0.00010000000000000113,0.00016399999999999922,8.899999999999186e-05
17925,-0.001925,-0.007365,-0.061076,0.0001690000000000001,0.00017200000000000028,0.00013199999999999323
9804,-0.007357,0.0030859999999999998,-0.063878,6.700000000000022e-05,0.00020100000000000022,5.9000000000003494e-05
18309,-0.013622,0.013170999999999999,-0.067433,-5.199999999999823e-05,-4.1999999999998636e-05,-9.899999999998799e-05
17485,-0.013392,0.011768,-0.066636,2.499999999999898e-05,-4.900000000000043e-05,4.099999999999937e-05
17385,0.008881,0.008869,-0.069824,-0.00016599999999999948,0.00013300000000000117,-0.0002889999999999976
16153,0.001091,0.002569,-0.062573,7.700000000000003e-05,0.00035899999999999994,-5.2999999999997494e-05
17830,-0.0014750000000000002,-0.009942,-0.059313000000000005,0.00019800000000000026,6.600000000000009e-05,-0.0001749999999999946
18130,1.6e-05,-0.005178,-0.06268,0.000186,0.0002650000000000005,-0.00020100000000000673
18325,-0.006617,-0.006482,-0.07139799999999999,0.00011099999999999912,0.0002599999999999998,3.999999999998449e-05
17669,-0.009330999999999999,0.010848,-0.076239,-0.00011200000000000099,0.00011300000000000025,-0.00012099999999999611
17420,-0.01577,0.004314,-0.07110599999999999,-2.8000000000000247e-05,9.699999999999986e-05,-6.0000000000004494e-05
17847,-0.003812,0.006012,-0.058086,9.39999999999999e-05,0.00022900000000000004,-0.0001799999999999996
17185,0.001805,0.001575,-0.065121,9.899999999999991e-05,0.00032799999999999995,-5.7000000000001494e-05
18314,-0.002932,0.011601,-0.069213,-0.0002009999999999998,0.00020599999999999959,-0.00011599999999999111
15851,0.001605,-0.008187,-0.07142,0.000258,0.0003630000000000005,-3.099999999998937e-05
12061,-0.00023300000000000003,0.001903,-0.072449,2.800000000000003e-05,0.0001560000000000001,-0.00021500000000000685
17432,0.007371000000000001,-0.007471,-0.07183,-1.3000000000000858e-05,8.199999999999961e-05,-2.8000000000000247e-05
13745,0.0020659999999999997,0.005256,-0.07528499999999999,-2.699999999999968e-05,1.4999999999999389e-05,-0.00010900000000001187
17084,-0.015422,-0.002221,-0.07696,-7.999999999999327e-06,-4.100000000000024e-05,-8.299999999999974e-05
17732,0.016874,-0.009881000000000001,-0.067221,9.299999999999933e-05,0.00021200000000000038,-6.499999999999562e-05
18266,0.013875,0.008944,-0.072753,-0.00014400000000000003,3.900000000000084e-05,-0.00037099999999999633
18095,0.006439,0.005123,-0.061172,3.399999999999931e-05,0.0003420000000000003,9.499999999999786e-05
17820,0.015564999999999999,0.010820999999999999,-0.067733,-7.099999999999988e-05,-0.0001399999999999995,-0.00014600000000000724
17163,0.008180999999999999,-0.0038239999999999997,-0.075315,4.1000000000001105e-05,2.099999999999975e-05,-5.2999999999997494e-05
16203,-0.014833,-0.005346,-0.07574,4.70000000000019e-05,8.69999999999994e-05,-0.00011400000000000299
11791,0.010343999999999999,-0.008679000000000001,-0.07100100000000001,3.600000000000131e-05,8.99999999999998e-05,2.0000000000020002e-05
15319,0.014579,-0.002967,-0.066343,-2.599999999999998e-05,0.00019000000000000006,-4.400000000000237e-05
18124,0.007889,-0.007156,-0.074131,-6.300000000000056e-05,0.00010799999999999959,-6.899999999999962e-05
17006,0.011169,0.002412,-0.06427200000000001,7.799999999999994e-05,0.00033700000000000006,-0.00020099999999999285
18260,-0.001661,0.005878,-0.076942,-8.90000000000001e-05,2.0999999999999318e-05,-0.0001789999999999986
18242,-0.008966,-0.00907,-0.059484999999999996,7.199999999999915e-05,-1.6999999999999654e-05,-0.00021500000000000685
18322,0.005428,-0.009039,-0.06586,0.0001460000000000003,-5.4999999999999494e-05,-9.699999999998599e-05
17324,0.015374,0.013185,-0.065661,1.9999999999985307e-06,-3.600000000000131e-05,-0.00015800000000000536
15527,-0.015549,0.012022999999999999,-0.073018,-8.99999999999998e-05,3.400000000000104e-05,-5.7000000000001494e-05
18330,0.008188,-0.011611,-0.06756100000000001,0.00028699999999999906,5.7999999999999025e-05,0.000124000000000013
18275,-0.000388,-0.006625,-0.061039,8.600000000000003e-05,0.0002169999999999993,1.5000000000001124e-05
15866,-0.005246000000000001,-0.001496,-0.072924,8.600000000000014e-05,0.0001479999999999999,1.2999999999999123e-05
17961,0.014573000000000001,0.002854,-0.074287,-0.0001520000000000011,0.00012899999999999977,-0.0001310000000000061
17119,0.010221000000000001,-0.0032559999999999998,-0.075271,0.0001449999999999993,5.3999999999999795e-05,-0.0002459999999999962
16794,-0.00698,-0.001073,-0.072742,4.700000000000017e-05,5.600000000000006e-05,4.000000000004e-06
12518,-0.005261,0.001284,-0.067898,0.00011600000000000065,0.00019700000000000013,-6.40000000000085e-05
18107,0.007450999999999999,-0.007455,-0.06981699999999999,6.000000000000796e-06,4.6000000000000034e-05,-2.5000000000011124e-05
17156,-0.01508,-0.009330999999999999,-0.07204,0.0,0.0001499999999999991,-6.199999999999262e-05
12770,-0.008509000000000001,0.011669,-0.06302,4.900000000000043e-05,0.0002409999999999999,4.400000000000237e-05
17016,0.002451,-0.0069039999999999995,-0.061796,9.89999999999997e-05,0.0002779999999999996,-0.0001510000000000053
16047,0.015985,-0.0074340000000000005,-0.070914,-3.200000000000078e-05,6.600000000000009e-05,-4.500000000000337e-05
15966,-0.011949999999999999,0.008868000000000001,-0.075405,-9.70000000000016e-05,4.89999999999987e-05,-8.900000000000574e-05
16508,0.005393,-0.009939,-0.06795699999999999,0.00038600000000000006,5.6000000000000494e-05,-0.0001850000000000046
15815,0.010106,-0.007139,-0.07184399999999999,-1.4000000000000123e-05,8.900000000000054e-05,-0.00010500000000000786
17199,0.016654,0.007432,-0.06629399999999999,9.800000000000086e-05,3.199999999999991e-05,-0.0001850000000000046
18182,0.017596,0.003097,-0.067385,-2.7000000000002716e-05,6.400000000000025e-05,-0.00011099999999999999
17764,0.008005,0.005606,-0.061204,3.0000000000000512e-05,0.0002760000000000002,-1.4000000000000123e-05
14177,-0.00294,-0.003575,-0.066353,0.0001349999999999997,0.00033600000000000036,0.00013900000000000023
14122,0.014218999999999999,0.000901,-0.063429,4.60000000000009e-05,0.00019500000000000019,-3.899999999999737e-05
17745,-0.0058449999999999995,-0.001456,-0.070258,5.099999999999983e-05,8.200000000000004e-05,5.8000000000002494e-05
17885,0.01061,0.008871,-0.071522,-8.700000000000027e-05,-2.300000000000045e-05,-0.00021599999999999397
16487,0.007233,-0.009204,-0.064208,0.00012700000000000038,-0.00010399999999999993,2.6999999999999247e-05
16196,0.004272000000000001,0.010813000000000001,-0.070565,-0.00010300000000000066,-6.0000000000001025e-05,-8.299999999999974e-05
9766,0.012331,0.00541,-0.075774,-6.899999999999962e-05,4.399999999999977e-05,-0.00038500000000001033
18127,0.007659,0.011574,-0.065815,-3.899999999999997e-05,6.0000000000001025e-05,2.1000000000007124e-05
17473,0.01253,-0.008008,-0.066131,7.500000000000041e-05,0.0001449999999999993,-4.900000000000737e-05
14646,0.015156000000000001,-0.0071070000000000005,-0.072598,-9.20000000000018e-05,7.800000000000081e-05,-0.00016200000000000936
9980,0.006795,0.007994,-0.073212,-0.0001369999999999991,2.599999999999998e-05,-0.00021200000000000385
16837,0.004399,0.003832,-0.071104,3.0000000000000512e-05,0.000134,-0.00011499999999999011
14123,0.007278,-0.004946,-0.069059,0.00011400000000000039,0.00020699999999999972,-4.999999999991123e-06
17779,-0.002985,0.010159000000000001,-0.063378,-0.00012800000000000008,0.00020599999999999959,2.6999999999999247e-05
13177,-0.011601,0.002078,-0.067259,5.699999999999976e-05,0.0001429999999999999,-3.300000000000525e-05
17853,0.005508,-0.008224,-0.061994999999999995,4.100000000000024e-05,0.00028500000000000053,-0.00013400000000000217
18109,0.010138999999999999,-0.012151,-0.067258,0.00011700000000000078,-2.599999999999998e-05,-3.700000000000925e-05
16964,0.007723,-0.007732,-0.07390000000000001,-6.899999999999962e-05,7.000000000000062e-05,-0.00010899999999999799
16186,-0.010627000000000001,-0.002847,-0.07435599999999999,-3.5999999999999574e-05,-1.1999999999999858e-05,-0.0001260000000000011
17892,-0.014464000000000001,-0.008235,-0.06626699999999999,-2.9999999999998778e-05,0.0003139999999999983,8.399999999998686e-05
17759,-0.01466,-0.010191,-0.07621299999999999,-4.2999999999999636e-05,3.099999999999978e-05,0.00014799999999999536
17111,0.01533,0.005024,-0.072274,-0.00015199999999999936,0.0001540000000000005,-0.00011799999999999311
17875,-0.006941,0.005154,-0.076021,9.500000000000047e-05,3.500000000000031e-05,6.20000000000065e-05
17632,0.013299,-0.00043,-0.060067,0.00012700000000000038,0.000176,4.200000000000037e-05
12212,-0.012643000000000001,0.001689,-0.070973,3.600000000000131e-05,1.500000000000004e-05,-5.800000000001637e-05
9964,0.002978,-0.009766,-0.071116,0.00014500000000000016,4.1000000000001105e-05,-3.0000000000030003e-06
17216,-0.004973,0.004893,-0.065578,4.999999999999796e-06,0.00021200000000000038,-0.00014600000000000724
16812,0.009764,-0.006384,-0.06507500000000001,0.00013400000000000044,9.500000000000047e-05,9.300000000000974e-05
16307,0.002859,-0.008676,-0.070112,0.00013299999999999987,0.0001739999999999988,0.00011799999999999311
14191,0.008433999999999999,-0.004243,-0.073534,-4.0999999999997636e-05,7.400000000000028e-05,-0.00011399999999998911
18105,0.0060869999999999995,-0.009658,-0.07494100000000001,7.000000000000929e-06,2.5000000000000716e-05,-2.0999999999993246e-05
14332,0.010997999999999999,0.0011459999999999999,-0.066141,9.500000000000133e-05,0.00022500000000000016,-4.699999999999149e-05
17482,0.005948999999999999,-0.006667,-0.075612,3.200000000000078e-05,0.00011200000000000012,-3.100000000000325e-05
15633,0.007399,0.004192,-0.075236,-0.00012700000000000038,7.899999999999921e-05,-0.0002970000000000056
17296,0.009264,0.0031219999999999998,-0.073676,-7.799999999999994e-05,7.100000000000032e-05,-0.00020399999999999585
11417,0.007149,0.010246,-0.065846,-0.00010399999999999993,0.00013900000000000023,-5.2999999999997494e-05
16822,-0.007122,-0.005791,-0.069578,0.00020199999999999992,0.00024300000000000016,4.099999999999937e-05
11738,0.015082,0.0040279999999999995,-0.071479,-0.00011399999999999952,0.00014500000000000016,-0.0001880000000000076
13415,-0.004926,-0.002197,-0.067649,2.499999999999985e-05,0.0001950000000000003,0.00016700000000000048
18161,-0.0070469999999999994,0.011343,-0.066578,-3.199999999999991e-05,0.000305999999999999,-0.00012200000000001099
17177,-0.002048,-0.009340999999999999,-0.061345,6.299999999999969e-05,0.00027099999999999867,-0.00010100000000000386
17647,0.0011359999999999999,0.011006,-0.07485299999999999,-0.0001249999999999999,3.5999999999999574e-05,-0.0001360000000000111
18203,0.006956,0.012041,-0.063474,-9.700000000000073e-05,0.0001799999999999996,-7.299999999998974e-05
17843,-0.004046,-0.010455,-0.063248,0.00010600000000000019,0.0002149999999999999,-5.099999999999549e-05
14503,-0.006271,0.001194,-0.067491,-7.000000000000062e-06,0.00027800000000000004,-5.200000000001037e-05
17331,-0.001077,0.009571999999999999,-0.062559,-5.199999999999996e-05,0.00028600000000000153,-9.999999999996123e-06
17785,0.006284,-0.001676,-0.06324199999999999,0.0001810000000000006,0.00029600000000000004,-0.00015800000000000536
18235,-0.0025710000000000004,0.010871,-0.061198,-0.00010799999999999959,0.00023800000000000036,-0.00010000000000000286
18111,-0.005947,-0.0030150000000000003,-0.072441,0.00011200000000000012,0.00016300000000000038,3.300000000000525e-05
18145,0.015096,0.005263,-0.071462,-0.00016700000000000048,0.00015199999999999936,-0.00014699999999999436
18140,-0.011177,0.011482,-0.06686700000000001,4.89999999999987e-05,7.700000000000068e-05,7.00000000000145e-05
12090,0.014012,0.002738,-0.071273,-4.60000000000009e-05,0.00011800000000000005,-0.00018399999999998973
18249,-0.007646,0.005812,-0.07496599999999999,3.000000000000398e-06,6.100000000000029e-05,-3.0000000000030003e-06
17427,0.001246,0.011873,-0.065314,-7.899999999999986e-05,0.00020600000000000132,-7.200000000000262e-05
17110,0.014570999999999999,-0.003614,-0.07281399999999999,-6.199999999999782e-05,7.799999999999994e-05,-0.00011200000000001487
17233,0.004718,-0.000815,-0.072485,9.8e-05,0.0001389999999999999,-0.00027100000000000735
16152,0.008144,0.0070220000000000005,-0.063776,8.200000000000048e-05,0.0001559999999999999,-5.0000000000050004e-06
16616,0.003269,-0.007472,-0.063881,-3.300000000000004e-05,0.00024600000000000056,-0.00020600000000001173
9853,-0.010265,-0.005639,-0.067973,9.400000000000033e-05,0.00023399999999999983,0.00010500000000000786
17488,-0.008339000000000001,0.010693,-0.074366,2.2000000000001185e-05,0.00011599999999999978,-2.9000000000001247e-05
10573,0.0077,0.0011240000000000002,-0.070717,9.99999999999994e-05,0.00014199999999999977,-0.00018399999999998973
17607,-0.0011330000000000001,0.010471999999999999,-0.060322,-7.299999999999993e-05,0.0002660000000000006,-0.00010700000000000293
15823,-0.011465999999999999,-0.007150999999999999,-0.06260399999999999,1.4999999999997654e-05,0.0001929999999999996,-0.00023700000000001498
17456,-0.011013,0.004252,-0.067773,6.600000000000182e-05,6.700000000000022e-05,-0.00012100000000000999
18081,-0.001032,0.006749,-0.06431,7.399999999999996e-05,0.00031999999999999997,0.00010900000000001187
16854,0.0038,0.011624,-0.06794499999999999,-1.0999999999999725e-05,0.00020899999999999912,-8.700000000000374e-05
18174,-0.010499000000000001,0.001121,-0.077054,8.100000000000294e-05,-5.200000000000018e-05,4.300000000000137e-05
18191,0.001958,0.011321,-0.063919,-0.0001470000000000002,0.0002920000000000006,-6.499999999999562e-05
9679,0.002779,0.011891,-0.06872400000000001,-0.00011499999999999965,0.00017800000000000107,-0.00012199999999999711
18206,0.00836,-0.001123,-0.062798,0.0001810000000000006,0.00028700000000000015,-0.00012799999999998923
9695,0.001492,-0.0027949999999999997,-0.07082,-1.6000000000000172e-05,0.00023599999999999966,-2.8000000000000247e-05
17135,-0.010401,0.004521,-0.064758,7.000000000000062e-06,0.00015399999999999962,-9.900000000000186e-05
17422,0.009525,-0.007396,-0.07208,-2.400000000000145e-05,0.00012299999999999985,-7.000000000000062e-05
18136,-0.0069429999999999995,-0.009476,-0.06463500000000001,0.0003009999999999992,0.00026799999999999914,-6.899999999998574e-05
15904,0.006934999999999999,0.003757,-0.071631,-0.0001579999999999993,-1.6999999999999654e-05,-0.00010399999999999299
16452,0.009579,-0.001805,-0.070213,8.3999999999999e-05,7.900000000000008e-05,-0.0001769999999999966
18125,0.013708999999999999,0.000728,-0.063924,2.599999999999998e-05,0.00026100000000000006,-5.8000000000002494e-05
18398,-0.014917999999999999,0.010716,-0.070973,-7.700000000000068e-05,-6.800000000000035e-05,-8.500000000001562e-05
18195,-0.00724,0.010955,-0.063066,3.399999999999931e-05,0.00033500000000000023,-2.2000000000008124e-05
16147,-0.004862,-0.006484,-0.065545,0.00011500000000000052,0.00028000000000000073,-6.699999999998374e-05
13792,0.013049,0.005117,-0.07477800000000001,-7.700000000000068e-05,5.3000000000000096e-05,-0.00033299999999999996
15818,-0.009994999999999999,-0.0033290000000000004,-0.066208,0.00010699999999999946,0.00014700000000000043,0.0001310000000000061
11304,0.005783,-0.0028929999999999997,-0.07216800000000001,-2.999999999999531e-06,4.799999999999943e-05,-8.699999999998986e-05
16952,-0.010137,0.006714,-0.06683,8.100000000000121e-05,0.00011599999999999978,-0.00020699999999999885
16497,0.003975,0.010015000000000001,-0.074107,-0.00021300000000000008,0.00010899999999999972,-0.00014299999999999036
17419,0.013345000000000001,-0.003538,-0.070426,4.0999999999997636e-05,0.00011300000000000025,-8.700000000000374e-05
15886,0.017987,0.00199,-0.069012,2.6000000000001716e-05,0.0001389999999999998,-0.0001689999999999886
17754,-0.007023,-0.0009080000000000001,-0.062045,0.0002539999999999999,0.0003040000000000001,6.0999999999998555e-05
15127,-0.005046999999999999,-0.007165,-0.07010899999999999,9.599999999999973e-05,0.0002469999999999998,-4.300000000001525e-05
15108,-0.002599,0.002891,-0.066528,0.00013999999999999993,0.000147,-9.999999999996123e-06
9170,-0.007768,0.007993,-0.07232999999999999,-8.500000000000087e-05,0.00013400000000000044,-0.0002459999999999962
15092,-0.0022429999999999998,0.0076950000000000005,-0.069233,-5.1000000000000264e-05,0.00018899999999999993,-0.00011600000000000499
9681,0.012827999999999999,0.003448,-0.073196,-0.00011099999999999825,2.1999999999999884e-05,-0.00019700000000000273
15780,0.00541,0.009114,-0.073509,-0.00011200000000000012,5.6999999999998024e-05,-0.00015399999999998748
15441,-0.00809,0.010175,-0.064928,-6.000000000000796e-06,0.0003569999999999997,-3.999999999999837e-05
14106,-0.002887,0.01102,-0.069988,-0.00022100000000000028,0.00010399999999999993,6.199999999999262e-05
16937,0.0015689999999999999,-0.011863,-0.064748,5.600000000000006e-05,0.00016300000000000169,-0.0003339999999999871
13209,-0.00863,-0.00108,-0.06646500000000001,0.00028000000000000073,0.000219,0.000126000000000015
15480,0.009739000000000001,-0.009094,-0.072917,-6.600000000000182e-05,0.0001239999999999991,-3.600000000000825e-05
16623,0.013916,-0.001632,-0.075746,-4.60000000000009e-05,0.00011800000000000005,-2.6999999999999247e-05
15784,-0.012478999999999999,0.008268000000000001,-0.076059,-0.00010700000000000119,-1.000000000001e-06,-7.600000000000662e-05
16302,-0.013891,-0.006953,-0.07174599999999999,2.000000000000092e-05,8.899999999999967e-05,-6.1000000000005494e-05
9671,0.00033400000000000004,0.00496,-0.06963,-2.3000000000000017e-05,0.0002009999999999998,-9.699999999999986e-05
14652,0.011192,0.005347,-0.064241,2.199999999999945e-05,0.00017899999999999947,-1.1999999999998123e-05
10371,0.008869,0.007971,-0.067787,-8.199999999999874e-05,0.0001299999999999999,-0.00011999999999999511
9697,0.0011719999999999999,0.004588,-0.070108,-6.399999999999982e-05,0.00013100000000000004,-0.00012199999999999711
16236,-0.006373,0.009701000000000001,-0.06586700000000001,-2.8999999999999512e-05,0.00020999999999999838,-9.999999999998899e-05
14760,-0.009448999999999999,-0.002269,-0.068184,0.0001229999999999981,8.5e-05,-4.700000000000537e-05
15125,0.009657,0.004782,-0.063582,6.199999999999956e-05,0.00028500000000000053,-3.0000000000002247e-05
9956,-0.00019,0.002614,-0.069953,7.800000000000001e-05,9.699999999999986e-05,-0.00012899999999999023
9206,0.011067,0.010763,-0.07168300000000001,-8.900000000000054e-05,-1.3000000000000858e-05,-0.00015099999999999836
14453,-0.006886,-0.006795,-0.06553,0.00010899999999999972,0.0002450000000000004,-0.00013299999999999423
17821,0.0027719999999999997,0.009336,-0.064292,1.700000000000052e-05,0.000363999999999998,-6.399999999999462e-05
17613,0.004759,-0.012825,-0.066846,0.0002699999999999994,0.0001999999999999988,0.00014200000000000323
17924,0.002689,-0.011474,-0.072018,0.00021300000000000008,7.599999999999968e-05,8.899999999999186e-05
17065,0.013682999999999999,0.0037370000000000003,-0.064289,5.900000000000176e-05,0.00015599999999999946,-8.100000000001162e-05
15447,-0.0074,0.001279,-0.068729,5.3000000000000096e-05,0.00017600000000000016,-2.5999999999998247e-05
16866,0.000865,-0.002763,-0.070271,5.200000000000007e-05,0.0002639999999999999,-3.300000000000525e-05
16364,-0.00536,0.008259,-0.066581,-5.3000000000000096e-05,0.00023199999999999957,-8.100000000001162e-05
18261,-0.009214,0.004352,-0.065071,8.5e-05,0.0001940000000000006,0.0001320000000000071
9901,0.010969,0.007248999999999999,-0.071369,-0.00011500000000000052,3.500000000000031e-05,-0.00026299999999999935
9673,0.00189,0.006036,-0.068565,1.0000000000001327e-06,0.00019700000000000013,-4.500000000000337e-05
16216,-0.008997999999999999,0.003162,-0.065868,3.399999999999931e-05,0.0002720000000000001,0.0001250000000000001
10783,0.006507,0.002439,-0.06567400000000001,0.0001380000000000001,0.00018599999999999997,1.0000000000148779e-06
10740,0.011710000000000002,0.00028000000000000003,-0.07052599999999999,-1.600000000000039e-05,8.699999999999995e-05,-7.999999999999674e-05
15925,0.010625,-0.000602,-0.063235,0.00017200000000000028,0.00022600000000000002,-8.400000000000074e-05
18118,-0.006443,0.009801,-0.076362,-3.799999999999984e-05,0.0001799999999999996,-0.00017800000000001148
18278,0.013682999999999999,-0.011941,-0.07470399999999999,-0.00020899999999999912,0.00020700000000000059,-5.900000000001737e-05
13848,-0.002415,-0.011373,-0.067113,5.9000000000000025e-05,0.00011300000000000025,-0.00018399999999998973
16143,0.002899,0.009746000000000001,-0.070679,-0.00010099999999999996,1.2999999999999123e-05,-6.399999999999462e-05
11803,-0.001191,0.009495,-0.068115,-0.000116,0.00015300000000000036,0.0
17115,0.00019,0.010904,-0.069463,-0.00019500000000000002,0.00010999999999999899,-0.00010900000000001187
18122,-0.0035960000000000002,-0.007766,-0.06547499999999999,0.00012200000000000015,0.0001559999999999999,-0.0001360000000000111
16284,-0.014039,0.007096,-0.074875,-0.00012000000000000205,-3.099999999999978e-05,-2.8000000000014125e-05
18179,-0.006072,0.0068200000000000005,-0.07402500000000001,2.7000000000000114e-05,0.00012199999999999971,-9.499999999999786e-05
17007,0.007784,-0.008467,-0.066456,0.00017100000000000014,0.00013699999999999997,0.00011400000000000299
16936,0.014367000000000001,0.010783,-0.069231,-0.00016800000000000148,-1.1999999999998123e-05,-0.00018499999999999073
15224,-0.001163,0.007311,-0.07204300000000001,-4.6000000000000034e-05,0.00011000000000000072,-0.00014999999999998348
10415,0.00644,0.010369,-0.069482,-0.00012200000000000058,0.0001760000000000008,-0.00013499999999999623
15102,0.0055839999999999996,-0.007282,-0.063763,0.0001230000000000007,0.0002519999999999996,-0.00027900000000000147
9670,0.005516,0.009033,-0.071002,-8.5e-05,0.0001010000000000004,-0.00010999999999999899
13591,0.013892,0.000839,-0.06852899999999999,0.00012099999999999958,0.00024399999999999997,-9.300000000000974e-05
12283,0.012342,0.010706,-0.068702,-0.00013799999999999923,5.4999999999999494e-05,-0.00022300000000000098
17168,-0.007588,0.007774,-0.07145699999999999,-6.299999999999969e-05,9.70000000000016e-05,-0.00022700000000000498
18190,-0.007255,0.001118,-0.061924999999999994,-7.999999999999327e-06,0.00021999999999999993,-0.00017100000000000448
10005,0.014676,0.0023079999999999997,-0.066312,7.000000000000062e-05,0.0001900000000000005,-6.499999999999562e-05
18088,-0.004566,0.001799,-0.06908299999999999,7.299999999999928e-05,8.299999999999996e-05,1.6000000000002124e-05
16480,-0.004957,-0.001472,-0.068385,4.799999999999943e-05,0.00021999999999999993,0.00011300000000000199
17483,0.0032400000000000003,0.010102,-0.070036,-0.00012300000000000028,-4.89999999999987e-05,-2.1000000000007124e-05
17417,-0.010397,-0.0035299999999999997,-0.066676,4.0000000000000105e-05,0.00019000000000000006,0.0002939999999999887
17750,0.00047,-0.009824999999999999,-0.076429,0.00015299999999999998,2.2999999999998716e-05,-6.0999999999991616e-05
9683,0.009084,-0.004041,-0.07054300000000001,-1.9999999999985307e-06,5.0000000000000565e-05,-0.00013099999999999223
10017,-0.002637,0.0031450000000000002,-0.07251,8.200000000000004e-05,0.00017899999999999947,-0.00011799999999999311
16214,-0.000723,0.00099,-0.06553199999999999,0.00021500000000000002,0.000366,-0.00014600000000000724
18154,-0.006974999999999999,-0.006014,-0.065826,9.19999999999992e-05,0.0002999999999999999,0.00016900000000000248
18113,0.005213,0.011932,-0.071999,-0.00020899999999999998,-8.000000000001062e-06,-0.00017800000000001148
17757,0.0022730000000000003,0.003935,-0.06552,5.600000000000006e-05,0.0002689999999999993,-6.799999999999862e-05
12743,-0.002041,0.0012649999999999998,-0.07314100000000001,0.00013699999999999997,0.00015800000000000015,-8.499999999998786e-05
15458,-0.002063,-0.010254,-0.065005,0.0001290000000000002,0.00020699999999999885,-0.00020499999999999685
18087,-0.007866,-0.002474,-0.067028,3.7000000000000574e-05,0.00010699999999999989,0.0001799999999999996
16625,0.015823,-0.006441,-0.071815,-0.00013099999999999917,5.400000000000023e-05,-0.00019899999999999085
16847,0.01312,0.010796,-0.068198,-6.899999999999962e-05,3.600000000000131e-05,-0.00021799999999999597
16798,-0.004061,0.001186,-0.073022,5.4000000000001096e-05,0.0001740000000000001,-2.1000000000007124e-05
16485,0.011988,-0.004117,-0.070533,2.499999999999898e-05,4.49999999999999e-05,-6.799999999999862e-05
16269,-0.002563,0.009719,-0.07482299999999999,-0.00011399999999999995,6.500000000000082e-05,-0.000129000000000018
9680,0.008417,0.003634,-0.069326,2.5000000000000716e-05,0.00018099999999999974,-0.00011299999999998811
12745,0.008060000000000001,0.004456000000000001,-0.06889,-1.4000000000001858e-05,0.0001339999999999987,-8.999999999999286e-05
16558,-0.000371,-0.0007740000000000001,-0.070816,5.6000000000000006e-05,0.00032,-7.599999999999274e-05
9977,0.007059,-0.0010969999999999999,-0.07198600000000001,4.69999999999993e-05,0.00010299999999999979,-0.00020699999999998497
9835,-0.008251,0.007936,-0.06531699999999999,-1.1999999999999858e-05,0.00018299999999999914,-3.900000000001125e-05
17744,-0.005457,0.0022069999999999998,-0.068417,5.10000000000007e-05,7.800000000000038e-05,5.6000000000000494e-05
17746,-0.006046999999999999,0.002166,-0.073006,2.2999999999999583e-05,9.900000000000013e-05,-2.9000000000001247e-05
17760,0.017519,0.009399,-0.072229,-5.099999999999896e-05,-7.999999999999848e-05,-0.0001890000000000086
14208,0.002403,0.00728,-0.06461199999999999,6.799999999999992e-05,0.0003030000000000003,-3.900000000001125e-05
12475,0.014060000000000001,-0.005587,-0.07146899999999999,6.299999999999882e-05,9.099999999999994e-05,-4.600000000000437e-05
13485,-0.003222,0.005354,-0.06934900000000001,4.000000000000097e-06,0.00025600000000000015,-0.00012899999999999023
16503,-0.006428,0.00175,-0.061461,3.300000000000004e-05,0.0003269999999999998,-0.0001260000000000011
17887,-0.001059,0.010901999999999998,-0.067038,-0.00021699999999999996,0.00013000000000000164,-0.00014599999999999336
11102,-0.000884,0.008149,-0.07281,-0.0001389999999999998,-6.100000000000029e-05,-0.00014399999999999136
15599,-0.012798,-0.003025,-0.07204,-6.699999999999935e-05,0.00010099999999999996,2.5000000000011124e-05
18013,-0.014327999999999999,0.003589,-0.06986,3.3999999999997574e-05,-8.000000000000194e-06,-9.499999999999786e-05
16471,0.003266,0.010655,-0.068494,4.000000000000097e-06,0.00021200000000000212,-6.199999999999262e-05
15096,-0.008523,-0.006737,-0.06585200000000001,1.6999999999999654e-05,0.00030599999999999985,5.400000000001237e-05
15462,6.7e-05,-0.002379,-0.069695,6.9e-05,0.0003420000000000003,-5.099999999999549e-05
18089,-0.004247,-0.007113,-0.07274299999999999,0.00013100000000000004,0.00016100000000000055,3.599999999999437e-05
15333,0.016995999999999997,-0.00677,-0.072672,-0.0001339999999999987,-2.0000000000000052e-05,-0.00022300000000000098
10367,0.012656,-0.004202,-0.06951099999999999,0.00010199999999999793,0.000183,-9.300000000000974e-05
17771,0.007481,0.00028100000000000005,-0.061162,2.599999999999998e-05,0.0003009999999999999,-0.00013900000000000023
17125,-0.004723,0.003432,-0.072322,8.000000000000194e-06,0.00018099999999999974,-3.300000000000525e-05
13192,-0.005888,0.004863,-0.07029099999999999,7.000000000000062e-05,6.000000000000016e-05,-0.00015500000000000236
10752,0.006730000000000001,-0.0014759999999999999,-0.066548,0.000181999999999999,0.0002469999999999998,-0.00026700000000000335
10756,-0.012351,0.004625,-0.06913899999999999,2.5000000000000716e-05,-5.5999999999999626e-05,-1.7000000000017e-05
16151,-0.005561,0.008087,-0.073116,-5.7000000000000627e-05,0.00012599999999999938,-9.399999999999686e-05
15920,0.007156,0.012048999999999999,-0.070662,-3.4000000000000176e-05,2.000000000002e-06,-0.00019900000000000473
14192,0.012476000000000001,0.009109,-0.072389,-0.00012900000000000064,2.8000000000000247e-05,-0.0002580000000000082
17763,0.007248999999999999,0.0034590000000000003,-0.063537,2.4000000000000583e-05,0.00014999999999999953,8.599999999998886e-05
10018,0.011167999999999999,-0.005017000000000001,-0.067068,6.600000000000009e-05,0.0001010000000000004,-2.9999999999891225e-06
16337,0.014934,-0.012716,-0.067506,0.00020400000000000106,8.89999999999988e-05,4.999999999991123e-06
18280,-0.006328,0.007066,-0.067345,3.199999999999991e-05,0.00018400000000000014,-0.00015199999999999936
17576,0.004817,-0.005158,-0.060721,9.699999999999986e-05,0.00022700000000000064,-0.00024800000000000516
15839,0.015508,-0.011094,-0.068908,2.199999999999945e-05,0.00016399999999999922,-1.1999999999998123e-05
11107,0.014912000000000002,-0.003489,-0.069819,3.699999999999884e-05,0.00012100000000000001,-9.499999999999786e-05
8985,0.0070940000000000005,0.009647000000000001,-0.071519,-0.00011400000000000039,7.599999999999968e-05,-7.300000000000362e-05
17810,0.0011799999999999998,0.00764,-0.071415,-0.00014999999999999974,0.00014699999999999956,-0.0001280000000000031
11420,-0.009563,0.00369,-0.06698,2.300000000000045e-05,0.00026999999999999984,2.8000000000000247e-05
15610,0.016946000000000003,0.009095,-0.067937,2.3999999999996247e-05,4.699999999999843e-05,-0.0003060000000000007
16862,-0.008459,-0.002659,-0.065874,6.800000000000035e-05,0.0001259999999999998,0.00021599999999999397
17752,0.000497,-0.0038650000000000004,-0.065076,0.00024199999999999992,0.00022500000000000037,-0.00011500000000000399
16532,0.016422999999999997,0.004659,-0.065143,1.2000000000001593e-05,0.00019200000000000033,-5.099999999999549e-05
15187,-0.003319,0.006999,-0.071263,-0.00010500000000000006,0.00016600000000000035,-0.00014699999999999436
11523,-0.00732,-0.007503999999999999,-0.06654900000000001,-3.199999999999991e-05,0.0004129999999999993,4.300000000001525e-05
17118,-0.010608000000000001,0.007799,-0.064959,8.900000000000054e-05,0.00016700000000000048,-0.00016299999999999648
16705,0.012846999999999999,-0.009255000000000001,-0.068736,7.000000000000062e-06,0.00015900000000000115,4.000000000004e-06
12971,-0.0031219999999999998,0.009151,-0.066608,-8.90000000000001e-05,0.00023199999999999957,-5.1999999999996493e-05
15439,0.001554,0.0016539999999999999,-0.070272,0.00011099999999999999,0.00013400000000000022,-0.00022099999999999898
12062,-0.000447,0.000354,-0.072366,0.00010300000000000006,0.00014,-0.0001260000000000011
18101,-0.006785,0.007524,-0.065071,3.500000000000031e-05,0.00032399999999999877,-6.899999999999962e-05
18270,0.013265,0.010242000000000001,-0.070029,-0.00015399999999999962,1.2999999999999123e-05,-0.00022200000000001385
9660,0.005377,0.0028940000000000003,-0.06919499999999999,3.900000000000084e-05,8.69999999999994e-05,-9.599999999999886e-05
17947,-0.0018260000000000001,0.0047,-0.06725400000000001,4.700000000000017e-05,0.0002249999999999995,-0.00020099999999999285
18110,-0.013551,-0.004144,-0.069865,8.400000000000074e-05,6.499999999999995e-05,8.999999999995123e-06
15877,-0.011768,-0.010298999999999999,-0.069426,2.5000000000000716e-05,0.0003409999999999993,-1.5000000000001124e-05
10413,0.004985000000000001,0.008279,-0.070701,-4.1000000000001105e-05,5.000000000000143e-05,-7.499999999999174e-05
9183,0.00948,0.0053159999999999995,-0.067175,3.999999999998796e-06,0.0001590000000000003,-0.0001229999999999981
16490,-0.010706,0.008483000000000001,-0.064602,5.199999999999996e-05,0.00017699999999999834,-9.999999999998899e-05
16815,0.008126,0.004338,-0.062989,6.600000000000009e-05,0.00018700000000000053,-3.899999999999737e-05
13081,0.009044,0.008386,-0.07151600000000001,-0.00015699999999999915,6.600000000000009e-05,-0.0002249999999999891
16548,0.004083,-0.01103,-0.066563,0.000196,0.00017,-1.0999999999997123e-05
10129,0.014817,-0.0065049999999999995,-0.07196999999999999,-1.4000000000000123e-05,0.00010799999999999959,-7.400000000000462e-05
9995,-0.001605,-0.000255,-0.071676,0.0001290000000000002,0.000201,-0.00019099999999999673
10462,0.012228999999999999,-0.001,-0.070216,5.300000000000096e-05,0.00010800000000000002,-0.00014899999999999636
17413,-0.01293,0.00222,-0.07090099999999999,8.5e-05,3.300000000000004e-05,-5.2999999999997494e-05
18078,-0.008983000000000001,-0.009307000000000001,-0.068762,7.300000000000188e-05,0.0001510000000000001,2.4000000000010124e-05
11773,0.009067,0.010648999999999999,-0.068289,-0.00010800000000000046,1.5000000000001124e-05,-0.00014999999999999736
10082,0.009442,0.011866,-0.06856399999999999,1.8000000000000654e-05,-2.6999999999999247e-05,-0.00011100000000001387
17666,0.01449,-0.008915,-0.068259,-7.300000000000015e-05,0.00010300000000000066,-1.6999999999989246e-05
16587,0.014043,-0.006851,-0.066114,8.700000000000027e-05,0.0002580000000000004,-0.00013499999999998236
14446,-0.011908,9.800000000000001e-05,-0.068834,7.500000000000041e-05,6.3e-05,2.5999999999998247e-05
16494,-0.0069770000000000006,-0.003095,-0.066077,7.699999999999981e-05,0.00016800000000000018,0.00019299999999999873
9724,0.0052910000000000006,0.004925,-0.06835,5.899999999999916e-05,9.099999999999994e-05,-8.800000000000474e-05
13766,-0.012381,-0.007037,-0.06758,8.3999999999999e-05,0.00013100000000000004,8.199999999999874e-05
16325,-0.005494,-0.010046,-0.066166,8.599999999999927e-05,0.00015399999999999962,-9.799999999998699e-05
16492,-0.005575999999999999,-0.0018720000000000002,-0.06834699999999999,3.9999999999996635e-06,0.00019900000000000018,0.00014300000000000423
18178,0.006426,0.008095000000000001,-0.070572,-0.00015399999999999962,4.0999999999997636e-05,-9.699999999999986e-05
15632,0.009461,0.010067,-0.06986,-8.800000000000127e-05,-6.899999999999962e-05,-5.3999999999998494e-05
18094,-0.004326,-0.0047610000000000005,-0.071315,7.599999999999968e-05,0.00013900000000000023,8.600000000000274e-05
16470,0.003613,0.004056,-0.070053,0.0,0.0001730000000000004,-0.0001699999999999896
18218,-0.005841,0.007171,-0.063397,-8.899999999999967e-05,0.0002500000000000002,-0.00017600000000000948
17276,0.017721,0.011108,-0.067854,-5.6000000000000494e-05,5.999999999999929e-05,-0.00019900000000000473
9675,0.008787000000000001,0.005128,-0.06956799999999999,1.9999999999985307e-06,0.0001990000000000004,-0.00011300000000000199
14131,0.014152,-0.00209,-0.06926500000000001,4.700000000000017e-05,0.0002199999999999997,-5.099999999999549e-05
10746,0.008467,0.011208000000000001,-0.070033,-2.300000000000045e-05,9.39999999999986e-05,-0.00013699999999999823
17431,-0.011547,0.003194,-0.069481,8.900000000000054e-05,1.9000000000000353e-05,-0.00010799999999999699
9764,0.011717,-0.0013369999999999999,-0.069039,0.00011300000000000025,0.00010399999999999971,-0.00010299999999999199
12914,0.012973,-0.000879,-0.06989,6.100000000000029e-05,0.0001969999999999999,-0.00017900000000001248
12819,-0.007691,0.005275,-0.069677,6.200000000000042e-05,4.099999999999937e-05,-0.0001270000000000021
16960,-0.011417,-0.003856,-0.06862900000000001,0.00010899999999999972,0.00020100000000000022,4.300000000001525e-05
9857,0.005919,0.007150999999999999,-0.07075,-0.00017399999999999968,7.000000000000062e-05,-6.100000000001937e-05
9845,0.014484,-0.00519,-0.07092,6.600000000000009e-05,0.00010300000000000066,-0.00010599999999999499
17183,-0.003215,-0.00381,-0.069604,4.699999999999973e-05,0.00011999999999999988,0.00011400000000000299
13741,0.004798,-0.003258,-0.066978,0.00014099999999999963,0.00023000000000000017,-0.00011700000000000599
17116,0.004156,-0.005188,-0.06443399999999999,0.00018800000000000067,0.00021899999999999958,-0.00022800000000001985
16500,0.016758,-0.000444,-0.068742,6.600000000000356e-05,0.000185,-0.00016499999999999848
17753,0.012697,0.001506,-0.07019,4.700000000000017e-05,0.00017200000000000006,-0.00013599999999999723
12758,0.005900000000000001,-0.003998,-0.06678700000000001,6.099999999999942e-05,0.00013999999999999993,-0.00013999999999998736
15103,0.002594,-0.003936,-0.066423,0.0001380000000000001,0.00030000000000000035,-0.0001320000000000071
16248,0.008369,0.006535999999999999,-0.072333,-8.700000000000027e-05,4.7000000000001034e-05,-0.00011900000000000799
18076,-0.010345,0.004868,-0.067747,1.8000000000000654e-05,0.00016899999999999988,-0.00013399999999999523
18073,-0.00419,-0.00319,-0.068559,8.900000000000054e-05,0.000134,0.00018699999999999273
13640,0.015304,0.008452,-0.0689,-3.299999999999831e-05,7.600000000000141e-05,-0.0002299999999999941
18177,0.01062,-0.003428,-0.070242,-1.4999999999999389e-05,2.300000000000045e-05,-9.399999999999686e-05
17846,-0.008195000000000001,-0.008856,-0.067511,-2.9999999999998778e-05,0.00022400000000000024,-3.200000000000425e-05
14468,-0.010904,-0.004445,-0.06866599999999999,0.00010800000000000046,0.00014999999999999996,8.700000000000374e-05
16935,0.002921,-0.009500999999999999,-0.06491200000000001,-1.7000000000000088e-05,0.00022199999999999998,-0.0002849999999999936
11113,0.002598,-0.004367,-0.07065600000000001,-6.199999999999999e-05,0.00020800000000000072,-4.7999999999978615e-05
15813,0.00732,0.00532,-0.067224,7.900000000000008e-05,8.000000000000021e-05,-4.200000000000037e-05
16469,0.0008,0.0027370000000000003,-0.067871,0.00011800000000000005,0.0003269999999999996,-0.00014100000000000223
17466,-0.013529,-0.000365,-0.06777,9.299999999999933e-05,0.00024099999999999998,5.7000000000001494e-05
17124,0.010907,0.011151,-0.06695000000000001,-6.199999999999956e-05,-0.00010399999999999819,-1.3999999999986246e-05
10157,0.0018369999999999999,-0.008806,-0.07301300000000001,6.7e-05,0.00019699999999999926,3.600000000000825e-05
17489,0.004926,-0.010003999999999999,-0.065344,0.00020199999999999992,0.00019899999999999952,1.8999999999991246e-05
9772,0.012564,-0.00298,-0.069405,5.699999999999976e-05,0.00016599999999999991,-8.299999999999974e-05
17123,0.011472,0.00131,-0.066229,6.900000000000135e-05,0.0003030000000000001,-8.100000000001162e-05
15121,0.001521,-0.004261999999999999,-0.064991,0.00013499999999999992,0.00024399999999999943,-0.00014700000000000824
16139,-0.0043890000000000005,0.000766,-0.07071599999999999,6.900000000000048e-05,0.00010900000000000005,-5.300000000001137e-05
17102,-0.004221,-0.007699,-0.072962,0.0001250000000000001,9.200000000000007e-05,-1.000000000001e-06
15880,-0.008603,-0.010632999999999998,-0.06904900000000001,0.00010500000000000093,0.00023099999999999857,0.00010300000000001974
