Particle,x,y,z,Vx,Vy,Vz
19424,0.0011639999999999999,0.000739,-0.070453,0.0,0.0,0.0
22054,-0.004405999999999999,0.002483,-0.06684,0.0,0.0,0.0
17810,-0.0008209999999999999,0.009553,-0.073707,0.0,0.0,0.0
21424,-0.0013759999999999998,-0.0074080000000000005,-0.063053,0.0,0.0,0.0
22296,-0.0034820000000000003,0.012392,-0.070664,0.0,0.0,0.0
22926,-0.001627,0.010541,-0.061191,0.0,0.0,0.0
11420,-0.009049,0.006978,-0.067316,0.0,0.0,0.0
22627,0.010499000000000001,-0.0050490000000000005,-0.065336,0.0,0.0,0.0
15610,0.016542,0.010513999999999999,-0.071743,0.0,0.0,0.0
22736,-0.008966,-0.011890000000000001,-0.065156,0.0,0.0,0.0
23180,0.000758,0.009675000000000001,-0.061869,0.0,0.0,0.0
22750,-0.00304,-0.006473,-0.077449,0.0,0.0,0.0
21421,0.014765,0.005731,-0.064821,0.0,0.0,0.0
19459,0.007044,-0.002589,-0.06934799999999999,0.0,0.0,0.0
22472,0.008621,-0.00754,-0.074004,0.0,0.0,0.0
22858,-0.009172000000000001,0.009935000000000001,-0.075359,0.0,0.0,0.0
22955,0.01723,0.009759,-0.068283,0.0,0.0,0.0
21950,0.010157,0.004225,-0.06376899999999999,0.0,0.0,0.0
22012,0.012898999999999999,0.006978,-0.063777,0.0,0.0,0.0
21551,0.0013089999999999998,-0.00822,-0.075651,0.0,0.0,0.0
22614,0.001734,0.006889,-0.06774200000000001,0.0,0.0,0.0
22384,0.002363,0.005725,-0.059767,0.0,0.0,0.0
22018,-0.000483,0.011797,-0.064296,0.0,0.0,0.0
21810,-0.012549,0.011774,-0.06626900000000001,0.0,0.0,0.0
22078,-0.0028399999999999996,-0.010837,-0.063831,0.0,0.0,0.0
20899,-0.004436,-0.011239,-0.06944499999999999,0.0,0.0,0.0
21992,-0.002068,0.009805999999999999,-0.074292,0.0,0.0,0.0
21958,0.004942,-0.012521000000000001,-0.066381,0.0,0.0,0.0
16862,-0.006835,-0.0005620000000000001,-0.06276899999999999,0.0,0.0,0.0
17752,0.002195,0.0010609999999999999,-0.06725199999999999,0.0,0.0,0.0
22924,0.002657,0.010163,-0.076761,0.0,0.0,0.0
22639,0.0033940000000000003,-0.002474,-0.075909,0.0,0.0,0.0
22429,-0.010319,-0.003004,-0.060176,0.0,0.0,0.0
20540,0.015127,-0.006718,-0.06880700000000001,0.0,0.0,0.0
22800,0.007672,0.001031,-0.061198,0.0,0.0,0.0
21700,0.015522000000000001,0.004777,-0.063576,0.0,0.0,0.0
23079,0.005925,-0.002834,-0.058711,0.0,0.0,0.0
23035,-0.001171,-0.004386,-0.06528700000000001,0.0,0.0,0.0
20163,0.000266,-0.00839,-0.075782,0.0,0.0,0.0
22962,0.004878,0.004954,-0.059266,0.0,0.0,0.0
22936,0.001846,-0.011583,-0.064637,0.0,0.0,0.0
22235,-0.0054459999999999995,-0.011432000000000001,-0.071823,0.0,0.0,0.0
22107,0.016148,-0.008346,-0.065072,0.0,0.0,0.0
22446,0.006141,-0.012092,-0.07235899999999999,0.0,0.0,0.0
16532,0.015649,0.00811,-0.06516899999999999,0.0,0.0,0.0
21795,-0.008766,0.010695,-0.0637,0.0,0.0,0.0
20515,-0.004621,-0.010138999999999999,-0.067834,0.0,0.0,0.0
21955,-0.013762,0.009863,-0.073685,0.0,0.0,0.0
21086,0.015238,-0.010322,-0.067979,0.0,0.0,0.0
22725,0.009751,-0.002821,-0.062388,0.0,0.0,0.0
19515,-0.013968,0.003792,-0.065372,0.0,0.0,0.0
23007,-0.001407,-0.004357000000000001,-0.07672799999999999,0.0,0.0,0.0
22499,-0.006966,0.01033,-0.060452,0.0,0.0,0.0
18756,0.007376000000000001,0.001988,-0.069635,0.0,0.0,0.0
22685,0.0011970000000000001,-0.004841,-0.066092,0.0,0.0,0.0
20398,-0.009115,0.000492,-0.063906,0.0,0.0,0.0
22967,-0.013309,-0.007764999999999999,-0.065668,0.0,0.0,0.0
15187,-0.005391,0.008936999999999999,-0.073812,0.0,0.0,0.0
21664,-0.014483000000000001,0.0081,-0.07193000000000001,0.0,0.0,0.0
22755,-0.01328,0.009371,-0.071013,0.0,0.0,0.0
20554,-0.009363,0.013314,-0.066233,0.0,0.0,0.0
21201,0.015363,0.012202,-0.071213,0.0,0.0,0.0
22881,-0.007659,0.007383,-0.074879,0.0,0.0,0.0
22066,-0.006101,0.008904,-0.06865500000000001,0.0,0.0,0.0
22044,-0.008468999999999999,0.005261,-0.060107,0.0,0.0,0.0
21667,0.013510999999999999,0.010058999999999998,-0.07069199999999999,0.0,0.0,0.0
23026,0.002675,0.0018700000000000001,-0.063702,0.0,0.0,0.0
22699,-0.0072770000000000005,0.013265,-0.063669,0.0,0.0,0.0
22803,0.008218,-0.007884,-0.062274,0.0,0.0,0.0
23057,-0.009535,-0.008535000000000001,-0.075166,0.0,0.0,0.0
23091,0.015452,0.010983,-0.073553,0.0,0.0,0.0
23116,-0.01107,-0.009471,-0.060639000000000005,0.0,0.0,0.0
23179,-0.012975,-0.0015660000000000001,-0.073002,0.0,0.0,0.0
11523,-0.007141,-0.002245,-0.06535099999999999,0.0,0.0,0.0
22327,-0.006646,-0.006432,-0.066568,0.0,0.0,0.0
22320,-0.011666000000000001,-0.011340999999999999,-0.074156,0.0,0.0,0.0
21235,-0.001296,0.006768,-0.067964,0.0,0.0,0.0
22215,-0.015147,-0.009582,-0.07202800000000001,0.0,0.0,0.0
22004,0.003637,0.007723,-0.065342,0.0,0.0,0.0
23435,-0.003846,0.005726,-0.07266,2.3000000000000017e-05,0.00017,-0.00015300000000000036
21646,-0.0031030000000000003,0.012528000000000001,-0.068339,-0.00011299999999999982,0.000194999999999999,-6.30000000000075e-05
17118,-0.009023999999999999,0.009932999999999999,-0.068024,8.3999999999999e-05,0.00011200000000000099,-0.00020099999999999285
23004,0.002803,-0.002199,-0.062323,0.00018500000000000027,0.00018000000000000004,-0.00014699999999999436
21956,0.015606,0.009170999999999999,-0.071315,0.00013800000000000097,3.9000000000002574e-05,-0.00038699999999999846
22921,0.004775000000000001,0.0045,-0.063004,0.00017399999999999968,0.0004060000000000001,-7.799999999999474e-05
23226,0.001859,-0.011515000000000001,-0.069779,0.00016100000000000012,0.00012200000000000058,-0.00038000000000000533
16705,0.012789,-0.0067009999999999995,-0.068571,2.999999999999531e-06,0.00013099999999999917,-6.70000000000115e-05
22404,0.002528,-0.010082,-0.076609,0.00012800000000000008,-5.4999999999999494e-05,-8.700000000000374e-05
21067,-0.006985,0.000634,-0.07171,9.099999999999994e-05,-2.1999999999999993e-05,-6.0000000000004494e-05
23261,0.010135,-0.008416,-0.059224,0.00012599999999999938,0.00037799999999999986,6.400000000000156e-05
22947,-0.013382999999999999,0.0018759999999999998,-0.077086,-5.000000000001531e-06,9.100000000000015e-05,-8.400000000000074e-05
23236,-0.0050810000000000004,-0.002177,-0.07537,-4.0000000000000105e-05,6.799999999999992e-05,-1.5000000000001124e-05
22975,0.015879,-0.010134,-0.071272,-2.3999999999999716e-05,0.00012900000000000064,9.000000000000674e-05
21104,0.011694000000000001,-0.004942,-0.062615,5.4999999999999494e-05,0.00021600000000000005,-3.999999999999837e-05
23256,0.003991,0.012493,-0.072022,-0.00015899999999999985,0.00012999999999999817,-0.00022300000000000098
20080,0.005875,0.013012000000000001,-0.06706699999999999,-5.199999999999996e-05,0.0001389999999999985,-4.200000000000037e-05
23341,0.006869,-0.007643,-0.06085,0.0001749999999999998,0.0002409999999999999,-0.00022799999999999904
22414,-0.01069,-0.003612,-0.075661,-2.999999999999531e-06,-5.4999999999999494e-05,-4.399999999998849e-05
22409,0.001299,0.012553000000000002,-0.063474,-5.6999999999999976e-05,0.000279999999999999,-1.4000000000000123e-05
22667,-0.0016870000000000001,-0.005229,-0.072894,-1.8000000000000004e-05,0.00011399999999999952,-3.300000000000525e-05
12971,-0.004566,0.012999,-0.06665900000000001,-6.100000000000029e-05,0.0001899999999999992,1.8000000000004124e-05
22949,0.0032440000000000004,0.012593,-0.065247,2.099999999999975e-05,0.0002970000000000004,0.00013599999999999723
23225,-0.011371000000000001,-0.009749,-0.06265899999999999,-2.7999999999998512e-05,0.00021799999999999944,-2.5000000000011124e-05
20167,0.017846,0.00404,-0.068566,4.39999999999989e-05,6.200000000000042e-05,-5.7999999999988616e-05
20302,0.013359999999999999,0.0103,-0.066875,-0.00013099999999999917,8.999999999998592e-06,-0.0002449999999999952
22954,0.006795,0.007156,-0.064068,0.00011300000000000025,0.00027199999999999967,-5.999999999992123e-06
23303,0.000488,-0.00667,-0.061607,0.000172,7.899999999999921e-05,-7.099999999999468e-05
23327,0.009696,0.010209,-0.063936,7.099999999999988e-05,0.00021300000000000138,3.200000000000425e-05
21811,0.000618,0.013257,-0.062701,-0.00010199999999999999,0.0002210000000000007,-6.199999999999262e-05
15439,0.002714,0.0034089999999999997,-0.074173,7.300000000000015e-05,7.700000000000068e-05,-0.0001820000000000016
23222,-0.000987,-0.004788000000000001,-0.060081,0.00019300000000000003,0.00010400000000000079,-0.00011699999999999905
19106,0.011000999999999999,0.009336,-0.06908700000000001,4.4000000000000636e-05,0.00010099999999999866,-0.00012799999999998923
19490,-0.009525,0.009238,-0.064859,-9.999999999992654e-07,8.100000000000121e-05,-5.300000000001137e-05
21422,-0.004405999999999999,-0.009787,-0.06154,5.699999999999889e-05,0.00011600000000000152,-5.100000000000243e-05
23325,-0.004899,-0.008853,-0.065486,0.00014599999999999943,0.0002310000000000003,-0.00010400000000000686
20086,0.008981,-0.002533,-0.076559,4.000000000000531e-06,8.699999999999984e-05,-9.699999999999986e-05
12062,0.00128,0.002155,-0.074965,0.0001249999999999999,-5.999999999999929e-06,-0.0002319999999999961
19790,0.01401,-0.00611,-0.066599,9.900000000000013e-05,7.400000000000028e-05,-3.199999999999037e-05
23246,0.005042,-0.010311,-0.068757,9.8e-05,6.000000000000796e-06,6.699999999999762e-05
22095,0.011929,-0.012525,-0.067349,0.0001860000000000004,-7.899999999999921e-05,0.00017300000000000648
20170,-0.014398,-0.0044020000000000005,-0.066848,3.699999999999884e-05,0.00021900000000000044,-5.3999999999998494e-05
18826,-0.0053620000000000004,0.010329000000000001,-0.072034,-0.00016099999999999882,6.599999999999835e-05,1.000000000001e-06
18101,-0.005985000000000001,0.012567,-0.065146,-1.6999999999998787e-05,0.00023300000000000057,-5.2999999999997494e-05
18834,0.003999,-0.008126,-0.075003,5.9000000000000025e-05,0.00010699999999999946,-6.399999999999462e-05
22951,0.0016899999999999999,0.012008,-0.074782,-0.00013299999999999987,4.99999999999997e-05,-4.799999999999249e-05
20677,-0.009609999999999999,0.008936999999999999,-0.06752,0.0001229999999999981,7.800000000000168e-05,-0.0001270000000000021
22957,0.000424,-0.001883,-0.075632,3.0000000000000024e-05,7.59999999999999e-05,-1.8999999999991246e-05
23270,-0.006253999999999999,-0.003977,-0.075497,0.00011399999999999952,0.00017799999999999977,2.4999999999997247e-05
22929,-0.002994,0.009398,-0.065401,-1.0999999999999725e-05,0.00036800000000000027,-0.00011999999999999511
21115,-0.007041,0.013145,-0.067376,-9.49999999999996e-05,0.00014299999999999903,-4.699999999999149e-05
21754,-0.008831,-0.008742000000000002,-0.064469,0.00022199999999999998,8.300000000000148e-05,7.999999999994123e-06
21682,0.015368,0.004216999999999999,-0.070922,7.899999999999921e-05,0.00014200000000000063,-0.00026900000000000535
23043,0.0028399999999999996,6.3e-05,-0.061553,9.20000000000005e-05,0.00026,-0.00010800000000000393
18270,0.010804000000000001,0.010315,-0.07407599999999999,-0.0002020000000000008,-3.500000000000031e-05,-0.00022500000000001685
23273,0.000354,0.003659,-0.075333,7.500000000000003e-05,5.199999999999996e-05,-0.00031899999999999984
23124,0.011718,-0.010855,-0.065663,9.699999999999986e-05,9.599999999999886e-05,-2.0000000000006124e-05
23324,-0.007889,0.002841,-0.060377,1.5000000000001124e-05,0.0003489999999999999,5.4999999999999494e-05
23328,-0.005352,-0.006708,-0.058075,2.300000000000045e-05,0.00013400000000000044,-0.0001779999999999976
23347,0.014934,-0.012655,-0.06866599999999999,0.0001580000000000019,9.99999999999994e-05,-3.0000000000030003e-06
22690,-0.006866,-0.000606,-0.064144,8.000000000000021e-05,0.000107,0.00016900000000000248
23080,0.011,-0.007365999999999999,-0.06550700000000001,3.200000000000078e-05,2.8999999999999512e-05,4.800000000000637e-05
23125,0.015892,-0.013023,-0.06836199999999999,0.00021999999999999797,0.00010300000000000066,-0.00014900000000001024
23467,0.0014470000000000002,-0.005984,-0.070638,0.00022099999999999984,0.00018599999999999953,2.5000000000011124e-05
18906,0.013104,-0.010990999999999999,-0.064134,0.00035000000000000135,0.00018799999999999893,-5.4999999999999494e-05
22132,0.018272,-0.004824,-0.067923,-4.39999999999989e-05,8.80000000000004e-05,1.9999999999881224e-06
19093,-0.004435,0.002421,-0.062978,6.899999999999962e-05,0.0002950000000000001,7.600000000000662e-05
9660,0.0060279999999999995,0.004254,-0.071115,2.600000000000085e-05,7.799999999999994e-05,-6.599999999999662e-05
20715,-0.005045,-0.0037,-0.068833,-1.299999999999999e-05,0.00021399999999999978,-0.00013499999999999623
17947,-0.0017549999999999998,0.008825,-0.070165,-5.5000000000000144e-05,0.00021300000000000138,-0.00012599999999998723
22937,-0.0058460000000000005,-0.003661,-0.066868,0.0001429999999999999,0.00021200000000000038,-8.400000000000074e-05
20790,0.004487,-0.008876,-0.067633,0.0002790000000000006,0.00020000000000000052,-0.00010999999999999899
23594,-0.013964,0.008272999999999999,-0.07681600000000001,-7.499999999999868e-05,1.8000000000000654e-05,3.200000000000425e-05
18110,-0.012951,-0.003605,-0.069902,5.000000000001531e-06,4.30000000000005e-05,4.500000000000337e-05
23718,0.015460000000000002,-0.009804,-0.074693,-4.4000000000000636e-05,-5.199999999999996e-05,-2.9000000000001247e-05
23464,-0.003097,-0.002264,-0.064166,2.0000000000000052e-05,0.00011300000000000025,1.5000000000001124e-05
15877,-0.010996,-0.006267,-0.068743,0.00017,0.0002040000000000002,-7.999999999999674e-05
21659,0.009609999999999999,0.010820999999999999,-0.071795,-0.00014999999999999736,-3.099999999999978e-05,-0.00016800000000000148
21661,-0.012962999999999999,0.012201,-0.072518,7.999999999999327e-06,-1.4999999999999389e-05,-4.700000000000537e-05
22778,0.005860000000000001,-0.002039,-0.065337,3.399999999999931e-05,0.0002959999999999998,-0.00020599999999999785
18866,0.014152,-0.009642,-0.067694,0.0001499999999999991,-2.5000000000000716e-05,-6.30000000000075e-05
20298,0.014425,0.000479,-0.067005,1.899999999999992e-05,0.000185,-1.5000000000001124e-05
21697,-0.009608,0.0047599999999999995,-0.068752,0.0002260000000000005,0.0001490000000000007,-0.00018400000000001748
21695,-0.014285,-0.008844,-0.072275,0.00010000000000000113,8.89999999999988e-05,-5.1999999999996493e-05
23078,0.013436,-0.0026739999999999997,-0.063691,7.599999999999968e-05,0.00013699999999999997,5.099999999999549e-05
23674,-0.013831,0.011685000000000001,-0.06801900000000001,7.999999999999327e-06,2.099999999999845e-05,5.500000000001337e-05
22338,-0.011481,0.009914,-0.06984699999999999,3.300000000000004e-05,3.8000000000001574e-05,1.8999999999991246e-05
21964,0.0027069999999999998,-0.000322,-0.063826,0.0001590000000000003,0.000263,0.00011200000000000099
22974,-0.011343,0.004093,-0.066698,0.000172000000000002,0.00028499999999999966,-3.500000000000725e-05
22029,-0.0024660000000000003,0.005568,-0.075378,-4.699999999999973e-05,9.399999999999947e-05,-0.00010200000000000486
18753,0.010147999999999999,-0.003139,-0.07103100000000001,-0.00010499999999999919,9.500000000000003e-05,-2.899999999998737e-05
18433,0.000998,0.008206,-0.072173,-8.699999999999995e-05,5.699999999999976e-05,-0.00014699999999999436
23587,-0.0075049999999999995,-0.001585,-0.060854,1.7999999999999787e-05,0.000214,5.4999999999999494e-05
22374,-0.008447,0.007991,-0.063192,-3.600000000000131e-05,0.00032000000000000084,-1.4000000000000123e-05
22719,-0.003364,-0.002589,-0.06477,1.9999999999998318e-06,0.00013600000000000027,-4.999999999999449e-05
23604,0.015295999999999999,0.007809,-0.062882,5.500000000000123e-05,9.699999999999986e-05,1.2999999999999123e-05
23050,-0.0017649999999999999,-0.010727,-0.06327,0.00016899999999999988,0.00013799999999999923,-0.00021599999999999397
23624,-0.013824999999999999,0.0062380000000000005,-0.07007,9.799999999999913e-05,-1.8000000000000654e-05,9.999999999998899e-05
23000,0.000432,-0.010641,-0.061444000000000006,7.300000000000004e-05,0.00015999999999999868,-0.0003579999999999972
23258,0.017143000000000002,0.0025310000000000003,-0.066395,0.00012299999999999464,0.00015799999999999972,-3.700000000000925e-05
21847,0.001443,-0.012882999999999999,-0.06533,0.0002540000000000001,6.599999999999835e-05,-0.0002489999999999992
22673,0.014242000000000001,-0.001915,-0.064942,6.699999999999762e-05,0.00012699999999999994,3.599999999999437e-05
10413,0.0039239999999999995,0.009843999999999999,-0.071774,-0.00012199999999999928,0.00011300000000000199,-1.2999999999999123e-05
23365,0.012005,0.009977999999999999,-0.061982,-2.199999999999945e-05,0.0003070000000000017,-3.899999999999737e-05
23613,-0.004068,0.009493999999999999,-0.061197,-5.7000000000000627e-05,0.00023600000000000183,-0.00013200000000000017
22396,0.011904,0.004018,-0.063244,0.00023000000000000104,0.00029600000000000026,-5.4999999999999494e-05
23449,-0.015865,0.001232,-0.076157,-0.00013900000000000023,6.400000000000004e-05,3.900000000001125e-05
23432,0.0033450000000000003,-0.0048579999999999995,-0.067047,7.499999999999955e-05,0.00021899999999999958,-0.00018000000000001348
22916,0.0075,2.8e-05,-0.075751,2.4000000000000583e-05,6.099999999999999e-05,-0.00014900000000001024
23730,-0.005652,0.00512,-0.069459,0.00011300000000000025,0.00023099999999999943,-1.1999999999998123e-05
23767,0.002342,-0.0063609999999999995,-0.063708,0.0002149999999999999,0.0002249999999999995,-0.00022800000000000598
23554,-0.0005719999999999999,0.0022240000000000003,-0.065628,0.0001119999999999999,0.00033199999999999983,-8.700000000000374e-05
21399,-0.00687,0.009719,-0.068505,3.199999999999991e-05,0.00016500000000000022,-8.500000000000174e-05
23259,-0.008523,0.003987,-0.06762699999999999,8.199999999999874e-05,0.0002360000000000001,0.00010399999999999299
23610,-0.001232,-0.0006360000000000001,-0.076825,-2.6999999999999897e-05,1.4000000000000015e-05,-0.00012699999999998823
23638,0.009778,-0.005039,-0.061414,0.00012599999999999938,0.00020799999999999985,-0.0003079999999999958
23389,0.013185,0.001299,-0.06475199999999999,0.00024599999999999796,5.999999999999994e-05,-9.100000000000774e-05
21658,0.016422999999999997,-0.006589,-0.072588,3.700000000000578e-05,0.00011699999999999992,-0.00011800000000000699
23664,0.004275999999999999,0.007556,-0.059351,0.0001250000000000001,0.00015999999999999955,-1.5999999999995185e-05
23269,0.015113,0.011118000000000001,-0.067901,-5.800000000000076e-05,-0.00010500000000000093,-4.399999999998849e-05
21902,0.017594000000000002,-0.007396,-0.074919,-6.900000000000309e-05,7.299999999999928e-05,-6.70000000000115e-05
22406,-0.014609,-0.0033290000000000004,-0.06717400000000001,-7.000000000000062e-06,0.00019700000000000013,-3.499999999999337e-05
23498,-0.011964,0.012329000000000001,-0.071852,-1.3999999999998389e-05,-8.900000000000054e-05,4.699999999999149e-05
22211,0.015193,-0.012512,-0.065388,0.000196,0.00016600000000000122,5.8000000000002494e-05
23056,-0.00911,0.005497,-0.073911,1.899999999999992e-05,0.00011200000000000012,6.0000000000060005e-06
21691,0.001059,0.007273,-0.069743,4.3999999999999985e-05,0.00018699999999999967,-0.00020299999999999485
22079,0.008614,0.003669,-0.074003,-1.899999999999992e-05,0.00010999999999999985,-0.0002560000000000062
22758,-0.003211,0.004894999999999999,-0.07209499999999999,-9.000000000000327e-06,0.00010000000000000113,-8.299999999999974e-05
23016,-0.008437,-0.004346,-0.072434,3.399999999999931e-05,0.00014099999999999963,0.00011600000000000499
21714,-0.004131999999999999,0.002301,-0.065303,7.599999999999968e-05,0.0002049999999999999,3.399999999999237e-05
23233,0.003589,0.00463,-0.060909,0.00018099999999999974,0.0003740000000000002,-0.0001460000000000003
21035,-0.009356,0.0127,-0.066012,8.000000000000021e-05,0.00017299999999999954,-9.900000000000186e-05
22991,-0.0032440000000000004,-0.009170999999999999,-0.067743,0.00015700000000000002,0.0002899999999999986,-9.100000000000774e-05
22633,0.0009320000000000001,-0.006123,-0.06283899999999999,0.00021399999999999978,0.00021600000000000005,-0.00017400000000000748
19468,-0.0009360000000000001,0.008207,-0.068846,-6.499999999999985e-05,0.000196,-0.00014899999999999636
19820,-0.006706,-0.005637,-0.069122,-5.399999999999936e-05,0.00013399999999999957,-1.2999999999999123e-05
23547,0.012742000000000002,0.009039,-0.064796,-7.100000000000162e-05,0.00015899999999999942,-1.6999999999989246e-05
22682,0.007198,-0.002664,-0.075234,-0.00015100000000000096,0.00011699999999999992,-0.00020799999999999985
23800,-0.005831,0.009329,-0.068425,6.100000000000029e-05,9.099999999999907e-05,-0.00014300000000000423
23660,-0.006018,-2.5e-05,-0.074747,8.5e-05,9.9e-05,-2.2000000000008124e-05
9183,0.009175,0.007822,-0.069503,-3.900000000000084e-05,0.00014599999999999856,-0.00016000000000000736
22718,-0.007808,-0.00016700000000000002,-0.06647700000000001,8.899999999999967e-05,0.00019400000000000003,0.00024000000000001798
23235,-0.0029049999999999996,-6.8e-05,-0.072147,0.0002249999999999995,0.000199,8.000000000008e-06
23354,-0.009937,-0.007466,-0.061979,8.599999999999927e-05,0.00023800000000000036,-0.00015599999999999642
23534,-0.008728,-0.010869,-0.06927599999999999,9.799999999999913e-05,0.0002450000000000004,-0.00017100000000001836
22385,-0.002004,-0.008298999999999999,-0.063329,0.00015700000000000024,0.00018799999999999893,-5.6000000000000494e-05
21491,-0.004067,-0.0012050000000000001,-0.065766,0.00017900000000000034,0.00022900000000000015,0.00014700000000000824
22807,-0.012715,0.010411,-0.065025,8.099999999999948e-05,4.900000000000043e-05,-3.300000000000525e-05
16490,-0.009025,0.011537,-0.066478,7.599999999999968e-05,0.000196,-0.0001310000000000061
22415,-0.004823,0.012848,-0.061493,-6.399999999999982e-05,0.00029900000000000065,0.00011899999999999411
21455,-0.004163,-0.002545,-0.061917,0.00021299999999999965,0.000183,-0.0001470000000000013
16815,0.008185000000000001,0.007347,-0.06267199999999999,-5.900000000000176e-05,0.00016400000000000008,5.1999999999996493e-05
23203,-0.005463,0.003828,-0.07330800000000001,8.69999999999994e-05,9.099999999999994e-05,2.3000000000009124e-05
19761,-0.0036469999999999996,0.010581,-0.064913,8.999999999999894e-06,0.00025699999999999855,-0.00014700000000000824
20112,-0.012489,0.001452,-0.06899899999999999,0.00023199999999999957,0.00017100000000000014,3.699999999998149e-05
18515,0.015628,0.005543,-0.072222,2.8000000000000247e-05,0.00015700000000000002,-0.00026600000000000235
19417,0.005637,0.000735,-0.07248600000000001,5.0000000000000565e-05,0.0002899999999999999,-0.00014699999999998048
23351,0.014098000000000001,0.003574,-0.064804,0.00018099999999999887,0.00022600000000000007,-8.099999999999774e-05
22748,0.001829,-0.00903,-0.075151,0.0001380000000000001,0.0001910000000000002,-3.400000000000625e-05
23560,0.002177,0.010631999999999999,-0.061332,-1.1000000000000159e-05,0.00031600000000000204,0.0001250000000000001
23264,-0.003559,-0.008321,-0.067721,0.0002009999999999998,0.00025900000000000055,-3.0000000000002247e-05
22324,0.009184,-0.00298,-0.065714,0.00023800000000000036,9.600000000000017e-05,-0.00019600000000000173
22086,0.00522,-0.0015229999999999998,-0.064422,7.000000000000062e-05,0.00026099999999999973,-0.00023400000000001198
20520,-0.004086,-0.007068,-0.067353,0.00015700000000000002,0.00028200000000000013,-2.4999999999997247e-05
20737,-0.01196,0.0060019999999999995,-0.06484699999999999,0.0001749999999999998,0.00015500000000000062,0.00010899999999998411
23005,-0.003013,0.00149,-0.060617,-1.800000000000022e-05,0.0002620000000000001,-8.600000000000274e-05
23064,-0.005775000000000001,0.006969,-0.063194,4.30000000000005e-05,0.0002489999999999992,-6.40000000000085e-05
23598,-0.002291,0.009569000000000001,-0.060175,-2.3999999999999716e-05,0.00017700000000000007,5.8999999999996555e-05
23227,0.006914,-0.010539,-0.067218,0.0003439999999999997,0.0002349999999999991,0.00010300000000000586
22367,-0.003875,0.0062320000000000006,-0.07738500000000001,-0.00012199999999999971,6.799999999999948e-05,-0.00018899999999999473
23541,0.002987,0.011687,-0.075809,-0.0002570000000000003,7.500000000000041e-05,-0.0001320000000000071
22680,0.014915,0.0067350000000000005,-0.064144,8.7000000000002e-05,0.0001549999999999989,3.100000000000325e-05
22618,-0.002857,0.004154,-0.073553,5.499999999999993e-05,0.0001810000000000006,-1.9000000000005124e-05
23753,-0.011606,-0.004288999999999999,-0.07522100000000001,7.999999999999327e-06,-6.0000000000001025e-05,-2.899999999998737e-05
23537,0.0024820000000000003,-0.00404,-0.07562999999999999,5.4999999999999494e-05,0.00015700000000000002,2.499999999998337e-05
23331,0.012569,0.005208999999999999,-0.076318,-0.00010499999999999919,0.00015900000000000115,-3.899999999999737e-05
13081,0.006868,0.009536,-0.075021,-0.00012499999999999924,4.4000000000000636e-05,-0.00017699999999998273
19960,-0.007586000000000001,0.010664,-0.06712399999999999,-4.5999999999999167e-05,0.00016599999999999948,-0.00010400000000000686
23363,0.012289999999999999,0.000429,-0.07678499999999999,-0.00015699999999999915,5.7999999999999946e-05,-0.00015400000000000136
23775,0.01383,-0.005305,-0.06591899999999999,0.00012400000000000085,0.00010799999999999959,8.799999999999086e-05
23707,0.0042510000000000004,-0.001964,-0.063961,0.00020799999999999898,0.00037300000000000007,-0.0001689999999999886
18897,-0.005529,0.012766,-0.066491,-4.69999999999993e-05,0.00022900000000000004,-5.500000000001337e-05
22920,-0.00622,-0.009532,-0.070327,0.00018400000000000014,4.49999999999999e-05,-0.00015900000000000636
22744,-0.002926,0.009318,-0.074492,-0.00011299999999999982,0.00010899999999999972,-0.00011399999999998911
23822,0.000386,-0.012534,-0.06601399999999999,0.000288,0.00017900000000000034,-0.0002410000000000051
21034,-0.001951,0.007994,-0.062884,8.899999999999989e-05,0.0002310000000000003,1.5999999999988246e-05
21041,-0.00751,0.007148,-0.063884,-3.399999999999931e-05,0.00026599999999999974,-8.500000000000174e-05
23515,-0.004791,0.006418,-0.07201600000000001,4.2999999999999636e-05,0.00011099999999999999,-8.399999999998686e-05
23204,-0.0033610000000000003,0.003971,-0.06810899999999999,0.00011100000000000042,0.00011800000000000092,5.999999999997674e-05
23623,0.004187000000000001,0.008275000000000001,-0.075558,-0.00016200000000000069,2.8000000000000247e-05,-2.3000000000009124e-05
22987,-0.008503,0.000443,-0.061274999999999996,-3.500000000000031e-05,0.00030700000000000004,0.00013399999999999523
16548,0.006084,-0.009194,-0.06745999999999999,0.000281,5.900000000000176e-05,-0.0001420000000000171
20188,-0.015208000000000001,-0.004573000000000001,-0.07156900000000001,-2.099999999999845e-05,0.00010800000000000046,3.600000000000825e-05
23262,-0.003196,0.008894,-0.065592,1.7000000000000088e-05,0.0003420000000000003,-7.00000000000145e-05
19438,-0.003431,0.011272,-0.074211,-0.00018800000000000023,3.3999999999997574e-05,-0.0001749999999999946
23234,0.004246000000000001,-0.011303,-0.068581,0.00014099999999999877,6.300000000000056e-05,0.00016399999999999748
23232,-0.010058,0.00425,-0.07569100000000001,3.8999999999999105e-05,0.0001289999999999989,4.000000000004e-06
23036,-0.008967000000000001,-0.010102,-0.062259,7.500000000000215e-05,0.0002009999999999998,-1.7999999999997185e-05
19946,-0.013764,0.004201,-0.065994,-1.1999999999999858e-05,0.00022800000000000077,8.899999999999186e-05
19436,0.012575,0.012322,-0.06820699999999999,-0.00018299999999999914,0.00014400000000000003,-0.00021200000000000385
21952,0.0029,0.00894,-0.066452,1.9000000000000353e-05,0.000307,-2.1000000000007124e-05
23643,-0.008142,-0.002241,-0.059646,0.00010399999999999993,0.00011000000000000029,-0.00027900000000000147
21785,0.016485,-0.004949,-0.06639300000000001,0.00012699999999999864,0.00021700000000000018,3.1000000000017125e-05
10129,0.014665,-0.00456,-0.073419,3.500000000000031e-05,9.200000000000007e-05,-7.399999999999074e-05
23522,0.006739,-0.000939,-0.065467,8.299999999999974e-05,0.00023700000000000001,-0.0002459999999999962
23535,-0.013063,0.006499,-0.066635,2.700000000000098e-05,0.00011200000000000012,-1.2000000000012001e-05
22703,-0.015882,0.005746,-0.07118600000000001,1.5000000000001124e-05,4.8999999999999565e-05,3.0000000000002247e-05
20784,-0.006847000000000001,0.011432000000000001,-0.075009,-5.4999999999999494e-05,0.00019199999999999946,-0.00015499999999998848
23353,0.006572,-0.008435,-0.062805,5.6000000000000494e-05,8.699999999999854e-05,-0.00015400000000000136
22729,0.014281,-0.009435,-0.06433799999999999,0.00011200000000000099,0.00011800000000000005,7.899999999999574e-05
20264,-0.005794,-0.009767,-0.07358100000000001,3.699999999999971e-05,6.899999999999962e-05,-0.00017000000000000348
22821,0.016996999999999998,-0.008874,-0.066178,4.100000000000284e-05,5.9000000000000025e-05,-8.000000000008e-06
21090,-8.999999999999999e-05,0.006657,-0.07248099999999999,-9.6e-05,0.00011000000000000072,-0.0001420000000000171
21144,0.004804,-0.003221,-0.069542,0.00012099999999999958,0.0003089999999999998,-0.0001689999999999886
19851,0.004481,-0.006956,-0.07279000000000001,5.3000000000000096e-05,4.80000000000003e-05,-0.00014999999999998348
21996,0.006843,-0.008593,-0.066402,7.200000000000002e-05,7.000000000000062e-06,-1.8000000000004124e-05
9995,0.000193,0.002884,-0.07316299999999999,0.00014000000000000001,0.00019300000000000003,-0.0001420000000000171
23583,-0.006893,0.000687,-0.063791,0.0001010000000000004,0.00014499999999999995,0.00016499999999999848
23209,0.002947,0.008140000000000001,-0.06393399999999999,3.300000000000004e-05,0.0002959999999999994,-0.0002380000000000021
23661,0.010951,-0.012582000000000001,-0.060268999999999996,0.00020199999999999906,3.300000000000178e-05,-0.0001880000000000076
23570,-0.007967,-0.011265,-0.067288,0.00012000000000000031,0.00012700000000000038,-0.00010699999999999599
23692,-0.013114,-0.011026999999999999,-0.074635,5.20000000000017e-05,0.000193999999999998,-4.999999999991123e-06
23557,-0.007202,-0.0007379999999999999,-0.067575,0.0001719999999999994,0.00016200000000000003,0.0003519999999999912
22322,0.010869,-0.0015660000000000001,-0.070152,0.0001810000000000006,0.00015900000000000007,-0.0001250000000000001
23548,0.0017,0.0020499999999999997,-0.07086400000000001,-1.1999999999999858e-05,0.0003920000000000004,-2.6999999999999247e-05
21049,-0.010007,0.001832,-0.06570999999999999,0.00015800000000000015,0.0003290000000000001,-0.00010300000000000586
23539,0.015272,-0.004070000000000001,-0.072589,3.699999999999884e-05,7.300000000000102e-05,-5.8000000000002494e-05
10462,0.013181,0.001142,-0.072338,5.6000000000000494e-05,0.00010700000000000011,-0.00014000000000000123
23247,-0.012765,-0.000773,-0.071488,6.000000000000796e-06,0.00018000000000000004,-4.200000000000037e-05
17413,-0.011054999999999999,0.002818,-0.071745,0.00013099999999999917,4.99999999999997e-05,-3.499999999999337e-05
22979,-0.000493,0.0037170000000000003,-0.073625,4.5999999999999925e-05,0.00015799999999999972,-8.600000000000274e-05
23581,-0.012452999999999999,0.012535000000000001,-0.065064,8.199999999999874e-05,9.299999999999933e-05,7.400000000000462e-05
23735,0.0034159999999999998,0.006365,-0.066214,8.5e-05,0.00028500000000000053,1.0999999999997123e-05
20104,0.012353,0.005091,-0.066736,1.9999999999999185e-05,0.00020899999999999998,-5.9000000000003494e-05
23284,-0.001623,-0.012568,-0.067304,0.00017900000000000012,0.00013699999999999997,-0.00020300000000000873
23536,-0.008407999999999999,0.0014930000000000002,-0.061577,4.799999999999943e-05,0.0002729999999999998,0.00010899999999999799
23224,0.00445,-0.012055999999999999,-0.066128,0.00018899999999999993,3.7999999999998105e-05,0.00011100000000001387
22634,-0.009785,0.006907,-0.066047,8.200000000000048e-05,0.00014200000000000063,-0.00010500000000000786
21032,0.006697,0.010058,-0.070608,-0.00023000000000000017,0.00010800000000000046,-0.0002449999999999952
21758,0.011892,0.011231999999999999,-0.073499,-9.900000000000013e-05,2.8000000000000247e-05,-0.00031799999999999884
22665,-0.014532,0.002382,-0.073824,0.0001289999999999989,0.0001330000000000003,-7.799999999999474e-05
22922,0.001153,0.002783,-0.070912,9.900000000000013e-05,0.0002360000000000001,-9.699999999999986e-05
22445,0.00733,0.00524,-0.066433,0.0001250000000000001,0.00022699999999999977,-6.699999999999762e-05
22622,-0.0015680000000000002,-0.00316,-0.063474,0.00010500000000000006,0.00025100000000000035,-0.00013599999999999723
23532,-0.007154,0.004418,-0.062002,-1.700000000000052e-05,0.0001860000000000004,-6.499999999999562e-05
23763,0.005933,0.002726,-0.07380400000000001,7.099999999999988e-05,-7.700000000000025e-05,-0.00018499999999999073
21391,0.003333,0.009551,-0.071964,-4.300000000000007e-05,0.00010899999999999972,-1.4000000000000123e-05
22366,0.013528,-0.002471,-0.074267,-3.500000000000031e-05,4.0999999999999804e-05,-0.0001280000000000031
19099,0.014971,-0.008244,-0.072166,-3.400000000000104e-05,0.0001289999999999989,-5.500000000001337e-05
21172,0.010273999999999998,-0.0034950000000000003,-0.063587,6.1000000000002025e-05,7.200000000000045e-05,-0.0001729999999999926
20788,-0.002812,-0.00040300000000000004,-0.074818,6.799999999999948e-05,0.00011700000000000008,-3.200000000000425e-05
22419,-0.001067,0.00028799999999999995,-0.064974,4.300000000000007e-05,0.00021500000000000002,0.0
23237,-0.007089000000000001,-0.005698000000000001,-0.068486,-6.699999999999935e-05,0.00019000000000000093,-4.599999999999049e-05
20838,-0.008769,0.006539,-0.073033,3.7000000000000574e-05,0.00012000000000000031,-6.0999999999991616e-05
23626,-0.0017250000000000002,-0.004373,-0.064587,0.00030900000000000025,0.00031999999999999997,-4.299999999998749e-05
23637,0.014242000000000001,-0.004479,-0.07412099999999999,-3.0000000000002247e-05,0.0001230000000000007,-7.500000000000562e-05
23219,0.011353,0.002502,-0.064696,0.00016900000000000075,0.00016800000000000018,-0.00010799999999999699
19746,-0.001812,0.000851,-0.074423,8.799999999999997e-05,0.00020800000000000007,3.0000000000030003e-06
18078,-0.008358,-0.006469,-0.06833499999999999,2.100000000000192e-05,0.00021299999999999965,8.299999999999974e-05
22754,0.005695,-0.007208,-0.071426,0.00016399999999999922,0.0001250000000000001,-2.5999999999998247e-05
20484,-0.0016120000000000002,0.010454000000000001,-0.06592100000000001,2.400000000000015e-05,0.00025699999999999855,-0.00015099999999999836
19094,-0.011047000000000001,0.008553000000000002,-0.06310199999999999,4.70000000000019e-05,0.00026299999999999935,-3.900000000001125e-05
22060,-0.009779999999999999,-0.0019010000000000001,-0.061852,-9.999999999999593e-06,0.00023400000000000005,-0.00016800000000000842
21352,-0.004928,0.004369,-0.069456,0.00014400000000000003,0.00010200000000000053,3.499999999999337e-05
22915,-0.012406,0.006564,-0.072561,-1.899999999999992e-05,6.700000000000022e-05,-5.999999999992123e-06
22305,0.0048070000000000005,0.004275,-0.065884,0.00011499999999999878,0.0003169999999999996,-9.499999999999786e-05
22940,0.003518,-0.008131000000000001,-0.06415000000000001,0.00027399999999999994,0.00017800000000000107,-0.00037999999999999146
19172,0.010446,0.007632,-0.064033,-3.100000000000151e-05,0.00020400000000000106,-1.0999999999997123e-05
11773,0.006426,0.011663999999999999,-0.071414,-0.000196,0.00012100000000000131,-0.00021299999999999097
22656,-0.00225,-0.006846,-0.06517,0.00012399999999999998,0.0002639999999999995,-0.00010999999999999899
21180,-0.013278,-0.011121,-0.069275,9.49999999999996e-05,0.00021200000000000038,-0.00021299999999999097
22410,-0.004405999999999999,-0.005046999999999999,-0.059368000000000004,-1.1000000000000593e-05,0.0001499999999999991,-0.00020199999999999385
20981,0.01497,-0.003428,-0.074834,-0.00015900000000000115,8.600000000000014e-05,-9.900000000001574e-05
19480,-0.015658,-0.008747999999999999,-0.073002,1.0999999999997123e-05,0.0001389999999999985,-0.00020299999999999485
22426,-0.014851000000000001,0.008213,-0.075987,-9.39999999999986e-05,4.60000000000009e-05,-1.1000000000011001e-05
22120,-0.000771,-0.0012569999999999999,-0.060851999999999996,0.00012599999999999992,0.00011300000000000004,-1.1999999999998123e-05
20782,-0.003352,0.010437,-0.07162099999999999,-9.099999999999994e-05,0.00015099999999999836,-0.00014300000000000423
23210,0.006821,-0.009132,-0.063729,-2.7000000000000114e-05,0.0001289999999999989,5.999999999992123e-06
10082,0.008126,0.010936999999999999,-0.070597,-0.00014699999999999956,-3.3999999999997574e-05,-0.00010999999999999899
21494,-0.003159,-0.002963,-0.071206,0.00018499999999999983,0.0002999999999999999,7.00000000000145e-05
23316,0.0056760000000000005,-0.009004,-0.07166299999999999,0.00022299999999999924,-4.4000000000000636e-05,-0.00010700000000000986
17666,0.01359,-0.007306,-0.067948,9.999999999999593e-06,7.300000000000015e-05,0.00011600000000000499
21735,-0.013252,0.004362,-0.067788,2.199999999999945e-05,8.69999999999994e-05,-0.0001719999999999916
22658,0.001016,-0.001972,-0.075679,2.9999999999999645e-06,9.199999999999985e-05,-2.5999999999998247e-05
23213,-0.007599,-0.002235,-0.064441,5.199999999999996e-05,0.00019000000000000006,0.00019399999999999973
22741,-0.006541,-0.011275,-0.063505,0.00011199999999999925,0.00017800000000000107,-0.00012099999999999611
23112,0.0050490000000000005,-0.001281,-0.073769,-3.300000000000091e-05,0.00015300000000000014,-8.399999999998686e-05
23081,-0.009375999999999999,-0.010997999999999999,-0.06799,7.899999999999748e-05,0.0002549999999999983,0.0001769999999999966
22502,-0.015416000000000001,-0.007266,-0.072953,5.7000000000001494e-05,0.00010599999999999932,-2.0999999999993246e-05
16587,0.015614000000000001,-0.0033740000000000003,-0.06665900000000001,6.899999999999788e-05,0.0001990000000000004,-2.999999999998837e-05
19843,-0.0029449999999999997,0.00766,-0.068078,4.59999999999996e-05,0.00017,-9.999999999996123e-06
20750,0.006315,-0.007425,-0.06691,7.599999999999968e-05,9.200000000000007e-05,-0.00016700000000000048
22944,0.011205999999999999,0.008589000000000001,-0.064401,-3.799999999999984e-05,0.00017499999999999807,6.399999999999462e-05
22941,0.010798,0.0025870000000000003,-0.07596,-0.0001020000000000014,5.199999999999953e-05,-0.00012799999999998923
14446,-0.010333,0.002076,-0.068294,0.00014400000000000003,0.00019000000000000006,0.00011499999999999011
22337,0.0005200000000000001,-0.003819,-0.067554,0.000254,0.000307,-7.200000000000262e-05
18856,-0.015208000000000001,0.006485,-0.074225,-4.89999999999987e-05,9.8e-05,-2.6000000000012125e-05
18491,-0.0069759999999999996,0.010997999999999999,-0.070895,-4.500000000000077e-05,0.00020799999999999985,-6.499999999999562e-05
22641,0.000308,-0.010881,-0.065305,0.00015300000000000003,0.00017,-0.00026899999999999147
21052,0.0033650000000000004,-0.003828,-0.06736199999999999,1.1999999999999424e-05,0.0001919999999999999,-0.0001820000000000016
20865,0.00176,-0.002166,-0.067959,5.499999999999993e-05,0.0003129999999999999,-0.00013499999999998236
22675,0.009413,-0.008359,-0.06890099999999999,0.0002149999999999999,-1.1999999999999858e-05,1.1999999999998123e-05
21353,0.0039,0.002467,-0.067368,9.60000000000006e-05,0.0002199999999999997,-7.999999999999674e-05
22965,-0.001693,0.009274,-0.06788899999999999,4.700000000000017e-05,0.00033400000000000096,-0.00014000000000000123
22968,-0.014044000000000001,0.004098,-0.07121,1.5000000000001124e-05,0.00010000000000000026,-3.400000000000625e-05
21376,-0.012336,0.000451,-0.071705,0.00014899999999999983,0.0001249999999999999,-5.8999999999989616e-05
19080,-0.009467,0.002385,-0.073211,5.7999999999999025e-05,3.899999999999997e-05,-7.500000000000562e-05
23349,0.011267,0.00029299999999999997,-0.063077,8.299999999999974e-05,0.00020800000000000007,-0.00011800000000000699
23110,0.01584,-0.005972000000000001,-0.071794,-2.5000000000000716e-05,0.00011300000000000112,-6.499999999999562e-05
22492,0.004819,-0.011307000000000001,-0.064868,0.00016499999999999935,8.500000000000174e-05,-7.500000000000562e-05
22919,-0.002258,-0.001498,-0.071248,4.7999999999999866e-05,0.00018800000000000002,0.00010400000000000686
23271,0.002841,-0.006541,-0.06830800000000001,0.00012399999999999954,0.00028499999999999966,-0.00023599999999998622
22624,-0.008271,0.011602,-0.06674899999999999,-9.999999999992654e-07,0.0002149999999999999,-0.000124000000000013
21394,-0.015508,-0.004696,-0.072298,-0.00011500000000000052,0.0001559999999999999,-1.7000000000003124e-05
23205,-0.010789,0.003832,-0.069982,0.0001410000000000005,-2.400000000000015e-05,-5.999999999992123e-06
20957,0.011018,-0.007125,-0.071074,5.10000000000007e-05,9.900000000000013e-05,-1.1999999999998123e-05
16494,-0.005436,0.0005769999999999999,-0.063561,6.200000000000042e-05,0.0002530000000000001,6.70000000000115e-05
22676,-0.006528,-0.010906,-0.07088599999999999,-6.300000000000056e-05,0.0002620000000000001,8.199999999998486e-05
9724,0.00592,0.007023,-0.069801,3.000000000000398e-06,0.00016600000000000035,-0.00010899999999999799
22303,0.001692,0.0035659999999999997,-0.063554,0.00014600000000000008,0.00024700000000000026,-0.00020299999999999485
13766,-0.011531000000000001,-0.003125,-0.065793,1.2000000000001593e-05,0.0004180000000000004,-6.599999999999662e-05
16325,-0.003214,-0.006881,-0.067787,0.00014999999999999996,0.00023300000000000057,-5.099999999999549e-05
21703,-0.005093,-0.003569,-0.071754,9.60000000000006e-05,0.0003870000000000002,1.4999999999987246e-05
16492,-0.005377,0.001238,-0.06519,5.199999999999996e-05,0.00016399999999999987,0.0001769999999999966
18178,0.004535,0.009326000000000001,-0.071995,-0.00015300000000000036,6.299999999999882e-05,-0.00016700000000000048
21155,0.005783,-0.009977,-0.07149599999999999,0.00021200000000000038,0.00010999999999999899,0.00012299999999998423
20647,-0.011042999999999999,0.009626,-0.064959,-5.900000000000176e-05,0.00017500000000000154,-6.599999999999662e-05
23215,0.016394,-0.010544000000000001,-0.06882899999999999,9.599999999999886e-05,0.00012800000000000138,-1.0000000000010001e-05
23525,-0.009541000000000001,-0.007006999999999999,-0.074409,-3.999999999999837e-05,0.00022299999999999924,2.0999999999993246e-05
15632,0.005974,0.010849000000000001,-0.071863,-0.00024399999999999943,0.00015899999999999768,-0.0001260000000000011
23278,0.011151,0.002463,-0.06882899999999999,0.00023600000000000183,0.0001299999999999999,1.7999999999976368e-05
22666,0.00481,-0.004513,-0.067792,8.600000000000014e-05,0.00023599999999999923,-0.0003039999999999987
23702,0.006539,-0.0015660000000000001,-0.060520000000000004,0.0002149999999999999,0.00022999999999999995,-0.0001250000000000001
18094,-0.00283,-0.0016979999999999999,-0.069113,7.600000000000011e-05,0.0002329999999999997,0.00013299999999999423
16470,0.002901,0.006335,-0.07282,-8.799999999999997e-05,9.19999999999992e-05,-0.0001360000000000111
22727,-0.009049,-0.010316,-0.060573,0.00011899999999999931,0.00010300000000000066,-0.00027199999999999447
20411,0.009385,0.009301,-0.07202800000000001,-7.199999999999915e-05,0.00014199999999999977,-0.00019899999999999085
23250,0.009629,-0.005582,-0.07352,-3.900000000000084e-05,7.300000000000015e-05,-7.999999999999674e-05
21103,-0.006534,0.004581,-0.068211,7.400000000000028e-05,0.0002360000000000001,-6.1000000000005494e-05
18218,-0.006934999999999999,0.011045999999999999,-0.06641899999999999,-6.600000000000095e-05,0.00024900000000000096,-0.00020600000000001173
22992,-0.002039,-0.009631,-0.07077800000000001,0.00012199999999999993,0.00015300000000000036,-0.00015500000000000236
22630,0.000825,0.003792,-0.07220099999999999,9.8e-05,0.00022000000000000014,-5.900000000001737e-05
21999,-0.008645,0.008052,-0.07449299999999999,-9.299999999999933e-05,9.699999999999986e-05,-6.0000000000004494e-05
20810,0.008393000000000001,-0.00442,-0.064363,6.699999999999935e-05,0.0003460000000000008,-0.00016299999999999648
22649,-0.003105,0.005836,-0.06558199999999999,0.00014900000000000026,0.0003279999999999993,-7.00000000000145e-05
22759,0.012747999999999999,0.008119,-0.065911,-4.2999999999999636e-05,0.00016700000000000048,-3.500000000000725e-05
23573,0.016949000000000002,0.01208,-0.067363,-9.10000000000008e-05,-0.0001250000000000001,-0.0002219999999999861
22299,-0.0055439999999999994,-0.003032,-0.06751900000000001,7.599999999999968e-05,0.00019499999999999986,-4.299999999998749e-05
17276,0.016050000000000002,0.011496000000000001,-0.07175100000000001,-0.00011700000000000252,2.2999999999998716e-05,-0.0002469999999999972
22615,-0.004605000000000001,0.002485,-0.069111,0.00010800000000000046,6.000000000000016e-05,-4.999999999991123e-06
22632,-0.001838,-0.011162,-0.06449500000000001,7.300000000000015e-05,0.00010800000000000046,-0.00027699999999999947
22932,0.008989,0.005634999999999999,-0.064801,0.00010399999999999993,0.00015300000000000123,1.5000000000001124e-05
23516,-0.004273,0.008293,-0.06677200000000001,4.200000000000037e-05,0.00022500000000000124,-7.599999999999274e-05
9675,0.007983,0.008234,-0.072072,-0.00011500000000000052,0.0001289999999999989,-0.00015200000000001324
23230,-0.005044,0.005101,-0.063045,5.799999999999989e-05,0.0002199999999999997,-6.799999999999862e-05
19748,-0.006532,0.011115,-0.063792,-4.900000000000043e-05,0.00024199999999999916,-8.899999999999186e-05
23657,-0.003907,0.00534,-0.065437,0.00013699999999999997,0.00023000000000000017,-0.00010999999999999899
20197,0.010118,-0.010302,-0.07063,0.00011699999999999905,-0.0001010000000000004,-0.0001250000000000001
14131,0.015561,0.000972,-0.071191,0.00011000000000000072,0.000178,-0.00014399999999999136
19161,-0.013562,-0.006388,-0.076074,-0.00011899999999999931,2.2000000000000318e-05,-0.00011299999999998811
22619,0.0014370000000000001,-0.003801,-0.073432,-2.5000000000000282e-05,0.00013000000000000034,-6.0000000000060005e-06
23588,0.002964,0.009677,-0.065827,1.4000000000000123e-05,0.0003220000000000011,6.399999999999462e-05
10746,0.007674,0.011674,-0.07231900000000001,-0.00014400000000000003,3.0000000000000512e-05,-0.00011499999999999011
17431,-0.008547,0.003926,-0.070101,0.00023000000000000104,9.8e-05,-2.000000000002e-06
23611,-0.015233,-0.008502000000000001,-0.069698,0.00017,0.00020100000000000152,-0.0001280000000000031
18454,-0.012157,-0.00015099999999999998,-0.067838,1.1999999999999858e-05,0.00012599999999999997,0.00010899999999999799
23556,-0.00373,-0.009518,-0.07251,0.00010800000000000002,0.00033000000000000043,-0.0002530000000000032
23208,0.0062889999999999995,-0.00333,-0.06597599999999999,3.800000000000071e-05,0.0003259999999999999,-0.00021500000000000685
18850,-0.007176,-0.0007700000000000001,-0.066145,0.00012600000000000024,0.00012300000000000006,0.00015699999999999048
9764,0.013739000000000001,0.000491,-0.070698,0.00014999999999999736,0.000125,-0.00011899999999999411
23419,-0.000161,-0.012411,-0.067136,9.900000000000001e-05,0.00011000000000000072,-0.0002299999999999941
22654,-0.010844,-0.010265,-0.072676,3.399999999999931e-05,0.00017200000000000028,-0.00019799999999998985
21951,0.001727,0.010628,-0.070032,-4.500000000000012e-05,0.00014599999999999856,3.799999999999637e-05
23585,0.00394,0.007215,-0.067773,0.00011400000000000039,0.00027399999999999994,-9.299999999999586e-05
21978,-0.000453,0.006585,-0.06574200000000001,0.00016600000000000002,0.00017200000000000028,-8.599999999998886e-05
21444,-0.007123,-0.008919,-0.068823,0.00017299999999999954,0.00030199999999999845,-0.00011300000000001587
18819,-0.0010960000000000002,0.007282,-0.07207599999999999,-5.9999999999999724e-05,0.00014199999999999977,-0.0001320000000000071
23072,-0.007312,-0.012202999999999999,-0.06871,-6.699999999999935e-05,0.00021399999999999718,9.399999999999686e-05
23518,-0.003713,0.010194000000000002,-0.069702,-2.7000000000000114e-05,0.00022599999999999877,-3.899999999999737e-05
21161,0.006623,-0.002383,-0.072614,-5.200000000000083e-05,0.00014999999999999996,-4.800000000000637e-05
22661,0.01253,0.0059429999999999995,-0.074527,-0.00014599999999999856,0.00010700000000000032,-0.00020900000000001473
12914,0.014133,0.0020009999999999997,-0.071995,4.900000000000043e-05,0.00014700000000000043,-0.00012099999999999611
22635,0.008374000000000001,-0.012745,-0.06956,6.0999999999998555e-05,4.49999999999999e-05,6.199999999999262e-05
22340,0.007802,-0.007551,-0.065576,8.799999999999954e-05,0.00015300000000000036,7.799999999999474e-05
19554,0.00709,-0.01226,-0.066666,0.00024600000000000056,8.000000000000021e-05,0.0001229999999999981
12819,-0.006522,0.005933,-0.071256,7.100000000000075e-05,5.500000000000036e-05,-4.500000000000337e-05
16960,-0.009087999999999999,0.00014099999999999998,-0.067853,0.00015399999999999962,0.0002530000000000001,0.00013599999999999723
9857,0.004252,0.008386,-0.072041,-7.099999999999988e-05,0.00011300000000000199,-7.500000000000562e-05
22978,-0.004274,0.006261,-0.07031,2.2000000000000318e-05,0.0001280000000000005,-4.800000000000637e-05
23207,0.003897,0.008721,-0.065113,7.900000000000051e-05,0.00037900000000000086,-5.3999999999998494e-05
19924,0.008785,-0.006338,-0.070483,0.00017500000000000154,8.5e-05,-1.8000000000004124e-05
22733,0.003806,-0.00684,-0.062879,0.00013000000000000034,0.0002269999999999989,-0.0003470000000000001
9845,0.015557,-0.0035240000000000002,-0.072436,3.0000000000000512e-05,7.600000000000011e-05,-2.4999999999997247e-05
23704,0.010833,0.002405,-0.062306,0.0001899999999999992,0.0004389999999999997,-0.0002540000000000042
22669,0.011956,0.0024159999999999997,-0.072497,1.5000000000001124e-05,0.00014700000000000043,-0.00010399999999999299
23530,0.007157,-0.011112,-0.065086,0.00020199999999999992,0.000281,3.0000000000002247e-05
20092,0.002261,-0.0037400000000000003,-0.072962,-0.00012300000000000028,0.00018300000000000044,2.0999999999993246e-05
18789,0.010576,0.00094,-0.065786,6.399999999999982e-05,0.0001460000000000002,-0.0001830000000000026
20807,0.003684,-0.0055,-0.06651699999999999,0.0001429999999999999,0.00031299999999999904,-0.00021300000000000485
17183,-0.001099,-0.001156,-0.067493,0.00022999999999999995,0.00025299999999999986,0.00015199999999999936
23206,-0.00053,0.009741,-0.06427200000000001,2.4999999999999957e-05,0.0001899999999999992,-5.1999999999982616e-05
19195,-0.003042,-0.004301,-0.073583,5.199999999999996e-05,0.00010800000000000046,2.1999999999994246e-05
22651,-0.007845,-0.006439,-0.06448999999999999,0.0001499999999999991,0.00012100000000000045,-0.00021600000000000785
23231,0.008789,-0.005681,-0.073642,-3.699999999999884e-05,7.599999999999968e-05,-7.000000000000062e-05
21792,0.008746,0.011156000000000001,-0.071857,-0.00017200000000000028,-8.000000000000021e-05,-0.00015600000000000336
21348,-0.000393,0.008035,-0.072243,-7.099999999999999e-05,0.0001410000000000005,-0.00013900000000000023
22791,0.0027400000000000002,-0.010766999999999999,-0.064064,1.399999999999969e-05,0.00024099999999999816,-0.00022900000000000698
13741,0.008015000000000001,0.000737,-0.069518,0.00020299999999999832,0.00019099999999999998,-0.00017200000000000548
20098,0.010248,-0.000859,-0.065569,8.89999999999988e-05,0.00010499999999999995,-5.099999999999549e-05
19530,-0.013929,-0.005555,-0.069074,9.999999999999593e-06,0.0001410000000000005,7.999999999999674e-05
17116,0.007149,-0.00165,-0.068083,0.00016500000000000022,0.0002509999999999999,-0.00018399999999998973
22400,-0.0058579999999999995,-0.010441,-0.066278,0.00019399999999999973,0.0002210000000000007,-0.00013499999999999623
21713,-0.010638,0.010941000000000001,-0.067122,9.900000000000013e-05,7.899999999999921e-05,-0.00010299999999999199
23045,-0.00316,-0.004131999999999999,-0.070755,0.00013000000000000034,0.00010999999999999899,-4.100000000001325e-05
19425,-0.007338,-0.002891,-0.068444,0.00011099999999999999,0.00026099999999999995,6.0000000000004494e-05
18437,-0.012159000000000001,0.007772,-0.069022,9.70000000000016e-05,-1.2000000000000725e-05,4.000000000004e-06
16500,0.017872,0.002505,-0.07054,1.9999999999999185e-05,0.00013299999999999987,-8.499999999998786e-05
22917,-0.003507,0.009243,-0.07123600000000001,-4.7999999999999866e-05,0.00020900000000000085,-0.00011099999999998611
21957,-0.0051589999999999995,-0.002554,-0.069213,1.4000000000000123e-05,0.00019400000000000016,-7.900000000000962e-05
19334,0.008473000000000001,0.001585,-0.06665,0.00012999999999999817,0.00019799999999999983,-0.0001830000000000026
19852,-0.005639,-0.000757,-0.063305,7.300000000000015e-05,0.0002319999999999999,0.00015500000000000236
23600,0.013732,-0.002036,-0.071029,8.400000000000074e-05,5.499999999999993e-05,-0.00012000000000000899
19079,-0.003991,-0.002733,-0.06965,5.4999999999999494e-05,0.00013200000000000017,-5.1999999999996493e-05
17753,0.013345000000000001,0.004116,-0.072904,2.099999999999845e-05,0.00011900000000000018,-0.00015400000000001524
12758,0.007555,-0.0008259999999999999,-0.068952,0.00014800000000000056,0.0002279999999999999,-0.00012099999999999611
20732,0.008357,0.003316,-0.066543,9.10000000000008e-05,0.000281,-0.0001749999999999946
23552,-0.011788999999999999,-0.002053,-0.073872,2.499999999999898e-05,3.500000000000031e-05,2.1999999999994246e-05
21350,-0.008704,0.006625,-0.064464,3.399999999999931e-05,0.00018200000000000074,4.500000000000337e-05
20713,-0.004166,-0.0017569999999999999,-0.070289,0.00011500000000000052,0.00015999999999999999,7.00000000000145e-05
21665,-0.008583,-0.001851,-0.06654,9.900000000000013e-05,0.00022400000000000002,-2.1000000000007124e-05
15103,0.005089000000000001,0.001877,-0.069466,0.00011599999999999978,0.00029600000000000004,-0.00019099999999999673
20748,0.015959,0.007711,-0.06890900000000001,-6.600000000000009e-05,0.0002050000000000012,-0.00015299999999998648
22383,-0.003045,-0.0077339999999999996,-0.064181,0.00019899999999999996,0.00017899999999999947,2.5999999999998247e-05
23221,0.001242,-0.007404,-0.06329800000000001,0.00010800000000000002,0.00016299999999999995,-0.0004109999999999947
22321,0.006777,-0.004697,-0.069353,0.00014999999999999996,0.00012199999999999971,-6.299999999999362e-05
20960,-0.008466,0.009122,-0.069529,7.500000000000041e-05,0.00015900000000000115,-9.800000000000086e-05
23546,0.012339000000000001,-0.003541,-0.06820699999999999,1.9999999999999185e-05,6.599999999999965e-05,-0.00014700000000000824
20149,-0.006024,0.004961,-0.06826600000000001,3.799999999999984e-05,0.00020699999999999972,-4.200000000000037e-05
16248,0.006763,0.0071070000000000005,-0.07443899999999999,-0.00012099999999999958,-2.300000000000045e-05,-0.0001250000000000001
18076,-0.008878,0.00623,-0.07087600000000001,0.0001460000000000003,3.499999999999944e-05,-0.00012699999999998823
18073,-0.003198,0.000566,-0.06654399999999999,0.00013200000000000017,0.00038999999999999994,0.00016099999999999448
23614,0.01221,-0.000337,-0.072786,1.3000000000000858e-05,4.500000000000001e-05,-3.999999999998449e-05
22923,0.001075,0.001137,-0.066119,0.00010099999999999996,0.00030100000000000005,1.4000000000000123e-05
23584,0.0029049999999999996,0.005654,-0.065005,0.00020900000000000042,0.00031899999999999984,-0.00010100000000000386
13640,0.014811,0.009416,-0.072036,2.300000000000045e-05,0.00010199999999999966,-0.00011400000000000299
19423,-0.006333999999999999,0.007148,-0.063569,4.99999999999997e-05,0.00025799999999999955,-4.300000000000137e-05
19509,0.006571,-0.00873,-0.064209,-8.000000000000194e-06,0.0001520000000000011,-7.999999999994123e-06
18177,0.009553,-0.002864,-0.07130800000000001,-0.0001010000000000004,9.49999999999996e-05,-1.9999999999992246e-05
20992,0.008509000000000001,0.0052699999999999995,-0.06571500000000001,0.00012799999999999964,0.00011900000000000105,6.90000000000135e-05
21390,0.0038740000000000003,-0.00117,-0.066341,5.499999999999993e-05,0.000272,-0.00018799999999999373
19432,-0.006315,-0.004876,-0.066892,0.00010099999999999953,0.0002570000000000003,-0.00010100000000000386
23608,0.007042,-0.0036070000000000004,-0.071574,-3.399999999999931e-05,0.00015700000000000002,-7.399999999999074e-05
19825,-0.001206,0.000967,-0.068804,9.900000000000013e-05,0.0002580000000000002,0.00020499999999999685
17846,-0.007396,-0.005042,-0.067357,7.399999999999941e-05,0.00021899999999999958,-4.400000000000237e-05
19419,-0.008114000000000001,-0.001896,-0.067558,0.00010900000000000146,0.00016299999999999973,0.00011800000000000699
22298,-0.01408,-0.002408,-0.068324,-5.999999999999062e-06,0.0002989999999999998,-5.9000000000003494e-05
19259,0.003346,0.0013080000000000001,-0.06893600000000001,4.0999999999999804e-05,0.00025,-0.00014599999999997948
21977,-0.000317,-0.001035,-0.064051,0.000125,0.00018199999999999987,9.599999999999886e-05
19911,0.00838,-0.010206,-0.065578,0.00012099999999999958,0.0002210000000000007,0.0001250000000000001
14468,-0.009264,-0.002326,-0.066701,6.199999999999956e-05,0.00013100000000000004,4.999999999999449e-05
16935,0.004259000000000001,-0.005077,-0.06930599999999999,0.0001349999999999997,0.00027500000000000007,-0.0001860000000000056
21668,0.008563000000000001,-0.004595,-0.066681,0.00012799999999999964,0.00010000000000000026,-2.999999999998837e-05
11113,0.001804,6.2e-05,-0.071187,-6.800000000000013e-05,0.000285,-4.300000000000137e-05
23577,0.00842,-0.002798,-0.072218,-5.400000000000023e-05,0.0001240000000000004,-7.999999999999674e-05
21776,0.0073609999999999995,0.004874,-0.06722199999999999,0.00021100000000000025,0.0003130000000000008,-9.499999999999786e-05
21769,0.015677,0.005228,-0.067623,3.200000000000078e-05,0.00014599999999999943,-7.000000000000062e-05
21375,-0.003726,0.004027,-0.067555,5.600000000000006e-05,0.0002279999999999999,2.3999999999996247e-05
21371,0.008592,-0.011624,-0.067833,0.00021200000000000038,0.00022400000000000024,0.00010200000000000486
15813,0.008407,0.006826,-0.06865500000000001,4.800000000000117e-05,5.200000000000083e-05,-0.00021099999999998897
16469,0.002403,0.006605000000000001,-0.07044199999999999,4.700000000000017e-05,0.00013399999999999957,-0.0001330000000000081
17466,-0.012016,0.0044480000000000006,-0.06647499999999999,9.699999999999986e-05,0.00024399999999999943,4.299999999998749e-05
17124,0.009455999999999999,0.010271,-0.067633,-0.00013699999999999823,3.099999999999978e-05,-5.4999999999999494e-05
21656,-0.002601,0.00256,-0.066116,-1.299999999999999e-05,0.00029299999999999986,-1.9000000000005124e-05
22817,0.005490999999999999,0.003881,-0.06477200000000001,0.00015700000000000002,0.0002669999999999999,-0.00014299999999999036
10157,0.003005,-0.0054589999999999994,-0.073592,-2.599999999999998e-05,0.00016500000000000022,-8.899999999999186e-05
22010,0.00046800000000000005,-0.0071189999999999995,-0.068634,0.00012599999999999997,0.0001929999999999996,-0.0002309999999999951
20709,0.004320999999999999,-0.002283,-0.065221,7.700000000000068e-05,0.0002539999999999999,-0.00021799999999999597
17489,0.007751,-0.006429000000000001,-0.06629600000000001,5.3000000000000096e-05,0.00016600000000000122,-0.0001239999999999991
9772,0.013932,-0.0008100000000000001,-0.07067799999999999,9.60000000000006e-05,9.700000000000008e-05,-6.70000000000115e-05
22799,-0.003986,-0.010157999999999999,-0.06659000000000001,0.00020300000000000006,0.00021599999999999918,-0.00018999999999999573
17123,0.011982,0.005429000000000001,-0.067538,-2.999999999999531e-06,0.00016099999999999882,-6.499999999999562e-05
21412,-0.004879,0.000957,-0.068451,4.099999999999937e-05,0.00017699999999999986,0.00010300000000000586
20723,0.009204,0.002045,-0.064139,7.199999999999915e-05,0.00032200000000000024,-0.00015300000000000036
15121,0.003693,0.00063,-0.067351,8.099999999999991e-05,0.00031899999999999995,-0.00010400000000000686
23520,-0.011493999999999999,0.002593,-0.07165600000000001,0.00010999999999999899,7.600000000000011e-05,-4.4999999999975615e-05
20570,0.006846,-0.012584,-0.070429,0.00018000000000000047,6.599999999999835e-05,9.300000000000974e-05
16139,-0.0025830000000000002,0.003126,-0.070202,9.900000000000013e-05,0.00019400000000000016,7.400000000000462e-05
22096,-0.01448,-0.000868,-0.069487,0.00016200000000000069,0.000143,-0.00032500000000000584
17102,-0.002366,-0.004564,-0.07190300000000001,0.00012100000000000001,0.00029100000000000046,-5.1999999999996493e-05
22358,0.0027370000000000003,-0.009313,-0.06468,0.00013699999999999997,0.00018899999999999993,-0.0002769999999999856
15880,-0.006927,-0.007207,-0.06951099999999999,0.00013200000000000017,0.00017599999999999994,-3.1000000000017125e-05
