Particle,x,y,z,Vx,Vy,Vz
1950,0.005909,0.011624,-0.06885200000000001,0.0,0.0,0.0
4815,0.012372999999999999,-0.004864,-0.071672,0.0,0.0,0.0
2467,-0.011635,-0.002047,-0.072021,0.0,0.0,0.0
4871,-0.009562,-0.007392,-0.07257899999999999,0.0,0.0,0.0
381,-0.003901,-0.00886,-0.07123499999999999,0.0,0.0,0.0
5160,0.0016040000000000002,-0.0027080000000000003,-0.062,0.0,0.0,0.0
2051,-0.014909,-0.003998,-0.07305400000000001,0.0,0.0,0.0
5073,-0.001,0.011962,-0.06403400000000001,0.0,0.0,0.0
3850,0.001512,0.0006039999999999999,-0.059024,0.0,0.0,0.0
5092,-0.005855000000000001,0.011257,-0.076046,0.0,0.0,0.0
5185,-4.2000000000000004e-05,-0.0067350000000000005,-0.063325,0.0,0.0,0.0
3221,0.000451,0.005163999999999999,-0.06278,0.0,0.0,0.0
3534,0.006698000000000001,-0.004061,-0.063137,0.0,0.0,0.0
2827,0.009514,0.01132,-0.06616,0.0,0.0,0.0
3783,-0.014407,-0.008448,-0.070595,0.0,0.0,0.0
2575,0.016633,0.0005639999999999999,-0.07319400000000001,0.0,0.0,0.0
3764,-0.005216,-0.007214000000000001,-0.066148,0.0,0.0,0.0
5285,0.002733,-0.001529,-0.060263,0.0,0.0,0.0
4789,0.012705,-0.004726,-0.07450100000000001,0.0,0.0,0.0
4081,-0.011929,0.005473,-0.07362199999999999,0.0,0.0,0.0
175,0.007492,-0.010986000000000001,-0.06901600000000001,0.0,0.0,0.0
3771,-0.002108,-0.0027,-0.06815600000000001,0.0,0.0,0.0
489,0.002846,-0.003785,-0.063912,0.0,0.0,0.0
42,0.001596,0.005113,-0.069877,0.0,0.0,0.0
4487,-0.000907,0.0049169999999999995,-0.060981,0.0,0.0,0.0
4814,-0.012072,0.00546,-0.063709,0.0,0.0,0.0
5130,-0.013141,-0.011863,-0.066366,0.0,0.0,0.0
5156,0.017091000000000002,-0.0011459999999999999,-0.06544799999999999,0.0,0.0,0.0
3781,-0.003319,-0.007775000000000001,-0.07569799999999999,0.0,0.0,0.0
4067,0.005489,0.004081,-0.058019,0.0,0.0,0.0
4438,-0.0030139999999999998,0.012142,-0.064793,0.0,0.0,0.0
5168,0.007667,-0.012913,-0.064925,0.0,0.0,0.0
4847,-0.003142,-0.009563,-0.062579,0.0,0.0,0.0
825,-0.015657,-0.008209,-0.068922,0.0,0.0,0.0
4753,0.005029,-0.008529,-0.076421,0.0,0.0,0.0
196,0.004193,0.012471999999999999,-0.07278,0.0,0.0,0.0
4182,0.011368,-0.0021680000000000002,-0.073813,0.0,0.0,0.0
5149,-0.008622,0.008615,-0.07672499999999999,0.0,0.0,0.0
4976,-0.00848,-0.003109,-0.072342,0.0,0.0,0.0
4419,0.001823,-0.003368,-0.07502800000000001,0.0,0.0,0.0
5084,0.013067,-0.0010069999999999999,-0.06905700000000001,0.0,0.0,0.0
185,-0.013914999999999999,0.007004,-0.068418,0.0,0.0,0.0
5261,0.0024100000000000002,-0.006769,-0.077015,0.0,0.0,0.0
5343,0.0031269999999999996,0.009496000000000001,-0.063807,0.0,0.0,0.0
3434,-0.009285,0.001503,-0.072295,0.0,0.0,0.0
58,0.01515,0.002902,-0.072384,0.0,0.0,0.0
146,0.00048699999999999997,-0.00839,-0.06776399999999999,0.0,0.0,0.0
438,0.010324,-0.009528,-0.06764,0.0,0.0,0.0
5063,-0.008289999999999999,-0.010536,-0.068645,0.0,0.0,0.0
2844,0.014891999999999999,-8.7e-05,-0.068302,0.0,0.0,0.0
2972,-0.007061,0.0028290000000000004,-0.06495699999999999,0.0,0.0,0.0
4510,-0.0022930000000000003,0.0067610000000000005,-0.077999,0.0,0.0,0.0
4102,0.003877,0.0031509999999999997,-0.065349,0.0,0.0,0.0
5090,-0.015856,-0.009635,-0.07464900000000001,0.0,0.0,0.0
2175,0.005197,0.01104,-0.066426,0.0,0.0,0.0
5204,0.015308,-0.004948,-0.074031,0.0,0.0,0.0
5205,0.0075899999999999995,0.010667,-0.062915,0.0,0.0,0.0
4124,-0.015404999999999999,0.002553,-0.067996,0.0,0.0,0.0
3986,0.014955,-0.004166,-0.0605,0.0,0.0,0.0
3893,0.013423000000000001,0.012697,-0.07038599999999999,0.0,0.0,0.0
4095,-0.002987,-0.010895,-0.070593,0.0,0.0,0.0
3911,0.0068650000000000004,-0.008675,-0.063612,0.0,0.0,0.0
5277,-0.012817,0.011621000000000001,-0.06825,0.0,0.0,0.0
4455,-0.012941000000000001,0.006143,-0.06826,0.0,0.0,0.0
4778,-0.00013000000000000002,-0.003347,-0.07160599999999999,0.0,0.0,0.0
2156,0.005823,0.012872999999999999,-0.07284099999999999,0.0,0.0,0.0
4843,0.014129,-0.008848,-0.074294,0.0,0.0,0.0
4140,-0.008464000000000001,0.004859,-0.064069,0.0,0.0,0.0
4108,0.012839,0.01071,-0.06550700000000001,0.0,0.0,0.0
2787,-0.002895,-0.003851,-0.076082,-0.00010000000000000026,-4.30000000000005e-05,-0.00016399999999999748
2160,-0.007376000000000001,0.009760999999999999,-0.074135,-4.19999999999995e-05,7.0000000000017965e-06,-8.199999999999874e-05
5379,0.007017000000000001,-0.006979,-0.069148,4.299999999999877e-05,-2.1000000000000185e-05,-2.4999999999997247e-05
3228,0.002978,0.003934,-0.062002,-4.0000000000000105e-05,0.0002310000000000003,0.0
3772,0.002839,-0.012099,-0.06975400000000001,-9.999999999999593e-06,2.2000000000001185e-05,5.500000000001337e-05
194,0.0033799999999999998,0.0060869999999999995,-0.065429,-6.499999999999995e-05,0.00010000000000000113,-0.00013399999999999523
5112,0.011115,-0.005122,-0.063921,0.00013800000000000097,0.0002199999999999997,-0.00015199999999998548
5056,0.00123,-0.009034,-0.072249,4.299999999999985e-05,-4.200000000000037e-05,-0.000123000000000012
191,0.005107,-0.0025369999999999998,-0.070756,1.9999999999999185e-05,-4.700000000000017e-05,-0.0002560000000000062
3469,0.007562,-0.005108,-0.069795,-1.0999999999999725e-05,-6.600000000000095e-05,-1.0000000000010001e-05
4743,-0.011564999999999999,0.000742,-0.071825,-1.3000000000000858e-05,-4.700000000000006e-05,-2.9000000000001247e-05
5041,-0.001345,0.0043630000000000006,-0.07788500000000001,2.8999999999999946e-05,5.599999999999876e-05,3.0000000000030003e-06
5385,0.010304,-0.012513999999999999,-0.071654,-3.400000000000104e-05,0.00021799999999999944,-0.0002640000000000142
4781,-0.013099,0.012138999999999999,-0.067981,-8.700000000000027e-05,-4.699999999999843e-05,-4.000000000004e-06
5389,-0.011354,-0.0077350000000000006,-0.071008,-8.7000000000002e-05,0.00016400000000000095,0.00027199999999999447
4811,-0.007931,-0.008263,-0.067485,0.0001460000000000003,0.00020700000000000059,7.000000000000062e-05
3907,0.010058999999999998,-0.009275,-0.062516,0.0001030000000000024,0.0002320000000000013,-0.00010299999999999199
5619,0.009757,0.00916,-0.070048,-0.00021700000000000018,0.0001410000000000005,-0.00019900000000000473
4908,-0.0035600000000000002,-0.005562,-0.072588,-7.200000000000002e-05,8.299999999999974e-05,4.600000000000437e-05
2904,0.001461,0.011393,-0.06417700000000001,0.00011899999999999997,0.0001860000000000004,-5.0999999999981616e-05
5113,-0.009789999999999998,0.005148,-0.066572,-9.000000000000327e-05,0.00010600000000000019,-0.0001250000000000001
5059,0.004109,-0.012697,-0.071138,1.5000000000000256e-05,-0.00010499999999999919,0.00013399999999999523
4613,0.003535,0.012067999999999999,-0.06315,8.5e-05,0.0002880000000000018,-3.300000000000525e-05
821,-0.002749,-0.001,-0.066715,2.499999999999985e-05,0.000246,-2.5999999999998247e-05
5476,0.018241,-0.011479,-0.071468,7.000000000000062e-06,7.500000000000041e-05,-0.00011499999999999011
157,0.011175000000000001,0.011602,-0.072724,-0.00020600000000000132,0.00023000000000000104,6.1000000000005494e-05
1307,0.017140999999999997,-0.0034089999999999997,-0.065069,5.9000000000003494e-05,0.00015599999999999946,-5.6000000000000494e-05
4751,-0.009634,-0.000359,-0.061904,-5.4999999999999494e-05,0.000387,-0.0001979999999999968
5403,0.011892,-0.005522,-0.06261800000000001,0.00010299999999999893,0.00015300000000000036,-1.9999999999992246e-05
3441,-0.003313,-0.011108,-0.067948,0.00010600000000000019,0.00024300000000000016,-0.0001260000000000011
603,0.010435,-0.010142,-0.07183,4.000000000000531e-06,0.00010399999999999993,-3.499999999999337e-05
4577,-0.009349999999999999,-0.009723,-0.07424800000000001,1.3999999999998389e-05,0.00021400000000000065,0.0001920000000000116
3888,-0.0024660000000000003,-0.008555,-0.062103,0.00021400000000000065,0.0003449999999999998,-4.9999999999980616e-06
5176,0.014116,0.005777999999999999,-0.066283,-3.799999999999984e-05,-5.699999999999889e-05,-0.0002430000000000071
5575,0.018562000000000002,-0.007674,-0.069586,-1.9999999999999185e-05,2.300000000000045e-05,-0.00017300000000000648
5010,-0.00508,-0.0026880000000000003,-0.071975,-6.700000000000022e-05,0.00013900000000000023,-3.999999999999837e-05
5600,-0.012906,-0.009935000000000001,-0.065824,0.0002450000000000004,1.000000000001e-06,0.0003989999999999966
5502,0.015785999999999998,-0.006689,-0.064028,2.0000000000002655e-05,0.00010399999999999993,-6.0000000000060005e-06
4909,0.012281,-0.003109,-0.06229,0.00020399999999999932,0.00016199999999999982,4.099999999999243e-05
4771,-0.005247,0.010778000000000001,-0.075631,6.600000000000009e-05,4.9999999999980616e-06,-0.00012399999999998523
4203,0.010262,0.013305999999999998,-0.06405200000000001,0.0001289999999999989,3.400000000000104e-05,-1.4999999999987246e-05
5413,0.003019,-0.0025139999999999997,-0.058533999999999996,0.00014599999999999986,0.0003439999999999997,5.7999999999995555e-05
5485,0.004993,0.000492,-0.067568,-2.3999999999999716e-05,8.299999999999996e-05,-0.00016700000000000048
4875,-0.004027,0.0017250000000000002,-0.058616,-4.6000000000000034e-05,0.00017599999999999994,-0.00013499999999999623
5240,0.015283,0.008962999999999999,-0.06489400000000001,-1.0999999999998858e-05,9.70000000000016e-05,-0.00013199999999999323
5412,-0.003976,-0.011252,-0.062415,0.00022400000000000067,0.00015899999999999942,-0.00010100000000000386
5212,-0.012413,-0.009864000000000001,-0.06843300000000001,-0.00011399999999999952,0.0002890000000000028,0.00021700000000000885
2803,0.001549,0.0074459999999999995,-0.070947,-1.899999999999992e-05,-2.2999999999999583e-05,-8.100000000001162e-05
5520,0.003063,0.008016,-0.052564,2.7999999999999813e-05,2.9999999999998778e-05,-0.00032999999999999696
4421,-0.0028599999999999997,-0.001671,-0.07245,-0.00010200000000000053,4.899999999999978e-05,-0.00018599999999999173
5429,0.015646,0.0049770000000000005,-0.063865,-2.6000000000001716e-05,0.00013599999999999984,-0.00018899999999999473
4458,0.016346,-0.007184,-0.071571,0.0002040000000000028,7.800000000000081e-05,-7.699999999999374e-05
5563,0.013078,-0.011095,-0.061943,0.0002260000000000005,0.00032100000000000184,0.00010299999999999199
5373,-0.0074080000000000005,-0.0017310000000000001,-0.0706,1.899999999999992e-05,-6.199999999999977e-05,2.6999999999999247e-05
4194,-0.001452,-0.008783,-0.066628,0.000214,0.0001739999999999988,-5.8999999999989616e-05
4439,0.007856,-0.005965,-0.073116,1.1000000000000593e-05,-9.30000000000002e-05,-4.999999999991123e-06
5099,0.014805,-0.010003999999999999,-0.069633,4.999999999999796e-06,0.00013400000000000044,-3.299999999999137e-05
3525,-0.015332,-0.0024159999999999997,-0.077443,4.900000000000043e-05,2.9999999999999645e-05,-0.00020300000000000873
5132,0.014428000000000002,0.008269,-0.068226,-0.00012100000000000131,-1.4000000000000123e-05,-1.0000000000148779e-06
5127,-0.009758,-0.012138999999999999,-0.066398,0.00013900000000000023,3.7999999999998105e-05,2.5999999999998247e-05
5457,-0.00588,-0.006129,-0.075017,1.999999999999398e-06,-2.999999999999531e-06,-0.00010499999999999399
5148,0.006889999999999999,-0.002215,-0.074714,0.00010900000000000059,-5.199999999999996e-05,-0.0001820000000000016
5283,0.009477000000000001,-0.005019,-0.07143000000000001,-3.0000000000012655e-06,-3.000000000000398e-06,-6.399999999999462e-05
5044,-0.013224,-0.010041,-0.067338,-3.300000000000004e-05,3.799999999999984e-05,0.00032000000000000084
4931,0.016759,-0.011293,-0.068952,5.300000000000096e-05,0.0001349999999999997,0.0001840000000000036
4559,-0.014118,0.0066029999999999995,-0.067035,-0.00012299999999999985,-7.699999999999981e-05,6.0999999999991616e-05
5043,-0.0037440000000000004,0.009282,-0.065916,-9.09999999999995e-05,0.00022699999999999977,-0.00015699999999999048
3785,0.011202,0.011029,-0.068009,-0.00016600000000000122,8.900000000000054e-05,-0.00024299999999999322
5096,-0.007098,0.006356,-0.06902599999999999,-3.199999999999991e-05,0.00015700000000000002,-0.0001980000000000176
4770,-0.011328,-0.01045,-0.07248099999999999,2.3999999999999716e-05,-1.5000000000001124e-05,7.899999999999574e-05
4537,0.013080999999999999,0.004073,-0.062577,1.4000000000001858e-05,-5.5999999999999626e-05,-0.0003100000000000047
4846,0.012235,0.012663,-0.06418399999999999,-3.099999999999804e-05,6.199999999999956e-05,1.5999999999988246e-05
5694,-0.007643,-0.006669,-0.066589,4.999999999999796e-06,0.00039900000000000005,3.599999999999437e-05
3757,-0.010082,-0.002821,-0.07509199999999999,-8.2999999999998e-05,-8.999999999999894e-06,-4.200000000001425e-05
5054,0.0035009999999999998,-0.007584,-0.064399,0.0002500000000000002,0.00015199999999999936,6.699999999999762e-05
520,-0.001211,-0.003162,-0.073306,-6.7e-05,-6.000000000000363e-06,-7.900000000000962e-05
389,0.011586,-0.003353,-0.069315,-2.400000000000145e-05,7.400000000000028e-05,5.9000000000003494e-05
5702,-0.008805,0.008032,-0.075384,-0.00013299999999999944,-3.699999999999884e-05,1.7000000000003124e-05
5072,-0.010375,0.005216,-0.062236,2.100000000000192e-05,0.0001380000000000001,-9.20000000000018e-05
5746,-0.004070000000000001,-0.006068,-0.074647,-3.8999999999999105e-05,6.899999999999962e-05,-3.499999999999337e-05
5370,0.009315,0.009071999999999998,-0.069559,-0.0002210000000000007,0.00010900000000000146,-0.00014000000000000123
5757,-0.014499,0.007944,-0.077023,-5.400000000000023e-05,-2.7999999999998512e-05,-4.700000000000537e-05
5318,-0.009145,-0.003314,-0.062282,7.000000000000062e-05,0.0001740000000000001,-7.000000000007001e-06
5234,-0.009231999999999999,0.0071449999999999994,-0.06865099999999999,-1.0000000000001327e-05,-1.6999999999999654e-05,3.199999999999037e-05
5213,0.009986,0.008645,-0.064777,-5.199999999999996e-05,0.00010299999999999893,-0.0001280000000000031
5075,-0.009692000000000001,0.007836000000000001,-0.072588,-2.9999999999998778e-05,5.3999999999998494e-05,-7.300000000000362e-05
5517,0.003186,0.006847000000000001,-0.062983,-2.599999999999998e-05,0.000253999999999999,-9.300000000000974e-05
4363,0.005026,0.001011,-0.062077,4.0000000000000105e-05,0.00014800000000000013,-3.200000000000425e-05
5411,0.002525,-0.003414,-0.07246599999999999,-4.40000000000002e-05,-1.0000000000001327e-06,-0.0001410000000000161
5525,0.003983,0.0030819999999999997,-0.074068,-2.0000000000000052e-05,-9.299999999999977e-05,-0.00014799999999999536
4940,-0.0056500000000000005,0.005971,-0.072599,-8.99999999999946e-06,0.00016599999999999948,-0.00010599999999999499
5515,-0.005202,0.005687,-0.06801,1.0000000000001327e-06,0.00021000000000000012,-0.00015199999999999936
5426,-0.006868,-0.0012430000000000002,-0.063254,-1.6999999999999654e-05,0.0002500000000000002,-0.00010499999999999399
1513,-0.004862,0.004256,-0.07020799999999999,3.000000000000398e-06,0.0001010000000000004,-8.100000000001162e-05
5474,-0.006030000000000001,0.0070999999999999995,-0.058203000000000005,-0.00014099999999999963,0.00030700000000000085,-0.00012099999999999611
5061,0.005207,-0.01131,-0.068366,2.2000000000000318e-05,-2.199999999999945e-05,-2.6999999999999247e-05
5765,0.001953,-0.011785,-0.062412,0.00011999999999999966,0.00014199999999999977,0.00019399999999999973
4071,0.013554,-0.007496,-0.070438,-5.199999999999996e-05,0.00014000000000000037,-0.00010899999999999799
5445,0.006929,0.011922,-0.060478000000000004,-7.799999999999994e-05,0.00019399999999999973,-6.799999999999862e-05
4828,0.006093,-0.007285,-0.06762699999999999,6.299999999999969e-05,0.00014999999999999996,-3.0000000000030003e-06
4159,-0.004332,-0.009725,-0.062621,0.0002349999999999991,0.00022199999999999998,4.099999999999937e-05
2478,0.0050880000000000005,-0.012162000000000001,-0.066307,0.0001449999999999993,8.000000000001062e-06,-2.799999999998637e-05
5467,-0.012024,0.008005,-0.06457500000000001,-7.300000000000015e-05,-9.999999999999593e-06,2.8000000000014125e-05
1293,-0.003522,-0.004255,-0.066134,0.00011399999999999995,0.00027899999999999973,-0.0001290000000000041
5578,-0.002509,-0.0042190000000000005,-0.073727,-0.00010800000000000002,-2.3999999999999716e-05,7.000000000007001e-06
5569,0.012805,6.4e-05,-0.058101,9.200000000000007e-05,0.00020300000000000006,-6.600000000000356e-05
5729,-0.004447,0.010612,-0.062095,3.300000000000091e-05,0.0003569999999999997,-0.00013200000000000017
5908,0.017204999999999998,0.005482,-0.068271,-9.79999999999974e-05,1.0000000000001327e-06,-0.00014200000000000323
5844,0.014336999999999999,0.001277,-0.063345,2.9000000000001247e-05,2.0000000000000486e-06,-6.0000000000004494e-05
4760,0.012875,-0.009477000000000001,-0.072072,4.900000000000043e-05,0.00012800000000000138,-3.0000000000002247e-05
5615,0.014773,0.009680999999999999,-0.065819,-2.8999999999999512e-05,9.900000000000013e-05,-0.0001840000000000036
1724,-0.012407999999999999,-0.005987,-0.065447,0.00014299999999999903,7.300000000000015e-05,0.00021600000000000785
4766,-0.002626,-0.007945,-0.062280999999999996,0.00020299999999999962,0.00032800000000000103,-0.00013500000000000317
5139,-0.012962,0.011337999999999999,-0.065178,6.0000000000001025e-05,-4.799999999999943e-05,6.899999999999962e-05
5542,0.000506,0.002456,-0.058997,-3.100000000000005e-05,0.00023099999999999987,-3.499999999999337e-05
4486,0.009861,-0.001044,-0.06870699999999999,5.800000000000076e-05,0.00013099999999999993,-0.00014600000000000724
5854,0.008905,-0.010267,-0.068273,6.600000000000009e-05,0.00015800000000000015,-6.899999999999962e-05
5852,0.00272,0.012455,-0.062102,0.00010500000000000006,0.00024099999999999816,-0.00024500000000000216
4777,0.013092000000000001,0.01017,-0.07435299999999999,-0.00017800000000000107,5.7999999999999025e-05,6.799999999999862e-05
5442,0.012779,0.0050999999999999995,-0.075875,-4.800000000000117e-05,4.80000000000003e-05,-0.00019399999999999973
5839,-0.004513,-0.00028799999999999995,-0.059465000000000004,0.0,0.00019799999999999996,-0.0001229999999999981
5725,-0.007206000000000001,-0.007844,-0.07388,3.500000000000031e-05,-9.999999999992654e-07,8.299999999999974e-05
5878,0.016207999999999997,-0.005973,-0.06239,0.00012400000000000258,0.0001230000000000007,5.0000000000050004e-06
250,0.010929,-0.004319,-0.06746899999999999,6.700000000000109e-05,0.00015700000000000002,-2.2000000000008124e-05
306,0.016687,0.00079,-0.068657,-1.9000000000001654e-05,0.00013299999999999998,-4.999999999999449e-05
4085,-0.01221,-0.008611,-0.07303799999999999,-2.000000000000092e-05,0.00026299999999999935,0.00025699999999997947
5516,0.006874,-0.0023250000000000002,-0.07301300000000001,8.799999999999954e-05,-8.799999999999954e-05,-5.6999999999987616e-05
5464,0.002774,0.005728,-0.058691,-2.8999999999999946e-05,0.00024400000000000116,-9.800000000000086e-05
5410,0.009502,0.008945,-0.068261,-0.00015699999999999915,1.9999999999999185e-05,-0.00015300000000000036
1296,-0.004599,0.004384000000000001,-0.075965,-6.900000000000048e-05,0.00014299999999999903,-0.00012099999999999611
5956,0.00481,0.002516,-0.058182000000000005,-1.4000000000000123e-05,0.00013299999999999987,-5.1999999999996493e-05
5989,-0.010143000000000001,0.010661,-0.072068,3.400000000000104e-05,-0.00010799999999999872,-3.300000000000525e-05
5663,-0.007161,0.011418,-0.070146,-0.00015300000000000036,9.60000000000006e-05,-7.400000000000462e-05
4452,0.016379,-0.000127,-0.068358,3.799999999999984e-05,0.000121,9.000000000000674e-05
4736,-0.011481,-0.006647999999999999,-0.07341400000000001,-7.200000000000088e-05,-3.1000000000000645e-05,0.0003000000000000086
2529,0.009863,-0.005417,-0.07430500000000001,0.00018400000000000014,-9.200000000000007e-05,-7.999999999994123e-06
5423,0.016532,-0.0020099999999999996,-0.07137600000000001,-4.70000000000019e-05,0.00014299999999999968,-1.8999999999991246e-05
4795,0.00033800000000000003,0.013188,-0.067048,3.5999999999999953e-05,0.00011500000000000052,-0.0001810000000000006
4316,0.017699000000000003,-0.0044020000000000005,-0.07308100000000001,9.199999999999833e-05,0.00016300000000000082,-1.9999999999881224e-06
4783,-0.011375999999999999,-0.002502,-0.071519,-0.00014500000000000103,3.300000000000004e-05,-2.4999999999997247e-05
104,-0.0077919999999999994,0.011589,-0.071182,-2.900000000000038e-05,-5.10000000000007e-05,-0.00013499999999999623
2,-0.000497,0.002033,-0.07325799999999999,-8.599999999999992e-05,0.00013799999999999967,-0.00023300000000001098
5449,-0.007082,0.0042569999999999995,-0.061218,-2.599999999999998e-05,0.00014800000000000056,-5.2999999999997494e-05
1529,0.006541,0.008697,-0.066917,-0.00018899999999999993,5.400000000000023e-05,-7.299999999998974e-05
1537,-0.014679000000000001,0.003884,-0.075366,-4.700000000000017e-05,-0.0001759999999999995,-2.899999999998737e-05
5306,0.010923,0.008969,-0.071982,-0.00016799999999999975,9.70000000000016e-05,-0.00010200000000000486
269,0.0077069999999999994,0.009032,-0.06918600000000001,-0.0002379999999999995,1.5000000000001124e-05,-0.00012199999999999711
4446,0.005352,0.007776,-0.061122,-7.099999999999988e-05,0.0001299999999999999,-0.00010699999999999599
5386,-0.000491,-0.012806,-0.069213,0.000158,0.00010899999999999972,-1.000000000001e-06
5503,-0.005982,-0.000888,-0.059854,-0.00010099999999999953,0.000299,-4.900000000000043e-05
4437,-0.013143,-0.010944,-0.069289,-0.0001250000000000001,8.7000000000002e-05,0.00017600000000000948
4784,0.016182,-0.001906,-0.07157899999999999,-5.4999999999999494e-05,0.00013699999999999997,1.2999999999985246e-05
113,-0.00456,0.004588,-0.073821,0.00011099999999999999,2.1000000000000185e-05,-2.2000000000008124e-05
5791,0.004029,-0.008966,-0.063317,0.00011900000000000018,0.00010300000000000066,-1.1999999999998123e-05
4540,0.008898999999999999,-0.007539,-0.072717,-2.8999999999999512e-05,1.1999999999999858e-05,7.999999999994123e-06
4790,0.012973,-0.009721,-0.067376,4.5999999999999167e-05,8.800000000000127e-05,8.000000000008e-06
5268,0.015191000000000001,-0.001157,-0.070839,-4.2000000000002105e-05,0.0001420000000000002,-4.800000000000637e-05
5529,-0.005243,-0.005777999999999999,-0.073928,-1.4999999999999389e-05,8.299999999999887e-05,5.999999999992123e-06
4253,0.007692999999999999,-0.012375,-0.06551699999999999,0.00012100000000000045,0.00013200000000000017,-1.0000000000148779e-06
4725,0.006365,0.012024,-0.066532,8.200000000000048e-05,4.999999999999796e-06,-0.00011600000000000499
392,-0.012297,-0.006076,-0.068929,3.900000000000084e-05,0.0002180000000000003,0.00013299999999999423
4745,0.008419000000000001,-0.0012649999999999998,-0.062273,0.00018499999999999767,0.00024899999999999987,-3.100000000000325e-05
5387,-0.011707,-0.005283,-0.07029200000000001,-2.6999999999999247e-05,3.0000000000000512e-05,2.4000000000010124e-05
2602,0.014755,-0.012055999999999999,-0.065998,8.99999999999998e-05,0.00015699999999999915,5.1999999999996493e-05
5361,-0.005503,0.004426,-0.071294,4.4000000000000636e-05,7.399999999999941e-05,-0.0001420000000000171
4839,-0.001853,0.005961,-0.07679699999999999,8.600000000000014e-05,0.00019399999999999973,-0.00017900000000001248
4074,0.017132,-0.0022879999999999997,-0.074161,1.4999999999997654e-05,3.999999999999924e-05,-2.0999999999993246e-05
5788,0.001186,0.007252,-0.0631,-0.00016200000000000003,0.00018000000000000047,-0.00011800000000000699
54,-0.016026,-0.003378,-0.074517,-0.00022200000000000344,4.6000000000000034e-05,-1.7999999999990246e-05
3821,0.016616,-0.009307000000000001,-0.06930700000000001,-1.9999999999985307e-06,0.00011400000000000125,-0.00015599999999998948
5486,-0.0051849999999999995,0.012126,-0.063372,5.999999999999929e-05,0.0003160000000000003,-0.00021899999999999697
5195,-0.006687,0.011411,-0.062206000000000004,-5.999999999999062e-06,0.0002620000000000001,-0.00013299999999999423
5734,0.003079,-0.004716000000000001,-0.077196,7.999999999999978e-05,-2.8999999999999512e-05,-3.0000000000030003e-06
5750,0.006718,0.011696,-0.065638,0.00012000000000000031,7.500000000000041e-05,-0.00014699999999999436
2492,-0.0077069999999999994,0.004378999999999999,-0.073426,8.099999999999948e-05,3.000000000000398e-06,3.499999999999337e-05
3440,0.002029,-0.004266,-0.072632,-2.1000000000000185e-05,9.999999999999593e-06,-0.00018799999999999373
4948,0.012531,0.011237,-0.066958,-0.00016599999999999948,7.300000000000015e-05,-3.400000000000625e-05
384,-0.0032559999999999998,0.002467,-0.07391500000000001,2.3999999999999716e-05,6.0999999999999856e-05,-0.00014099999999998836
839,-0.012964,0.003024,-0.063954,-5.400000000000023e-05,9.999999999999983e-05,-6.50000000000095e-05
4737,0.003089,0.013229,-0.06616899999999999,0.00018699999999999967,2.700000000000098e-05,-6.90000000000135e-05
72,0.0059770000000000005,-0.003028,-0.075741,0.00011200000000000012,-9.200000000000007e-05,-0.00013599999999999723
270,0.009061,-0.009470000000000001,-0.071071,-3.099999999999978e-05,0.00010400000000000166,1.6999999999989246e-05
4868,0.008973,-0.012224,-0.06736199999999999,2.9000000000001247e-05,0.00014300000000000077,6.399999999999462e-05
5842,-0.005599,0.00043,-0.061357,-2.4000000000000583e-05,0.00027,0.0001270000000000021
5784,0.00242,0.000347,-0.07532,2.499999999999985e-05,-2.3999999999999987e-05,-0.0001769999999999966
398,0.008485,-0.0018009999999999999,-0.07288599999999999,9.200000000000007e-05,-7.600000000000011e-05,-0.00014300000000000423
486,0.011481,0.002971,-0.06877599999999999,-0.0001739999999999988,-7.400000000000028e-05,-4.200000000001425e-05
476,0.015212999999999999,0.006595,-0.073401,-0.0001789999999999986,0.0003439999999999997,-7.500000000000562e-05
5526,0.012166,0.006864,-0.074521,-0.00012799999999999964,-2.900000000000038e-05,-0.0001719999999999916
4773,-0.007922,0.008126,-0.071014,5.9000000000000025e-05,-5.6999999999998024e-05,0.0
5593,0.009327,0.009113,-0.071273,-0.00024199999999999916,9.000000000000327e-06,-1.0999999999997123e-05
4741,0.000366,0.0042569999999999995,-0.06037,7.299999999999999e-05,0.00020800000000000072,-1.9000000000005124e-05
5441,-0.015932,-0.002523,-0.071945,-0.0001859999999999952,8.600000000000014e-05,-8.999999999995123e-06
4752,-0.004815000000000001,-0.012261,-0.07472100000000001,0.00016500000000000022,-5.900000000000176e-05,5.000000000018878e-06
5760,-0.014897,-0.008716,-0.075446,0.00022400000000000024,0.00019899999999999952,-7.800000000000862e-05
5311,0.004399,0.012278,-0.068025,0.0001269999999999995,8.000000000000021e-05,-0.00032199999999998896
564,0.010735,-0.0022570000000000003,-0.063891,0.00010000000000000113,0.00016700000000000048,-2.2999999999995246e-05
5550,-0.009500999999999999,0.005184,-0.066524,-6.100000000000029e-05,9.399999999999947e-05,-3.0000000000002247e-05
234,-0.000504,0.01075,-0.071735,0.000132,8.6000000000001e-05,-0.00010100000000000386
5929,0.000867,0.001367,-0.060268,9.999999999999159e-07,0.00015999999999999999,-5.999999999999062e-06
4552,-0.004367,0.008973,-0.061408000000000004,-1.0000000000001327e-06,0.0003759999999999996,-0.0002509999999999943
5860,0.005142000000000001,-0.001994,-0.073799,8.199999999999961e-05,-4.6000000000000034e-05,-0.00012599999999998723
5416,-0.012207,0.003347,-0.065928,5.000000000001531e-06,-0.00010600000000000019,-4.399999999998849e-05
3813,0.003911,0.011313,-0.072552,-1.1000000000000593e-05,0.0,-0.00014599999999999336
908,0.006109,0.004894999999999999,-0.06911199999999999,-0.00019200000000000033,2.9000000000001247e-05,-3.2000000000018125e-05
4197,-0.006225,-0.0022280000000000004,-0.063488,5.699999999999976e-05,0.0002660000000000006,-0.00014399999999999136
5192,-0.006932000000000001,-0.008323,-0.068691,-1.999999999999398e-06,0.0002470000000000007,0.0001320000000000071
73,0.006017000000000001,0.01218,-0.07259,-6.400000000000069e-05,2.1000000000000185e-05,-0.0002489999999999992
3108,0.004335,0.003367,-0.069283,-6.800000000000035e-05,4.99999999999997e-05,-0.00012199999999999711
1613,0.0041210000000000005,0.006585,-0.071868,8.99999999999946e-06,-7.399999999999941e-05,-0.00016499999999999848
3165,0.007983,0.009114,-0.06623,-0.00010000000000000113,-4.099999999999937e-05,0.0
3797,-0.015214,0.0052309999999999995,-0.072103,-3.900000000000084e-05,-0.00021199999999999952,1.7000000000003124e-05
3758,0.004127,0.0006720000000000001,-0.070195,3.600000000000044e-05,8.799999999999997e-05,-0.00014800000000000924
5879,-0.01417,-0.011648,-0.068501,3.0000000000012655e-06,0.00020599999999999959,0.00038600000000001133
36,-0.004659,0.012426999999999999,-0.069575,4.5999999999999167e-05,4.900000000000217e-05,-7.000000000000062e-05
5696,-0.009499,-0.0038290000000000004,-0.068615,-3.8999999999999105e-05,0.0002570000000000003,-7.000000000000062e-05
5165,-0.011419,-0.012029,-0.070525,-1.9999999999985307e-06,0.000281,0.00010799999999999699
4411,-0.006018,0.00171,-0.063973,1.299999999999999e-05,0.0003330000000000002,-2.0999999999993246e-05
184,-0.007666,0.008315,-0.066417,6.899999999999962e-05,0.00026900000000000014,-2.1999999999994246e-05
102,-0.009368,0.010995,-0.06259,-2.0000000000002655e-06,8.7000000000002e-05,6.80000000000125e-05
5892,0.017725,-0.006123999999999999,-0.067448,0.00013699999999999823,8.299999999999887e-05,-1.7000000000003124e-05
4190,0.014794,-0.00725,-0.066914,8.89999999999988e-05,0.00024200000000000003,-0.00025499999999999134
3117,0.005538,0.012234,-0.072253,-7.500000000000041e-05,4.5999999999999167e-05,-0.00014100000000000223
4127,-0.008871,0.005091,-0.069607,-7.599999999999794e-05,4.999999999999796e-06,-6.40000000000085e-05
5754,0.011639,0.011066000000000001,-0.076242,-0.0001310000000000009,1.799999999999892e-05,-0.0002950000000000036
400,0.004838,0.0021880000000000003,-0.065731,2.7000000000000114e-05,0.00011199999999999969,-3.299999999999137e-05
4061,-0.005037,-0.003391,-0.07209099999999999,-2.1000000000000185e-05,0.00013599999999999984,-2.000000000015878e-06
150,0.014052,0.011706,-0.06893099999999999,-0.0002210000000000007,0.0001510000000000001,-1.7000000000003124e-05
4576,-0.012969,-0.011359,-0.072828,4.0000000000000105e-05,0.00015899999999999942,4.800000000000637e-05
858,-0.002242,-0.00729,-0.07241500000000001,-0.00012399999999999998,5.999999999999929e-05,-4.999999999999449e-05
3118,-0.0031160000000000003,-0.011330999999999999,-0.069055,1.800000000000022e-05,0.00020699999999999885,-0.0002309999999999951
2169,0.002503,0.009744,-0.071335,3.399999999999974e-05,8.300000000000148e-05,-0.00015400000000001524
5790,0.015618,0.005461000000000001,-0.072222,-0.0004009999999999986,0.00024399999999999943,0.00010100000000000386
5157,0.003412,-0.01131,-0.062371,3.999999999999967e-05,9.99999999999994e-05,-6.599999999999662e-05
226,-0.0008349999999999999,0.003176,-0.06712900000000001,-2.800000000000003e-05,0.00011500000000000008,-0.00010999999999999899
3507,0.00738,-0.011312,-0.064432,0.00014299999999999903,0.00015899999999999942,4.600000000000437e-05
617,-0.002525,0.007108,-0.073143,2.0000000000000052e-05,4.80000000000003e-05,-0.0001270000000000021
248,-0.015629,0.005114,-0.06941,-0.00017,-0.00011200000000000012,9.699999999999986e-05
4412,0.009521,0.006969,-0.06392,-4.900000000000043e-05,0.00022399999999999937,-3.799999999999637e-05
1845,-0.004899,0.0019270000000000001,-0.065548,-9.200000000000007e-05,0.0002939999999999998,-8.500000000000174e-05
2252,-0.009087999999999999,-0.010761,-0.06875,0.0001389999999999985,0.00011499999999999878,0.00020799999999999985
171,0.001082,0.008134,-0.075039,0.00014199999999999998,9.000000000000327e-06,-9.300000000000974e-05
302,0.0058920000000000005,-0.0037930000000000004,-0.067625,0.00010299999999999979,0.00013200000000000017,-0.00011799999999999311
3260,0.005292,0.0031579999999999998,-0.073267,-6.399999999999982e-05,9.200000000000007e-05,-0.00021500000000000685
5570,0.013471,-0.003392,-0.073893,1.3999999999998389e-05,6.000000000000016e-05,4.800000000000637e-05
5325,0.0017050000000000001,-0.006059999999999999,-0.069747,0.00016299999999999995,9.899999999999926e-05,-0.0001280000000000031
3765,-0.005738,-0.007495,-0.071515,-1.0999999999999725e-05,0.00013900000000000023,3.400000000000625e-05
4436,0.010654,0.00437,-0.072502,-0.00014000000000000123,3.7000000000000574e-05,-0.0001250000000000001
4392,-0.005503,0.002506,-0.064179,3.500000000000031e-05,0.00036300000000000004,-8.900000000000574e-05
456,-0.006641,0.012254,-0.06372699999999999,8.000000000000194e-06,0.0002310000000000003,-7.700000000000762e-05
5579,0.012768,0.001099,-0.062051,-7.599999999999968e-05,0.00022500000000000016,3.200000000000425e-05
4966,-0.013769,-0.006919,-0.075374,-0.00013799999999999923,0.00022099999999999898,0.00019900000000000473
5799,-0.00033600000000000004,-0.0012259999999999999,-0.057360999999999995,2.1000000000000023e-05,0.00021300000000000008,1.5000000000001124e-05
3786,0.013885999999999999,0.001691,-0.07106900000000001,-6.499999999999909e-05,9.999999999999983e-05,-3.099999999998937e-05
5554,0.010055,-0.011292,-0.07174599999999999,-4.999999999999796e-06,0.00014599999999999856,-7.700000000000762e-05
3518,-0.00478,0.009205,-0.06798799999999999,-4.49999999999999e-05,0.000305999999999999,-0.0001320000000000071
4348,-0.015237,0.004017000000000001,-0.072174,-7.099999999999988e-05,-0.00017500000000000068,9.900000000000186e-05
554,0.005173,-0.0008060000000000001,-0.073631,-6.099999999999942e-05,-0.00010599999999999997,-0.0001759999999999956
917,0.009663999999999999,0.0031190000000000002,-0.072984,-0.00011599999999999978,2.099999999999975e-05,-0.00017100000000000448
2454,-0.01175,-0.003129,-0.071132,-0.0001389999999999985,6.399999999999982e-05,5.999999999992123e-06
869,-0.003706,0.004983,-0.070252,-5.9000000000000025e-05,0.00011100000000000085,-8.400000000000074e-05
4821,-0.001171,-0.012228,-0.064681,0.00010299999999999979,0.0001349999999999997,-0.0001830000000000026
4734,-0.004393,-0.008253,-0.071835,-3.9999999999996635e-06,0.00011099999999999999,9.999999999996123e-06
5288,0.006041,0.002493,-0.07540300000000001,-0.00014800000000000056,-7.099999999999988e-05,-0.00022999999999998022
4541,0.006365999999999999,0.001874,-0.062494,2.000000000001133e-06,0.00014299999999999968,3.0000000000002247e-05
5388,0.005803,0.003927,-0.061805,-5.3000000000000096e-05,0.00011599999999999978,0.00010999999999999899
74,0.004469,2.5e-05,-0.06592,-3.899999999999997e-05,8.6e-05,-9.999999999998899e-05
5883,0.018356,-0.008151,-0.069387,1.4999999999997654e-05,4.0000000000000105e-05,-0.00013299999999999423
439,-0.015205999999999999,-0.009788,-0.07042,-8.700000000000027e-05,4.49999999999999e-05,0.00013399999999999523
5233,0.005391,-0.00248,-0.064144,0.00010299999999999979,0.00017,-5.9999999999990616e-05
812,0.009198,0.007961000000000001,-0.073811,-0.00021799999999999944,-3.600000000000131e-05,-5.4999999999999494e-05
4100,0.006477,-0.005044,-0.068785,7.799999999999994e-05,8.99999999999998e-05,-6.499999999999562e-05
399,0.00836,0.012986000000000001,-0.06867100000000001,-0.00010600000000000019,7.199999999999915e-05,-0.00011699999999999211
3220,0.000377,-0.0066619999999999995,-0.071393,-6.100000000000002e-05,4.2999999999999636e-05,-3.200000000000425e-05
3826,0.004709,-0.005354,-0.066704,8.700000000000027e-05,0.00012100000000000045,-9.500000000001174e-05
130,0.010445,0.005828000000000001,-0.065336,-2.8999999999999512e-05,0.0002399999999999989,-1.2999999999999123e-05
111,-0.011971,0.000714,-0.067184,-5.4999999999999494e-05,-3.9999999999999996e-05,-0.0001920000000000116
5817,0.010267,-0.006713,-0.068975,0.00010700000000000119,1.700000000000052e-05,-1.9000000000005124e-05
4818,0.003798,-0.004651,-0.062082,7.299999999999971e-05,0.0001899999999999992,2.1000000000000185e-05
3801,0.010435,0.00035299999999999996,-0.07270099999999999,-0.0001520000000000011,2.9000000000000054e-05,-8.100000000001162e-05
3120,0.007976,-0.004775000000000001,-0.066667,4.900000000000043e-05,7.300000000000102e-05,-4.999999999999449e-05
4726,-0.010797000000000001,0.007005,-0.07098600000000001,-6.499999999999909e-05,2.2999999999999583e-05,-2.899999999998737e-05
5224,0.010112999999999999,-0.010266,-0.066232,5.10000000000007e-05,0.0001810000000000006,-3.100000000000325e-05
4502,0.011218,0.003337,-0.06668600000000001,-0.00011599999999999978,0.00018499999999999983,-1.1999999999984245e-05
44,-0.011465,-0.008648999999999999,-0.069289,2.099999999999845e-05,4.0999999999997636e-05,0.00032999999999999696
4391,-0.002301,0.0064800000000000005,-0.060876,-3.600000000000001e-05,0.000255,-0.00016999999999999654
519,-0.003833,0.010314,-0.069953,0.00011299999999999982,9.900000000000013e-05,-2.1000000000007124e-05
2290,0.009984,0.009356,-0.067372,-0.00015800000000000015,-1.899999999999992e-05,-0.0001250000000000001
537,-0.010395,0.009031,-0.06407299999999999,2.5000000000000716e-05,-5.300000000000096e-05,8.499999999998786e-05
1245,0.004229,0.007068,-0.076856,-2.2999999999999583e-05,-8.99999999999946e-06,-0.00010000000000000286
4082,-0.012489,0.009097,-0.06994,-3.399999999999931e-05,-6.399999999999982e-05,2.2999999999995246e-05
843,0.0104,-0.007825,-0.068232,8.300000000000148e-05,0.00016900000000000075,1.7000000000003124e-05
2802,-0.013268,0.005945000000000001,-0.072248,-0.00014699999999999956,-9.400000000000033e-05,6.20000000000065e-05
4665,-0.008173,0.011513,-0.06415000000000001,-3.400000000000104e-05,0.00030299999999999945,7.000000000007001e-06
2821,0.011586,-0.003742,-0.066668,9.499999999999786e-05,0.00022400000000000024,4.000000000004e-06
437,-0.005959,-0.0034089999999999997,-0.070797,0.00011599999999999978,0.0001709999999999997,-4.500000000000337e-05
318,0.010285,0.003563,-0.06604,-4.800000000000117e-05,0.00020299999999999962,1.000000000001e-06
3662,-0.015578,0.002621,-0.07075,-9.900000000000013e-05,-0.00015800000000000015,2.3999999999996247e-05
5736,-0.009029,-0.0025870000000000003,-0.06218,-0.00013799999999999923,0.0002400000000000002,-5.7000000000001494e-05
143,-0.0008169999999999999,0.012407,-0.07128,0.0001739999999999999,0.00011699999999999905,-0.00016199999999999548
5786,-0.0075910000000000005,0.008569,-0.073762,0.00010700000000000032,5.999999999999929e-05,-6.0000000000004494e-05
1890,-0.0013460000000000002,0.00802,-0.068243,-0.00017299999999999976,0.00017400000000000228,-0.00014000000000000123
5523,0.001939,-0.007327,-0.069826,8.100000000000013e-05,9.60000000000006e-05,-0.00013699999999999823
5810,-0.007417,-0.011738,-0.06554,0.0002360000000000001,0.00012099999999999958,0.0001810000000000006
5076,0.011843999999999999,-0.005976,-0.068998,-6.999999999998327e-06,9.10000000000008e-05,-6.499999999999562e-05
3156,0.0032069999999999998,-0.009067,-0.06844199999999999,5.400000000000023e-05,1.8000000000000654e-05,-7.200000000000262e-05
5726,0.016332,-0.00028000000000000003,-0.07023900000000001,-7.599999999999968e-05,0.00015600000000000002,-0.00010999999999999899
3435,0.001914,0.011578,-0.06848399999999999,5.700000000000019e-05,1.1999999999999858e-05,-7.800000000000862e-05
4919,0.006008,-0.005275,-0.061341,4.0000000000000105e-05,0.0003400000000000009,-0.00015800000000000536
5049,-0.010631999999999999,-0.0076289999999999995,-0.07014100000000001,9.499999999999786e-05,3.199999999999904e-05,0.0003140000000000087
5454,-0.004596,-0.011166,-0.061571,0.0003480000000000002,0.0002460000000000014,-5.7000000000001494e-05
5859,-0.009862,-0.01278,-0.068327,7.399999999999941e-05,0.0002589999999999988,6.399999999999462e-05
212,-0.008981999999999999,0.008213,-0.072188,-1.0000000000003062e-05,5.199999999999996e-05,-7.999999999999674e-05
912,0.013760999999999999,-0.00235,-0.064341,0.0001260000000000011,0.00016100000000000012,3.9999999999901226e-06
5395,-0.001984,0.011299,-0.064709,0.00013500000000000014,0.00028300000000000027,-4.800000000000637e-05
4607,-0.006945000000000001,0.00152,-0.063788,4.200000000000124e-05,0.0002849999999999999,-8.400000000000074e-05
5779,-0.009781,-0.01109,-0.071733,1.5999999999998654e-05,6.399999999999982e-05,0.000124000000000013
5276,-0.011811,-0.010248,-0.071752,4.5999999999999167e-05,8.400000000000074e-05,0.0001310000000000061
5315,0.015476,0.001417,-0.067743,-0.00016700000000000048,-3.0000000000001813e-06,-3.300000000000525e-05
5982,-0.004509,0.00649,-0.06849899999999999,-1.6999999999999654e-05,0.00013699999999999997,-0.0001360000000000111
4406,-0.010403,-0.008523,-0.071522,2.8999999999999512e-05,0.0002599999999999998,0.0003620000000000012
3767,-0.0063360000000000005,-0.00198,-0.07333100000000001,-7.200000000000002e-05,0.00010400000000000014,4.099999999999937e-05
51,-0.007016,0.005558,-0.071732,4.49999999999999e-05,4.30000000000005e-05,-7.699999999999374e-05
160,0.010654,0.006537,-0.070321,-0.00017,0.00010399999999999993,-8.100000000001162e-05
71,0.003592,0.001659,-0.071549,-9.30000000000002e-05,-1.0000000000001327e-06,-0.00015099999999999836
53,0.003735,0.008413,-0.071493,0.0,-4.5999999999999167e-05,-0.00014500000000000624
57,0.000502,0.004351,-0.06828100000000001,-7.299999999999993e-05,7.599999999999968e-05,-0.00012199999999999711
1855,-0.002047,0.005437,-0.068928,1.5000000000000256e-05,0.00017,-0.0002319999999999961
48,-0.000241,0.0058390000000000004,-0.068726,-0.00011299999999999998,7.599999999999968e-05,-0.00013900000000000023
3115,-0.0006820000000000001,0.009465999999999999,-0.069869,1.500000000000004e-05,1.700000000000139e-05,-0.00010899999999999799
2800,0.003746,0.004789,-0.06767100000000001,-0.00011100000000000042,0.00012600000000000024,-6.699999999998374e-05
5494,-0.002563,-0.005112,-0.06915,0.00012100000000000001,0.00025600000000000015,-6.0000000000060005e-06
151,-0.001972,0.009037000000000002,-0.071248,1.9999999999999836e-05,5.899999999999829e-05,-0.00025499999999999134
3114,-0.003952,0.001509,-0.069271,-2.499999999999985e-05,0.00021500000000000013,-0.00019500000000000073
5053,0.002589,0.0023490000000000004,-0.067828,-5.00000000000023e-06,0.0001269999999999995,-0.00016499999999999848
1211,0.00020999999999999998,0.000728,-0.067488,1.5000000000000012e-05,0.00015300000000000003,-0.00010099999999998999
1594,-0.001135,0.000214,-0.068223,1.699999999999987e-05,0.00018600000000000002,-0.00016199999999999548
106,-0.001964,0.009869,-0.06819700000000001,-1.0000000000001327e-06,3.0000000000000512e-05,-0.00015500000000000236
4723,0.0054009999999999996,0.001284,-0.06723699999999999,-5.999999999999929e-06,3.4000000000000176e-05,-4.500000000000337e-05
5832,-0.008306,-0.005059,-0.069982,3.399999999999931e-05,0.0001330000000000003,3.0000000000030003e-06
123,0.004365,-0.0077800000000000005,-0.069711,4.30000000000005e-05,7.699999999999981e-05,-0.00010999999999999899
77,-0.003695,0.009108,-0.07054300000000001,-2.3000000000000017e-05,0.00014299999999999903,-0.00014099999999998836
2229,0.007226,0.000147,-0.066803,7.200000000000002e-05,4.200000000000002e-05,-7.300000000000362e-05
4724,-0.009947,0.004383,-0.068153,-1.700000000000139e-05,-5.5999999999999626e-05,-0.00013900000000000023
807,0.00195,0.0063230000000000005,-0.071259,-6.799999999999992e-05,-2.8000000000000247e-05,-0.00015999999999999348
5697,0.003296,-0.009066000000000001,-0.072863,-1.4999999999999823e-05,8.200000000000048e-05,3.100000000000325e-05
5504,0.00607,0.010148999999999998,-0.07086400000000001,-0.00016799999999999975,4.000000000000184e-05,-0.00013199999999997936
5364,0.000652,0.002467,-0.066773,6.29999999999999e-05,0.00012299999999999985,-0.000124000000000013
4475,0.001251,-0.007335,-0.071327,-5.3999999999999795e-05,-1.4999999999999389e-05,5.0000000000050004e-06
180,-0.0032749999999999997,0.011083,-0.065705,0.00010199999999999966,0.00015899999999999942,-0.0001280000000000031
3190,-0.006559000000000001,0.008468999999999999,-0.070703,-1.599999999999952e-05,0.00013900000000000197,-2.2999999999995246e-05
3449,-0.011058,0.001984,-0.062654,-1.899999999999992e-05,0.00019300000000000003,-8.400000000000074e-05
2550,0.008414999999999999,0.010386,-0.06717000000000001,-4.0999999999997636e-05,0.00010000000000000113,1.5000000000001124e-05
3109,0.000132,-0.002621,-0.065209,6.6e-05,0.00027399999999999994,-0.00014099999999998836
4063,0.011009,0.002154,-0.06999899999999999,-0.00011299999999999852,8.899999999999967e-05,-8.700000000000374e-05
1298,-0.009618,0.000846,-0.064692,1.1000000000000593e-05,0.0002460000000000001,-7.400000000000462e-05
2871,0.004924,0.007873,-0.066166,-0.00018300000000000087,5.400000000000023e-05,-7.899999999999574e-05
92,0.00148,0.000763,-0.067053,3.000000000000008e-05,0.00011499999999999998,-0.00015199999999999936
1857,-0.000958,0.008666,-0.069158,-6.69999999999999e-05,-1.899999999999992e-05,-0.0001820000000000016
3504,-0.01051,-0.004902,-0.068795,-2.3999999999999716e-05,0.0002450000000000004,0.00010099999999998999
2815,-0.0075250000000000004,-0.005965,-0.070784,3.199999999999991e-05,0.00011899999999999931,3.800000000001025e-05
1225,0.017346,0.001635,-0.06953,-5.999999999999062e-06,6.400000000000004e-05,-6.50000000000095e-05
5806,-0.008012,-0.011623,-0.069027,0.00016099999999999969,7.599999999999968e-05,0.00017600000000000948
229,-0.0086,0.002702,-0.065827,5.800000000000076e-05,0.00020199999999999992,-8.099999999999774e-05
5827,-0.012018000000000001,-0.010148999999999998,-0.07048900000000001,1.600000000000039e-05,0.00010199999999999793,0.00017700000000001048
3272,0.0008100000000000001,-0.0027370000000000003,-0.065209,4.899999999999989e-05,0.00027700000000000034,-6.899999999999962e-05
1531,-0.013134,0.005699,-0.07015300000000001,-9.99999999999994e-05,-9.10000000000008e-05,0.00010100000000000386
1559,-0.003902,0.003422,-0.067798,2.0000000000002655e-06,0.000268,1.000000000001e-06
2463,-0.008102,0.0027240000000000003,-0.063469,5.400000000000023e-05,0.00023799999999999993,-4.800000000000637e-05
124,0.012409,-0.00628,-0.06969,1.6999999999999654e-05,0.00010399999999999993,2.1999999999994246e-05
281,-0.009948,0.0030830000000000002,-0.069733,-5.9000000000000025e-05,-7.300000000000058e-05,-0.00011899999999999411
4812,0.004188,0.00041299999999999996,-0.06488,1.700000000000052e-05,0.00012600000000000003,-0.000124000000000013
836,-0.01123,-0.000967,-0.069968,2.999999999999531e-06,5.000000000000013e-06,-0.00010400000000000686
97,0.013613,-0.000627,-0.068268,1.2999999999999123e-05,0.00010799999999999991,-7.700000000000762e-05
5706,-0.005719,-0.0007930000000000001,-0.065467,5.3000000000000096e-05,0.0003080000000000001,-3.200000000000425e-05
5368,-0.011228,0.00458,-0.062254,0.0,0.0002149999999999999,-5.4999999999999494e-05
5391,0.014332000000000001,-0.008119999999999999,-0.07132,-2.700000000000098e-05,9.299999999999933e-05,-0.0001330000000000081
1572,-0.000502,0.009164,-0.06625,-9.100000000000004e-05,0.00012000000000000031,-6.499999999999562e-05
2452,0.008612999999999999,-0.009871000000000001,-0.06895699999999999,6.300000000000056e-05,0.0001270000000000021,-7.00000000000145e-05
66,0.006861,-0.0016419999999999998,-0.072024,4.4000000000000636e-05,-9.500000000000025e-05,-0.00025899999999999535
837,-0.005908,0.003653,-0.072378,1.1999999999999858e-05,-9.99999999999699e-07,-0.00011900000000000799
5366,0.005542,0.004155,-0.070946,-8.899999999999967e-05,-2.0000000000000052e-05,-6.60000000000105e-05
3447,0.009205999999999999,1.3e-05,-0.065318,2.100000000000192e-05,0.000142,-5.2999999999997494e-05
4151,-0.011236000000000001,0.004066,-0.070152,-7.799999999999821e-05,1.1999999999999858e-05,-5.2999999999997494e-05
19,0.0030800000000000003,-0.00535,-0.074265,-6.700000000000022e-05,-3.500000000000031e-05,-0.00015400000000000136
1217,0.012612,0.000441,-0.06905800000000001,-7.499999999999868e-05,4.500000000000001e-05,-0.00019499999999998685
5078,0.00561,-0.005791999999999999,-0.070774,-2.600000000000085e-05,4.799999999999943e-05,-6.999999999998674e-05
2949,0.009912,-0.0005560000000000001,-0.06898900000000001,-0.00013300000000000117,0.00014100000000000007,-2.499999999998337e-05
829,0.005569,-0.0040149999999999995,-0.071684,7.899999999999921e-05,-4.200000000000124e-05,-0.00014600000000000724
3145,0.013214,0.009352000000000001,-0.067319,-0.0001010000000000004,0.00021199999999999865,-0.00016199999999999548
4759,-0.003536,0.009616,-0.061317,5.3000000000000096e-05,0.0002249999999999995,-0.0001789999999999986
4735,-0.012746,-0.0050609999999999995,-0.075613,-0.00013400000000000044,3.300000000000004e-05,3.0000000000030003e-06
4088,0.001361,-0.006248,-0.063012,0.0001330000000000001,0.0003470000000000001,-5.3999999999998494e-05
3777,0.005035,0.0053879999999999996,-0.063208,-5.9000000000000025e-05,0.0001230000000000007,-8.999999999995123e-06
4090,0.007968,0.006644,-0.066329,-6.899999999999962e-05,0.00013200000000000017,-0.00010400000000000686
5698,-0.003849,0.00026000000000000003,-0.060916,-5.9000000000000025e-05,0.00021599999999999994,-8.000000000001062e-06
4469,-0.007173,-0.009688,-0.068251,0.00013100000000000004,0.00016700000000000048,0.00010100000000000386
287,-0.011548,0.0038250000000000003,-0.068037,-2.3999999999999716e-05,-9.800000000000043e-05,-1.2000000000012001e-05
5330,0.007649,0.002462,-0.07117100000000001,-0.00015300000000000036,2.499999999999985e-05,-0.0002309999999999951
3127,-0.00591,-0.004911,-0.068748,0.0001360000000000007,0.00021099999999999938,-0.0001239999999999991
4413,0.008536,0.001692,-0.064456,9.699999999999813e-05,0.0001560000000000001,-5.4999999999999494e-05
982,-0.00519,-0.0073360000000000005,-0.070824,-4.2999999999999636e-05,0.00013500000000000057,-4.300000000000137e-05
3138,0.00579,-0.005654,-0.06591899999999999,0.00010600000000000019,0.00015200000000000023,-7.30000000000175e-05
817,0.001625,0.00013800000000000002,-0.06649,5.000000000000013e-05,0.000135,-0.000127000000000016
3475,0.010048999999999999,-0.001109,-0.071022,-0.00010699999999999946,0.00010699999999999989,-6.399999999999462e-05
4738,-0.011013,0.009961000000000001,-0.070865,-2.8999999999999512e-05,-8.99999999999998e-05,-6.80000000000125e-05
393,-0.005564,0.009428,-0.071666,-9.49999999999996e-05,0.00027399999999999994,-0.00028100000000000347
1956,-0.010112999999999999,-0.0023889999999999996,-0.06791,-8.400000000000074e-05,0.00015399999999999962,6.499999999999562e-05
4775,-0.005853,0.0069770000000000006,-0.065441,-2.300000000000045e-05,0.0002729999999999998,3.400000000000625e-05
1250,0.012442,0.011609,-0.066925,-0.00016200000000000069,5.7000000000001494e-05,-7.000000000007001e-06
5876,-0.008048,0.001261,-0.066903,1.9999999999999185e-05,0.00012299999999999985,-7.799999999999474e-05
1864,0.014749,0.001189,-0.07142799999999999,-5.199999999999996e-05,8.90000000000001e-05,-8.700000000000374e-05
2570,0.004925,-0.008471,-0.064572,0.00016800000000000061,0.00014799999999999883,3.899999999999737e-05
353,0.01109,0.005449,-0.072753,-0.0001229999999999981,4.80000000000003e-05,-0.00010299999999999199
5738,0.012867000000000002,0.006133,-0.065587,-3.700000000000231e-05,5.4999999999999494e-05,-2.1999999999994246e-05
4403,0.005953,-0.012893,-0.06665399999999999,0.00017099999999999928,9.400000000000033e-05,-9.000000000009e-06
5720,-0.009006,-0.002366,-0.065301,1.600000000000039e-05,0.0001250000000000001,8.700000000000374e-05
89,0.006486,-0.0009220000000000001,-0.06644499999999999,3.600000000000044e-05,0.000116,-6.50000000000095e-05
4404,-0.009970000000000001,0.00016900000000000002,-0.06733499999999999,-5.999999999999062e-06,0.0,-1.5000000000001124e-05
849,-0.002265,0.00724,-0.070638,-7.699999999999981e-05,0.0001429999999999999,-0.00014599999999999336
5048,0.014444,0.004213,-0.06838899999999999,-1.899999999999992e-05,-1.0999999999999725e-05,-9.600000000001274e-05
88,0.0125,0.006522,-0.067975,-0.0001510000000000001,0.00017,-0.0001300000000000051
4747,0.0037040000000000003,-0.001987,-0.062961,5.9999999999999724e-05,0.00023200000000000022,-3.699999999999537e-05
5809,0.009457,0.012663,-0.065891,0.00010499999999999919,4.999999999999796e-05,-0.0002520000000000022
2605,0.014776,-0.01216,-0.069294,9.000000000000327e-06,0.00011000000000000072,6.199999999999262e-05
4764,0.016229,0.011404,-0.07017799999999999,-0.00019399999999999973,0.00015600000000000162,3.799999999999637e-05
30,0.001949,0.001717,-0.07198399999999999,-0.000201,-3.99999999999988e-06,-0.00028200000000001835
5058,0.015563,0.007615,-0.06523699999999999,-5.699999999999976e-05,8.399999999999987e-05,-0.00011400000000000299
5714,0.013018,-0.002422,-0.068581,-1.700000000000139e-05,6.499999999999995e-05,-5.7000000000001494e-05
3555,-0.001388,0.0021520000000000003,-0.064526,-3.199999999999991e-05,0.00021699999999999975,-0.00014999999999999736
5451,0.007344000000000001,-0.003149,-0.06797,6.899999999999962e-05,0.00013999999999999993,-8.599999999998886e-05
5456,-0.014452,0.008893,-0.07151300000000001,0.00020500000000000032,-6.0999999999998555e-05,8.600000000000274e-05
5068,-0.005806,-0.012391,-0.071927,0.00011099999999999999,-9.000000000000327e-06,8.700000000000374e-05
315,-0.01329,-0.00045400000000000003,-0.068823,-8.200000000000048e-05,-4.399999999999993e-05,-7.700000000000762e-05
3439,0.002532,-0.005198,-0.067011,0.00021799999999999988,0.00021500000000000078,3.900000000001125e-05
5055,0.012936999999999999,-0.000722,-0.074049,-1.6999999999999654e-05,6.899999999999994e-05,1.1999999999998123e-05
4428,0.009143,0.0036320000000000002,-0.07274,-0.00011300000000000025,2.0000000000000052e-05,-9.199999999999486e-05
600,-0.006253999999999999,0.010641,-0.071791,-6.200000000000042e-05,0.00016300000000000169,-0.00017400000000000748
5226,0.012464000000000001,0.006454,-0.064334,9.999999999992654e-07,-1.1999999999999858e-05,-0.0001779999999999976
2789,0.008092,0.006398,-0.075009,-8.100000000000121e-05,-5.9000000000000025e-05,-0.0002360000000000001
2191,0.002306,-0.007428,-0.06670699999999999,0.00018100000000000017,0.00019999999999999966,-9.000000000000674e-05
4123,-0.011084,0.012455,-0.067482,-1.4000000000000123e-05,-8.500000000000174e-05,1.7000000000003124e-05
5433,-0.0042439999999999995,-0.005148,-0.07148900000000001,3.799999999999897e-05,0.00010899999999999972,2.1000000000007124e-05
4143,0.0033309999999999998,0.009039,-0.07128100000000001,-6.499999999999995e-05,-5.400000000000023e-05,-0.00026199999999999835
70,0.0022919999999999998,0.011974,-0.06854,3.300000000000048e-05,-9.000000000000327e-06,-0.00010400000000000686
219,-0.01236,0.006842,-0.068843,-7.900000000000094e-05,-0.00010299999999999979,-9.999999999996123e-06
259,-0.00030199999999999997,-0.012055,-0.068365,0.00018699999999999996,9.799999999999913e-05,8.999999999995123e-06
4,-0.002963,0.005288,-0.070476,-0.00012299999999999985,0.00011799999999999918,-9.599999999999886e-05
5699,-0.006415,-0.000545,-0.070698,9.000000000000327e-06,8.199999999999999e-05,0.00011099999999999999
5762,0.0015329999999999999,-0.0037080000000000004,-0.069455,0.00016600000000000013,0.00020500000000000032,-0.00010799999999999699
405,-0.001203,0.000399,-0.06450700000000001,-4.7999999999999866e-05,0.00019299999999999997,-0.00015799999999999148
422,0.005581,0.00564,-0.06804099999999999,-0.0001910000000000002,5.400000000000023e-05,8.599999999998886e-05
3456,0.012336999999999999,0.000207,-0.07448199999999999,-4.700000000000017e-05,0.00010899999999999999,2.9999999999891225e-06
5070,-0.012986000000000001,-0.001735,-0.067459,-0.00013200000000000017,0.00011099999999999999,6.499999999999562e-05
993,0.015238,0.011708999999999999,-0.07001900000000001,-0.0001899999999999992,0.00015500000000000236,-2.9999999999891225e-06
112,0.008645,0.010517,-0.066286,0.00020600000000000132,8.299999999999974e-05,-9.099999999999386e-05
5814,0.014277,-0.008897,-0.06595699999999999,0.00014699999999999956,0.00023000000000000104,7.499999999997786e-05
38,-0.000925,0.010381999999999999,-0.067645,2.9999999999999645e-06,2.300000000000045e-05,-0.0001300000000000051
5899,-0.014077,-0.001835,-0.072741,-3.5999999999999574e-05,-7.59999999999999e-05,0.0
466,-0.010641999999999999,0.003088,-0.067229,-1.2000000000001593e-05,-6.900000000000005e-05,-0.00011700000000000599
4394,-0.010593,0.0044740000000000005,-0.06694499999999999,-8.299999999999974e-05,1.999999999999398e-06,-0.00012100000000000999
5732,0.014429,0.000245,-0.070137,-1.8000000000000654e-05,0.00017700000000000002,-0.00015300000000000036
5733,-0.0032389999999999997,0.010985,-0.075304,3.299999999999961e-05,-7.999999999999327e-06,-0.00031399999999999484
5643,0.012202999999999999,-0.009641,-0.073184,9.900000000000186e-05,5.9000000000000025e-05,-4.999999999999449e-05
3124,0.005212,0.001488,-0.07310599999999999,-7.200000000000002e-05,4.9e-05,-0.00016600000000001336
5824,0.005706,0.010452,-0.063211,-2.2000000000000318e-05,0.0002409999999999999,-0.00010699999999999599
4728,-0.007247,0.010067999999999999,-0.072164,-2.1000000000000185e-05,5.300000000000096e-05,-7.799999999999474e-05
4618,-0.012995,-0.001307,-0.069779,-5.099999999999896e-05,3.200000000000013e-05,6.0000000000004494e-05
4107,-0.009137000000000001,-0.005096,-0.06916800000000001,3.200000000000078e-05,0.00027399999999999994,-6.299999999999362e-05
472,0.010542999999999999,0.003702,-0.067274,-6.899999999999788e-05,6.000000000000016e-05,-7.000000000007001e-06
5062,-0.004496000000000001,0.001217,-0.061742,-5.7999999999999025e-05,0.00022000000000000014,-3.700000000000231e-05
1267,0.013876,0.00034599999999999995,-0.072953,-0.00012799999999999964,0.00011100000000000004,-5.1999999999996493e-05
5981,-0.00846,-0.0005470000000000001,-0.066349,2.5000000000000716e-05,0.00019900000000000007,4.200000000000037e-05
2799,-0.007437,-0.008966,-0.067684,0.00023800000000000036,0.00034,6.0000000000004494e-05
4389,-0.012365000000000001,0.012033,-0.073313,-6.699999999999935e-05,3.0000000000000512e-05,7.000000000007001e-06
2475,-0.012356,0.010252,-0.07445099999999999,-7.399999999999941e-05,1.9999999999985307e-06,6.599999999998274e-05
2177,0.005261999999999999,0.009531000000000001,-0.073303,8.000000000000194e-06,-7.0000000000017965e-06,-0.00016000000000000736
5719,-0.001062,-0.003148,-0.063472,0.00011800000000000005,0.00029200000000000016,-5.9000000000003494e-05
2533,-0.005951,0.001635,-0.066181,-3.0000000000000512e-05,0.00032300000000000015,-0.00011099999999999999
3882,-0.014177,0.0057,-0.070105,-0.0001449999999999993,-6.600000000000009e-05,8.099999999999774e-05
165,0.016229,0.007571,-0.069255,-0.00014000000000000123,7.300000000000015e-05,-0.00016399999999999748
3874,-0.004617,-0.004190999999999999,-0.071188,9.19999999999992e-05,0.00010699999999999946,4.400000000000237e-05
62,0.012262,0.003625,-0.06976399999999999,-0.00016399999999999922,0.0001299999999999999,-7.100000000000162e-05
5108,0.013573,0.00723,-0.063878,-4.300000000000137e-05,0.00010199999999999966,-0.0002380000000000021
5270,-0.009762999999999999,0.010944,-0.068596,-7.600000000000141e-05,-6.699999999999935e-05,-2.6999999999999247e-05
1101,0.0044340000000000004,0.011026,-0.07193600000000001,9.999999999992654e-07,6.000000000000796e-06,-0.00017999999999998573
86,-0.006715,0.009794,-0.067626,-7.000000000000929e-06,0.00021699999999999844,-0.00011199999999998711
5359,-0.009438,0.004205,-0.071365,-1.4999999999999389e-05,7.399999999999941e-05,-1.6000000000002124e-05
4397,0.005489,0.009087999999999999,-0.07253,1.999999999999398e-06,-1.9999999999999185e-05,-0.00013299999999999423
5703,0.002626,0.011096,-0.065511,7.000000000000062e-06,0.0001549999999999989,3.9999999999901226e-06
4422,0.012811999999999999,0.003875,-0.070146,-0.00015299999999999862,0.0001860000000000004,-9.399999999999686e-05
1911,-0.005681,0.001168,-0.072312,-5.799999999999989e-05,-6.999999999999997e-05,-8.800000000000474e-05
4154,0.007849,0.001333,-0.06568399999999999,-3.199999999999904e-05,6.400000000000004e-05,-9.400000000001074e-05
341,-0.013762,-0.004781,-0.070863,-0.00011500000000000052,-6.899999999999962e-05,-0.00010599999999999499
5046,-0.005381,-0.004252,-0.071938,1.7999999999999787e-05,8.399999999999987e-05,-2.9000000000001247e-05
2154,-0.012798,0.001835,-0.069555,-5.400000000000023e-05,-3.000000000000008e-05,-2.999999999998837e-05
402,-0.003976,0.011416,-0.069522,0.00013500000000000014,0.00021199999999999865,-0.00015800000000000536
5100,-0.006226,-0.005605000000000001,-0.068251,6.200000000000042e-05,0.00020900000000000085,-0.00014899999999999636
4863,0.011543,-0.012824,-0.071029,-2.999999999999531e-06,0.00015300000000000036,-6.899999999999962e-05
355,0.010422,-1.6e-05,-0.065149,2.7999999999998512e-05,0.000167,-3.400000000000625e-05
