Particle,x,y,z,Vx,Vy,Vz
23016,-0.008297,-0.003868,-0.072191,0.0,0.0,0.0
21714,-0.003855,0.002979,-0.064943,0.0,0.0,0.0
23937,-0.007133,0.010924,-0.075279,0.0,0.0,0.0
23233,0.004082,0.005695,-0.060944000000000005,0.0,0.0,0.0
21035,-0.009134,0.013212999999999999,-0.066289,0.0,0.0,0.0
22991,-0.002764,-0.008355,-0.068069,0.0,0.0,0.0
22633,0.0015609999999999999,-0.005465,-0.063542,0.0,0.0,0.0
19468,-0.001184,0.00884,-0.069461,0.0,0.0,0.0
24022,-0.013637999999999999,0.012573,-0.066907,0.0,0.0,0.0
19820,-0.006900000000000001,-0.0052309999999999995,-0.069095,0.0,0.0,0.0
23547,0.012485,0.009552,-0.06489199999999999,0.0,0.0,0.0
22682,0.006868,-0.002368,-0.075628,0.0,0.0,0.0
23800,-0.0055910000000000005,0.009583999999999999,-0.06875,0.0,0.0,0.0
23660,-0.005791,0.00035099999999999997,-0.07485699999999999,0.0,0.0,0.0
23874,-0.011785,-0.011125999999999999,-0.074577,0.0,0.0,0.0
24146,0.014867000000000002,-0.011975,-0.073229,0.0,0.0,0.0
23892,0.015815,0.005383,-0.06368800000000001,0.0,0.0,0.0
23943,0.011157,-0.008831,-0.074945,0.0,0.0,0.0
9183,0.009059,0.008282999999999999,-0.06998099999999999,0.0,0.0,0.0
22718,-0.0075650000000000005,0.000395,-0.066058,0.0,0.0,0.0
23235,-0.002261,0.000483,-0.072035,0.0,0.0,0.0
23354,-0.009608,-0.006718,-0.062369,0.0,0.0,0.0
23845,0.006851,0.006569,-0.063831,0.0,0.0,0.0
23534,-0.008433999999999999,-0.010035,-0.069777,0.0,0.0,0.0
22385,-0.001563,-0.007715,-0.06356,0.0,0.0,0.0
21491,-0.0036349999999999998,-0.000632,-0.065498,0.0,0.0,0.0
22807,-0.012507999999999998,0.010609,-0.065256,0.0,0.0,0.0
16490,-0.00883,0.012116,-0.066948,0.0,0.0,0.0
22415,-0.0049640000000000005,0.013571,-0.061444000000000006,0.0,0.0,0.0
21455,-0.0036829999999999996,-0.002105,-0.062449,0.0,0.0,0.0
23881,0.012413,0.009595000000000001,-0.060886,0.0,0.0,0.0
16815,0.008003,0.0078060000000000004,-0.062794,0.0,0.0,0.0
24155,-0.002634,-0.003614,-0.06896200000000001,0.0,0.0,0.0
23203,-0.00523,0.004104,-0.073328,0.0,0.0,0.0
19761,-0.003599,0.011295999999999999,-0.065395,0.0,0.0,0.0
20112,-0.011765000000000001,0.0019039999999999999,-0.06904,0.0,0.0,0.0
18515,0.015557,0.005966,-0.072587,0.0,0.0,0.0
19417,0.005793,0.001603,-0.072974,0.0,0.0,0.0
23351,0.014584,0.004275,-0.065129,0.0,0.0,0.0
22748,0.0023039999999999996,-0.008419000000000001,-0.07532,0.0,0.0,0.0
23964,8.999999999999999e-05,-0.009392,-0.07668000000000001,0.0,0.0,0.0
23560,0.0022069999999999998,0.011514,-0.061283000000000004,0.0,0.0,0.0
23890,-0.014801,0.004485,-0.069413,0.0,0.0,0.0
23264,-0.0029300000000000003,-0.00763,-0.068133,0.0,0.0,0.0
22324,0.009885,-0.002673,-0.06663899999999999,0.0,0.0,0.0
24100,0.005351,0.002813,-0.06502200000000001,0.0,0.0,0.0
24055,0.002716,-0.011495,-0.060417,0.0,0.0,0.0
22086,0.0054139999999999995,-0.000756,-0.065165,0.0,0.0,0.0
20520,-0.003662,-0.006279,-0.06742000000000001,0.0,0.0,0.0
20737,-0.011434,0.006482,-0.064525,0.0,0.0,0.0
23897,-0.008095000000000001,-0.008945,-0.06926600000000001,0.0,0.0,0.0
23005,-0.002988,0.0022890000000000002,-0.060979,0.0,0.0,0.0
23974,-0.008906,0.005776,-0.05851,0.0,0.0,0.0
23064,-0.005562999999999999,0.007726,-0.06320100000000001,0.0,0.0,0.0
23840,0.000741,-0.003904,-0.076038,0.0,0.0,0.0
23598,-0.002299,0.010057,-0.060263,0.0,0.0,0.0
23227,0.007980000000000001,-0.009849,-0.066782,0.0,0.0,0.0
22367,-0.004247,0.00632,-0.07790000000000001,0.0,0.0,0.0
23856,0.00083,-0.010782,-0.062252,0.0,0.0,0.0
23541,0.0022519999999999997,0.0119,-0.07632699999999999,0.0,0.0,0.0
23868,-0.0030670000000000003,-0.006077,-0.077611,0.0,0.0,0.0
22680,0.015153,0.0071600000000000006,-0.064125,0.0,0.0,0.0
22618,-0.002718,0.004672,-0.073725,0.0,0.0,0.0
23753,-0.011534,-0.004385,-0.075376,0.0,0.0,0.0
23537,0.002617,-0.003542,-0.075812,0.0,0.0,0.0
23965,0.000375,-0.006153,-0.060351,0.0,0.0,0.0
23331,0.012126,0.005652,-0.076851,0.0,0.0,0.0
23999,-0.00367,0.013075,-0.064822,0.0,0.0,0.0
24025,0.008596,0.003972,-0.056946,0.0,0.0,0.0
13081,0.006484,0.009707,-0.075574,0.0,0.0,0.0
24049,0.0038610000000000003,0.007777,-0.07357,0.0,0.0,0.0
19960,-0.0077729999999999995,0.011222,-0.067413,0.0,0.0,0.0
23363,0.011833999999999999,0.000629,-0.077154,0.0,0.0,0.0
23775,0.014181,-0.005089000000000001,-0.06559999999999999,0.0,0.0,0.0
24149,0.011538,0.009427,-0.069184,0.0,0.0,0.0
23707,0.004729,-0.001081,-0.06457500000000001,0.0,0.0,0.0
18897,-0.005702,0.013504,-0.066668,0.0,0.0,0.0
22920,-0.005808,-0.009375,-0.070685,0.0,0.0,0.0
24162,0.015349999999999999,0.009205999999999999,-0.065577,0.0,0.0,0.0
22744,-0.003458,0.009733,-0.075045,0.0,0.0,0.0
23822,0.0012350000000000002,-0.011949,-0.066813,0.00024299999999999973,0.0001849999999999994,-0.00032800000000000884
21034,-0.001709,0.008699,-0.06304699999999999,0.00010099999999999996,0.00022300000000000098,-0.000124000000000013
21041,-0.007562999999999999,0.007885,-0.06381300000000001,-3.7000000000000574e-05,0.00019899999999999952,9.200000000000874e-05
23850,-0.008893,0.002629,-0.068876,0.00012299999999999985,6.499999999999995e-05,0.00010800000000001087
23515,-0.004678,0.006741,-0.07226300000000001,0.0,0.00011200000000000012,-6.499999999999562e-05
23204,-0.003063,0.004378999999999999,-0.06784699999999999,9.900000000000013e-05,0.00016300000000000082,0.0002209999999999851
23623,0.003636,0.008349,-0.07585800000000001,-0.00015299999999999992,-8.000000000001062e-06,-0.00012599999999998723
22987,-0.00866,0.001296,-0.060861,-8.300000000000148e-05,0.0002469999999999998,2.9999999999995308e-05
16548,0.006919,-0.008938,-0.067833,0.00034299999999999956,9.900000000000013e-05,-3.100000000000325e-05
20188,-0.015220000000000001,-0.004234,-0.07163800000000001,-1.0999999999998858e-05,0.00010399999999999993,-4.299999999998749e-05
23262,-0.003156,0.009957,-0.065754,-4.000000000000097e-06,0.00033000000000000043,-6.999999999998674e-05
19438,-0.004021,0.011294,-0.074569,-0.00027199999999999967,-3.300000000000178e-05,-7.899999999999574e-05
23234,0.00471,-0.011102,-0.068089,0.0001810000000000006,8.200000000000048e-05,0.00021200000000000385
23232,-0.009946,0.004569,-0.075657,6.199999999999956e-05,0.00015200000000000023,5.6000000000000494e-05
23036,-0.008820999999999999,-0.009435,-0.06257,6.999999999998327e-06,0.00025400000000000075,-0.0003449999999999981
24368,0.000479,-0.001666,-0.075615,7.999999999999978e-06,0.00010099999999999996,6.299999999999362e-05
19946,-0.013773,0.004924,-0.065556,4.0000000000000105e-05,0.0002619999999999992,0.0002380000000000021
23869,0.007,-0.006148,-0.07310599999999999,-4.49999999999999e-05,1.600000000000039e-05,-6.30000000000075e-05
24446,0.008645,0.003055,-0.06277300000000001,0.00018400000000000014,0.0002590000000000001,-0.00018499999999999073
23873,-0.007944,0.012109,-0.062632,3.799999999999984e-05,0.0003210000000000001,-9.800000000000086e-05
19436,0.011955,0.012648,-0.068812,-0.00023199999999999957,1.1999999999999858e-05,-0.00032300000000000384
24248,-0.012624,-0.010315,-0.069267,2.8999999999999512e-05,0.00017299999999999954,-0.00023300000000001098
21952,0.0029449999999999997,0.009802,-0.066509,7.000000000000062e-06,0.00028300000000000027,-0.00013599999999999723
23947,0.002444,-0.012118,-0.070562,0.00027899999999999973,0.00016900000000000075,-0.00020400000000000973
23954,-0.004017000000000001,0.008551,-0.061101,-2.9999999999998778e-05,0.0001250000000000001,-0.0002009999999999998
23980,-0.000714,-0.0060090000000000005,-0.062183,0.000156,0.00010500000000000093,-1.4000000000000123e-05
23643,-0.007859,-0.001896,-0.060222000000000005,9.299999999999933e-05,0.00014999999999999996,-0.00011699999999999211
24287,-0.01196,0.0021160000000000003,-0.06271399999999999,-8.999999999998592e-06,0.0002589999999999997,7.299999999998974e-05
24179,-0.011375,-0.004036,-0.060696,0.00011899999999999931,9.599999999999973e-05,-8.89999999999988e-05
23875,0.001883,-0.011375999999999999,-0.065607,7.50000000000002e-05,4.49999999999999e-05,-0.00028100000000000347
21785,0.016791,-0.0044269999999999995,-0.066466,0.00010399999999999993,0.0001510000000000001,-9.299999999999586e-05
10129,0.014712,-0.004253,-0.073755,-1.9999999999999185e-05,2.7000000000000114e-05,-0.00011299999999998811
23522,0.006983,-0.000255,-0.066288,0.00012700000000000038,0.00027,-0.0003470000000000001
23535,-0.012971,0.006825,-0.066668,-2.8999999999999512e-05,0.00010599999999999932,4.600000000000437e-05
22703,-0.015827,0.005867,-0.07109099999999999,2.6999999999999247e-05,2.2999999999999583e-05,2.899999999998737e-05
20784,-0.007011999999999999,0.012006000000000001,-0.075352,-1.1000000000000593e-05,0.00013699999999999997,4.900000000000737e-05
23353,0.006673,-0.008146,-0.063286,-5.999999999999929e-06,9.10000000000008e-05,-0.00019099999999999673
22729,0.014683,-0.008992000000000002,-0.06402,0.00023199999999999957,0.0001530000000000021,0.0002259999999999901
24230,0.011993,-0.004393,-0.062380000000000005,2.8000000000000247e-05,0.0002539999999999999,-9.499999999999786e-05
23862,-0.011407,-0.0007,-0.075861,2.8999999999999512e-05,-2.800000000000003e-05,-0.0001270000000000021
24259,-0.002242,-0.01279,-0.06528199999999999,0.00018899999999999993,0.00017,-0.0001450000000000201
24277,0.000879,0.010648999999999999,-0.062,8.599999999999992e-05,0.0003860000000000009,-0.00031799999999999884
24282,-0.013766,0.0074199999999999995,-0.07567499999999999,-2.9999999999998778e-05,-2.3999999999999716e-05,-5.6000000000000494e-05
24005,0.0040030000000000005,-0.012723,-0.065327,0.0001929999999999996,0.00014199999999999977,-0.0002390000000000031
23861,-0.0063620000000000005,0.012487999999999999,-0.067743,-2.5999999999999114e-05,0.0002510000000000012,8.900000000000574e-05
23902,-0.010629,0.012830999999999999,-0.063969,-5.7999999999999025e-05,0.0003220000000000011,-0.00020100000000000673
24176,-0.006588,0.009177,-0.075792,-4.099999999999937e-05,8.200000000000048e-05,-0.00017200000000000548
20264,-0.005613000000000001,-0.009597,-0.073967,7.300000000000102e-05,7.499999999999868e-05,-0.0001820000000000016
22821,0.017075,-0.00868,-0.06614,1.000000000001e-06,5.4999999999999494e-05,2.000000000002e-06
24345,-0.010727,-0.003778,-0.075664,-1.3999999999998389e-05,-9.999999999999983e-05,-5.700000000001537e-05
23898,0.009999000000000001,0.009703,-0.077244,-0.00015900000000000115,2.300000000000045e-05,-0.0001270000000000021
24220,0.000852,0.004685,-0.072363,2.599999999999998e-05,0.00010199999999999966,-0.0001270000000000021
24204,0.012393000000000001,0.002987,-0.064402,0.0002479999999999982,0.00014999999999999996,1.9999999999992246e-05
24215,-0.003762,0.007931,-0.06690900000000001,9.100000000000037e-05,0.00021599999999999918,0.0
24163,-0.0045780000000000005,-0.012162000000000001,-0.07007200000000001,2.5000000000000716e-05,0.0002630000000000011,0.00027300000000000935
24167,-0.0028039999999999996,-0.010738,-0.0588,0.00014499999999999973,0.00011299999999999852,-0.00018299999999999567
21090,-0.00039200000000000004,0.006915,-0.072912,-0.00016900000000000004,9.99999999999994e-05,-7.999999999994123e-06
21144,0.0051459999999999995,-0.00237,-0.07006100000000001,0.00010900000000000059,0.0003120000000000002,-0.00019399999999998585
19851,0.004574,-0.006812,-0.07319400000000001,-1.4000000000000123e-05,5.099999999999983e-05,-0.0001719999999999916
21996,0.007184,-0.008622999999999999,-0.066474,0.00022400000000000024,-2.8000000000000247e-05,-7.200000000000262e-05
23925,0.011183,0.008248,-0.067229,-0.00012200000000000058,0.00021200000000000038,-0.0001789999999999986
24225,0.00294,-0.008123,-0.058070000000000004,0.00014500000000000016,0.00022900000000000004,-2.9999999999960614e-06
9995,0.00055,0.003395,-0.073521,0.00010199999999999999,0.00016199999999999982,-0.00020699999999998497
23583,-0.006624,0.001107,-0.063396,7.200000000000002e-05,0.0001380000000000001,0.00011999999999999511
24249,0.006439,-0.011858,-0.07220399999999999,0.00010899999999999972,8.700000000000027e-05,8.399999999998686e-05
23209,0.003048,0.00901,-0.064342,7.600000000000011e-05,0.00028199999999999927,-0.00020199999999999385
23972,0.017620999999999998,-0.011379,-0.06800700000000001,8.900000000000227e-05,6.700000000000109e-05,-3.999999999998449e-05
24371,0.005915,-0.0066500000000000005,-0.07672,-7.699999999999981e-05,4.6000000000000034e-05,-0.00016900000000000248
24400,0.009903,0.010904,-0.06392199999999999,0.00010300000000000066,0.0001910000000000002,0.0002939999999999887
23661,0.011593,-0.012487999999999999,-0.060813,0.00016000000000000042,7.999999999999327e-06,-0.0002530000000000032
23570,-0.007615,-0.010871,-0.067302,0.0001330000000000003,0.00014000000000000123,-7.300000000000362e-05
23692,-0.012981999999999999,-0.010583,-0.07485,3.099999999999804e-05,0.00017299999999999954,4.199999999998649e-05
23557,-0.006732999999999999,-0.00028199999999999997,-0.066804,0.00016799999999999888,0.00015399999999999998,0.00012099999999999611
22322,0.011448999999999999,-0.001075,-0.070569,0.00019500000000000073,0.0001569999999999999,-1.5000000000001124e-05
23548,0.0016899999999999999,0.003069,-0.07104300000000001,-3.8000000000000056e-05,0.0003610000000000002,8.200000000001262e-05
21049,-0.00943,0.00271,-0.06592700000000001,0.00021400000000000065,0.0003079999999999997,-1.6999999999989246e-05
24612,0.008217,0.009760999999999999,-0.062159,-5.300000000000096e-05,0.00016900000000000075,1.0999999999997123e-05
24496,-0.012964999999999999,0.012182,-0.07269,6.999999999998327e-06,-2.5000000000000716e-05,-7.000000000000062e-05
24321,0.008486,-0.012398,-0.064822,7.399999999999941e-05,0.00019899999999999952,0.0001290000000000041
23944,-0.013734,-0.011741,-0.074256,-8.299999999999974e-05,0.0002760000000000002,-1.9999999999992246e-05
23539,0.015393,-0.003873,-0.072816,6.199999999999956e-05,8.600000000000014e-05,-9.900000000000186e-05
10462,0.013321999999999999,0.001442,-0.07273,4.300000000000137e-05,0.0001020000000000001,-0.00014200000000000323
24207,0.015916,-0.009784000000000001,-0.071213,1.9999999999985307e-06,0.00011200000000000099,2.9000000000001247e-05
23247,-0.012676,-0.000247,-0.071695,3.7000000000000574e-05,0.00015299999999999998,-2.4999999999997247e-05
24036,0.015170999999999999,0.012141,-0.071534,-6.799999999999862e-05,-1.600000000000039e-05,-2.999999999998837e-05
24198,0.012461999999999999,-0.005569,-0.074265,-2.8000000000000247e-05,5.400000000000023e-05,7.000000000007001e-06
17413,-0.010663,0.002915,-0.07183,0.00013699999999999997,1.899999999999992e-05,-2.2999999999995246e-05
22979,-0.000292,0.004166,-0.07402,7.099999999999999e-05,0.00014099999999999963,-0.00015300000000000036
23581,-0.012253,0.012896000000000001,-0.064988,6.199999999999956e-05,0.00014199999999999977,-5.999999999992123e-06
24574,-0.008603,0.00901,-0.063357,-6.499999999999909e-05,0.0003420000000000003,-0.00011900000000000799
23735,0.0036309999999999997,0.0071589999999999996,-0.066403,7.400000000000028e-05,0.000268,-3.9999999999901226e-06
20104,0.01239,0.005738,-0.06678,-2.8000000000000247e-05,0.00018500000000000027,-0.00011999999999999511
23284,-0.001066,-0.01214,-0.067929,0.0001960000000000001,0.00014699999999999956,-0.00022600000000000398
23536,-0.008269,0.002347,-0.061252,3.100000000000151e-05,0.00025600000000000015,6.0999999999998555e-05
23224,0.005006,-0.011942,-0.065907,0.0002199999999999997,5.4999999999999494e-05,0.00014499999999999236
24618,-0.004423,0.002938,-0.057239,-1.5000000000000256e-05,0.00024399999999999986,-0.0002080000000000068
23884,0.011887,-0.006896,-0.065131,0.0001820000000000016,-3.600000000000044e-05,-3.600000000000825e-05
24563,-0.004345,0.003185,-0.066666,3.4000000000000176e-05,0.00021700000000000018,-5.999999999992123e-06
24782,0.016224,-0.012619,-0.06882200000000001,0.0001490000000000033,4.99999999999997e-05,0.0004150000000000126
24699,-0.009557,0.007847,-0.064633,6.799999999999862e-05,0.00010900000000000146,0.00019199999999999773
22634,-0.00948,0.007337,-0.06617700000000001,0.00011800000000000005,0.00016100000000000055,-4.699999999999149e-05
21032,0.00607,0.010454000000000001,-0.07123600000000001,-0.0002669999999999999,0.00018299999999999914,-0.0001779999999999976
24670,0.011246,-0.00475,-0.065626,0.0002389999999999979,0.00011500000000000052,3.0000000000002247e-05
24648,0.010388,0.010362999999999999,-0.074575,-0.00019899999999999952,-6.399999999999982e-05,-0.00043599999999999195
24630,0.018753,0.005281,-0.07180299999999999,5.3999999999998494e-05,0.00020300000000000006,-0.00023000000000000798
24665,0.017386,-0.007097,-0.07499299999999999,-0.00010599999999999846,0.00012799999999999964,-0.0002349999999999991
24217,0.016018,0.011298,-0.066543,6.299999999999709e-05,-0.00013400000000000044,-0.00012099999999999611
24716,0.015365,-0.012329000000000001,-0.068497,0.00015399999999999962,8.700000000000027e-05,9.000000000009e-06
24132,-0.006063,-0.00976,-0.066776,0.00019199999999999946,0.00017700000000000007,-0.00026799999999999047
21758,0.011607,0.011288,-0.074244,-0.00012699999999999864,-9.000000000000327e-06,-0.00016199999999999548
22665,-0.014171,0.002731,-0.07399299999999999,9.900000000000013e-05,0.00012200000000000015,-8.600000000000274e-05
22922,0.0014019999999999998,0.003606,-0.07099899999999999,7.90000000000003e-05,0.0003179999999999997,-5.800000000001637e-05
22445,0.0077080000000000004,0.005982,-0.066603,0.00011599999999999892,0.0002429999999999993,4.799999999999249e-05
23826,0.002853,0.008762,-0.06515,5.3999999999999795e-05,0.0003119999999999998,-8.500000000000174e-05
22622,-0.001188,-0.002314,-0.063859,0.00012800000000000008,0.0002570000000000003,-0.00014299999999999036
23532,-0.007153,0.005032,-0.06204,-3.600000000000044e-05,0.00020699999999999972,-4.599999999999743e-05
24537,0.015457,0.00808,-0.063031,-2.0000000000002655e-06,7.799999999999994e-05,0.00013900000000000023
24549,-0.012875,0.001524,-0.07815000000000001,0.00010999999999999899,-4.9999999999999914e-05,-3.299999999999137e-05
23763,0.006148,0.002548,-0.07443000000000001,8.799999999999954e-05,-7.399999999999985e-05,-0.0002929999999999877
23834,0.009141,-0.001694,-0.073173,-0.00011099999999999999,2.800000000000003e-05,-1.8999999999991246e-05
24002,0.015695999999999998,-0.010235,-0.067973,0.00014400000000000177,7.399999999999941e-05,2.0000000000006124e-05
24323,-0.008369,0.011637,-0.076283,6.399999999999982e-05,0.00011099999999999999,-0.0001250000000000001
24696,0.000358,0.0066760000000000005,-0.06567700000000001,0.00023699999999999996,0.00024099999999999903,-0.00044599999999998807
24143,-0.006154,0.00234,-0.066482,0.00011099999999999999,0.00014400000000000003,7.000000000007001e-06
21391,0.003137,0.009903,-0.072158,-4.9e-05,9.49999999999996e-05,-4.299999999998749e-05
22366,0.013393,-0.002315,-0.07460299999999999,-8.7000000000002e-05,3.999999999999967e-05,-3.800000000001025e-05
23863,-0.005417,0.008322,-0.077074,-6.099999999999942e-05,4.200000000000037e-05,-0.00014100000000000223
24519,0.003666,0.010173999999999999,-0.071978,-0.0001299999999999999,9.900000000000013e-05,-2.9000000000001247e-05
19099,0.01483,-0.007883,-0.072321,-7.399999999999941e-05,0.00010799999999999872,-3.300000000000525e-05
24532,-0.014206,0.008323,-0.076831,-7.699999999999894e-05,3.999999999999837e-05,-3.399999999999237e-05
23843,-0.014503,0.008284000000000001,-0.071991,6.000000000000796e-06,5.599999999999876e-05,-0.00010100000000000386
24165,0.0014990000000000001,0.008171,-0.062561,0.00022699999999999977,0.00037799999999999986,-0.00010599999999999499
21172,0.010416,-0.00328,-0.064054,9.999999999999593e-06,8.799999999999997e-05,-9.399999999999686e-05
23915,0.003106,-0.012335,-0.06873699999999999,0.00021000000000000012,0.00012300000000000158,-0.00038200000000000733
20788,-0.00259,-2.2e-05,-0.074851,4.9e-05,0.000138,2.1000000000007124e-05
22419,-0.000972,0.000984,-0.06488,6.000000000000037e-06,0.00025700000000000007,6.599999999999662e-05
23237,-0.007275,-0.005122,-0.06851600000000001,-2.2999999999999583e-05,0.0001719999999999994,7.600000000000662e-05
23879,0.008064,0.0073230000000000005,-0.07205,-7.300000000000015e-05,0.00015999999999999955,-0.00016499999999999848
24516,0.0053890000000000006,-0.010279,-0.068498,0.00010899999999999972,-7.000000000000062e-06,0.00010399999999999299
24018,-0.008548,0.009091,-0.074597,-8.799999999999954e-05,0.00014899999999999983,-3.0000000000030003e-06
20838,-0.00872,0.006809,-0.073282,4.1999999999998636e-05,0.0001230000000000007,-3.799999999999637e-05
23626,-0.0008449999999999999,-0.003556,-0.064836,0.000277,0.00028600000000000023,1.7000000000003124e-05
23844,-0.013911,0.010037,-0.073927,-2.400000000000145e-05,6.999999999999888e-05,-6.899999999998574e-05
23637,0.014065,-0.0040739999999999995,-0.074405,-3.799999999999984e-05,0.00017499999999999937,-2.2999999999995246e-05
23967,-0.007679999999999999,0.007737,-0.07508,-3.300000000000091e-05,0.00010900000000000059,-1.9000000000005124e-05
24238,-0.004362,0.011643,-0.063353,7.000000000000062e-06,0.00043799999999999915,-8.999999999999286e-05
23219,0.011914,0.003039,-0.065005,0.00018300000000000087,0.00016599999999999991,-0.00010699999999999599
19746,-0.001494,0.001423,-0.07444100000000001,4.2000000000000154e-05,0.000152,-3.899999999999737e-05
18078,-0.008315,-0.005869,-0.068092,1.4000000000000123e-05,0.00016000000000000042,6.0999999999991616e-05
22754,0.0062169999999999994,-0.006768,-0.071544,0.00015400000000000136,0.0001549999999999989,-0.00012100000000000999
24502,-0.008923,0.000132,-0.07776999999999999,1.899999999999992e-05,-8.000000000000005e-06,-6.0000000000060005e-06
20484,-0.0015329999999999999,0.011189,-0.066283,4.199999999999972e-05,0.00027500000000000094,-0.0001769999999999966
19094,-0.010897,0.009308,-0.063263,6.300000000000056e-05,0.00021700000000000018,-2.9000000000001247e-05
23833,0.011446999999999999,-0.0029500000000000004,-0.072539,-3.8999999999999105e-05,2.2000000000000318e-05,-5.3999999999998494e-05
22060,-0.009941,-0.001141,-0.062265999999999995,-0.0001349999999999997,0.00026400000000000013,-0.00012600000000000805
21352,-0.004487,0.00475,-0.069463,0.00014699999999999956,0.00015000000000000083,-4.100000000001325e-05
22915,-0.012452999999999999,0.006759,-0.072586,3.500000000000031e-05,0.00010500000000000006,3.099999999998937e-05
22305,0.005203,0.005308,-0.06614400000000001,9.60000000000006e-05,0.0002919999999999997,-7.199999999998874e-05
24592,0.010303000000000001,-0.0045780000000000005,-0.061806,0.000193999999999998,0.00011300000000000025,-0.00010800000000000393
22940,0.0042510000000000004,-0.007644,-0.06517300000000001,0.0002409999999999999,0.00015399999999999962,-0.00030199999999998284
19172,0.010353999999999999,0.008251,-0.064079,-2.099999999999845e-05,0.0001810000000000006,3.099999999998937e-05
11773,0.0058200000000000005,0.011988,-0.071988,-0.00016800000000000061,9.99999999999994e-05,-0.00016800000000001536
24358,0.017457,0.009748,-0.068758,0.0001020000000000014,-4.000000000000531e-06,-0.00016900000000000248
22656,-0.001887,-0.006057000000000001,-0.06558199999999999,0.00010099999999999996,0.00021400000000000065,-0.00016400000000001136
23955,-0.014611,-0.003206,-0.06700700000000001,-2.6999999999999247e-05,0.0003029999999999999,6.0000000000004494e-05
21180,-0.012987,-0.01052,-0.069966,9.299999999999933e-05,0.00021100000000000112,-0.0001840000000000036
24501,-0.0030110000000000002,-0.001961,-0.06414,-6.999999999999628e-06,7.200000000000002e-05,-1.1999999999998123e-05
22410,-0.004315,-0.004602,-0.059840000000000004,1.8000000000000654e-05,0.00012700000000000038,-0.00026799999999999047
24572,0.013961,-0.009493,-0.064693,0.00025400000000000075,0.00012000000000000031,-7.300000000000362e-05
24605,-0.014674,-0.002656,-0.06718500000000001,3.8999999999999105e-05,0.00018400000000000014,-5.8999999999989616e-05
23872,0.01482,-0.006521,-0.068856,-9.99999999999994e-05,8.899999999999967e-05,3.900000000001125e-05
24694,-0.004601,-0.003945,-0.063457,8.900000000000054e-05,7.899999999999964e-05,1.4000000000000123e-05
24529,0.005929,-0.0011970000000000001,-0.065946,3.2999999999999176e-05,0.00033700000000000017,-0.00025599999999999234
24164,-0.0040739999999999995,0.012704,-0.07069,-0.0001990000000000004,0.0001299999999999999,-1.9999999999881224e-06
20981,0.01455,-0.003202,-0.075151,-0.00013400000000000044,6.799999999999992e-05,-8.500000000000174e-05
19480,-0.015614000000000001,-0.008311,-0.073541,8.000000000000021e-05,0.0002210000000000007,-0.00017600000000000948
22426,-0.015092000000000001,0.008362999999999999,-0.07602500000000001,-8.499999999999827e-05,5.300000000000096e-05,-9.800000000000086e-05
24006,0.00021799999999999999,0.008439,-0.06448999999999999,6.399999999999998e-05,0.00016200000000000069,-0.00014100000000000223
24731,0.004957,0.01248,-0.066848,-6.099999999999942e-05,0.0002199999999999997,-0.00010399999999999299
22120,-0.000381,-0.000885,-0.060823999999999996,0.00015999999999999999,0.00015700000000000002,-5.000000000000837e-05
20782,-0.00361,0.010901,-0.072039,-8.600000000000014e-05,0.00015800000000000015,-0.00011899999999999411
23210,0.006737,-0.008757,-0.06373,-3.8999999999999105e-05,0.00010999999999999899,1.000000000001e-06
23864,0.009926,0.005979,-0.062988,5.599999999999876e-05,0.00028500000000000053,2.2999999999995246e-05
10082,0.007609,0.010862,-0.070962,-0.000171000000000001,-2.6999999999999247e-05,-0.0001310000000000061
21494,-0.002648,-0.0021000000000000003,-0.07090600000000001,0.00014999999999999996,0.00025900000000000033,0.0001370000000000121
23316,0.00624,-0.008974,-0.071875,0.0001730000000000004,4.099999999999937e-05,-6.50000000000095e-05
24210,-0.005322,-0.010702,-0.071634,5.200000000000083e-05,0.00022199999999999998,6.70000000000115e-05
17666,0.013599,-0.0070480000000000004,-0.067728,1.5000000000001124e-05,8.300000000000061e-05,7.899999999999574e-05
21735,-0.013122,0.0046040000000000005,-0.06812,7.300000000000015e-05,6.199999999999956e-05,-7.000000000000062e-05
24579,-0.010237999999999999,-0.002888,-0.060673000000000005,-2.000000000002e-06,7.600000000000011e-05,-0.00014999999999999736
23841,-0.007358,0.005273,-0.06974899999999999,0.0002009999999999998,9.400000000000033e-05,2.6999999999999247e-05
24160,-0.004168,-0.009299,-0.06161,7.999999999999934e-05,0.00016000000000000042,-3.600000000000131e-05
22658,0.0010149999999999998,-0.0016799999999999999,-0.075693,3.500000000000031e-05,0.00013699999999999997,-1.1999999999998123e-05
23213,-0.007444,-0.001758,-0.064122,5.3000000000000096e-05,0.00012600000000000003,0.00014999999999999736
22741,-0.006215,-0.010744,-0.063843,0.00010900000000000059,0.00017700000000000007,-0.00011000000000001287
23930,0.0045780000000000005,0.01033,-0.07658,-0.00015800000000000015,8.3999999999999e-05,-0.00012000000000000899
24628,0.002847,0.0022930000000000003,-0.060067999999999996,9.699999999999986e-05,0.0002599999999999998,-0.0002730000000000024
23112,0.004860000000000001,-0.00085,-0.074005,-6.400000000000069e-05,0.00015999999999999999,-2.1999999999994246e-05
23081,-0.009209,-0.010236,-0.067716,3.699999999999884e-05,0.00028500000000000053,5.000000000000837e-05
22502,-0.015233,-0.00696,-0.073207,0.00010899999999999972,5.199999999999996e-05,-0.00019700000000000273
24599,-0.014443,-0.010201,-0.077531,4.699999999999843e-05,0.0002559999999999993,-0.00010199999999999099
24206,0.0037879999999999997,-0.008531,-0.07384399999999999,0.0002870000000000008,0.0002520000000000005,-7.300000000000362e-05
24218,-0.011045999999999999,-0.008233,-0.069975,0.00017299999999999954,0.00019899999999999952,-0.0001789999999999986
24534,-0.011769,-0.0043040000000000005,-0.077182,-5.299999999999923e-05,-0.00010899999999999972,-4.500000000000337e-05
16587,0.015796,-0.0027589999999999997,-0.06677899999999999,6.399999999999809e-05,0.00018599999999999997,-2.2000000000008124e-05
19843,-0.002791,0.008227,-0.06805599999999999,4.699999999999973e-05,0.00022800000000000077,7.499999999999174e-05
20750,0.006637,-0.007057000000000001,-0.067553,8.700000000000027e-05,9.30000000000002e-05,-0.00018699999999999273
24510,0.002053,-0.004535,-0.061766,0.00021600000000000005,0.00017900000000000034,-0.00012199999999999711
22944,0.011113,0.009134999999999999,-0.064383,-5.699999999999976e-05,0.0001570000000000009,7.199999999998874e-05
22941,0.0105,0.0027370000000000003,-0.07646800000000001,-7.000000000000062e-05,7.399999999999985e-05,-2.899999999998737e-05
14446,-0.009814,0.002656,-0.067891,0.0001799999999999996,0.00022900000000000004,3.899999999999737e-05
22337,0.0012430000000000002,-0.002859,-0.06787,0.00016599999999999991,0.00027500000000000007,-0.0001850000000000046
18856,-0.015348,0.006754,-0.074268,-5.199999999999996e-05,0.00010500000000000006,-4.000000000004e-06
18491,-0.007173,0.01154,-0.071165,-8.300000000000061e-05,0.0001810000000000006,-0.00011600000000000499
22641,0.000737,-0.010362,-0.066157,0.00013499999999999992,0.00015799999999999842,-0.00033700000000000396
21052,0.003407,-0.003229,-0.06792000000000001,1.2000000000000292e-05,0.0002049999999999999,-0.0001759999999999956
24056,-0.005988,-0.010546,-0.07229600000000001,6.999999999999975e-05,0.00029299999999999986,0.00011000000000001287
23848,0.00464,-0.005161,-0.062923,0.00021799999999999944,0.00017899999999999947,-0.0004489999999999911
20865,0.001891,-0.001189,-0.06830800000000001,1.9999999999999836e-05,0.0002779999999999999,-4.999999999999449e-05
22675,0.010042,-0.008407999999999999,-0.06890099999999999,0.00018800000000000067,-5.000000000000143e-05,1.9999999999881224e-06
21353,0.004098,0.003074,-0.067689,1.299999999999999e-05,0.00021600000000000005,-6.599999999999662e-05
24250,0.002963,0.011078,-0.07291800000000001,-0.0002000000000000001,0.0001010000000000004,-0.00011199999999998711
24182,0.012771000000000001,-0.006287,-0.068481,-3.300000000000178e-05,0.00011400000000000039,6.0999999999991616e-05
22965,-0.001611,0.010246,-0.068407,-1.0000000000000026e-05,0.0002669999999999999,-0.00016900000000000248
24360,-0.015837999999999998,-0.011912,-0.075355,2.3999999999996247e-05,0.00022300000000000098,-0.00015699999999999048
22968,-0.014036,0.004386999999999999,-0.071355,3.399999999999931e-05,7.800000000000081e-05,-1.1999999999998123e-05
21376,-0.011983,0.0007930000000000001,-0.07203100000000001,0.00012700000000000038,0.00012299999999999995,-0.00010399999999999299
19080,-0.009252,0.002523,-0.073406,8.400000000000074e-05,5.3000000000000096e-05,-6.299999999999362e-05
24175,-0.005129,-0.001893,-0.075321,-2.599999999999998e-05,0.00012199999999999993,2.4999999999997247e-05
23349,0.011576000000000001,0.000921,-0.063522,0.00010699999999999946,0.00020200000000000003,-0.0001820000000000016
24281,0.010269,0.010144,-0.063689,9.999999999992654e-07,0.0002449999999999987,-2.1000000000007124e-05
24509,0.017960999999999998,0.004261999999999999,-0.068803,3.500000000000031e-05,7.700000000000155e-05,-3.199999999999037e-05
23855,-0.012313000000000001,0.011926,-0.066179,7.500000000000215e-05,7.499999999999868e-05,2.2000000000008124e-05
24173,0.015544,0.004727,-0.071328,4.49999999999999e-05,0.00017899999999999947,-0.00014600000000000724
23110,0.015756,-0.005602,-0.072005,-5.4999999999999494e-05,6.399999999999982e-05,-6.0000000000004494e-05
22492,0.005258,-0.011026999999999999,-0.065071,0.00013200000000000017,0.00013799999999999923,2.4999999999997247e-05
24507,-0.004497,-0.010746,-0.069215,-4.2999999999999636e-05,0.00015000000000000083,3.699999999999537e-05
22919,-0.00213,-0.000901,-0.070972,5.499999999999993e-05,0.00016700000000000005,0.00013599999999999723
23271,0.003192,-0.005791999999999999,-0.069007,0.00016200000000000025,0.00036399999999999974,-0.00016499999999999848
22624,-0.00825,0.01226,-0.067141,1.8000000000000654e-05,0.00022300000000000098,-0.00012099999999999611
24187,0.013842,-0.004487,-0.07268300000000001,5.999999999999929e-05,9.799999999999913e-05,1.0000000000010001e-05
24546,-0.000164,-0.0027730000000000003,-0.070652,0.00012,0.00016500000000000022,7.500000000000562e-05
21394,-0.015837999999999998,-0.00413,-0.07228100000000001,-5.500000000000296e-05,0.00022500000000000037,1.5000000000001124e-05
23205,-0.010342,0.003764,-0.070017,0.0001460000000000003,-1.0000000000000026e-05,7.999999999994123e-06
23977,0.01154,-0.013162,-0.07086400000000001,9.10000000000008e-05,-6.199999999999956e-05,-6.699999999998374e-05
24513,0.004649,-0.00048499999999999997,-0.06423699999999999,0.0001479999999999997,0.0002509999999999999,-7.500000000000562e-05
20957,0.011158,-0.006841,-0.071137,8.299999999999974e-05,0.00010899999999999972,8.700000000000374e-05
16494,-0.005243,0.00136,-0.063115,6.399999999999982e-05,0.00025699999999999985,0.00015600000000000336
24512,0.009042999999999999,-0.0023,-0.07696800000000001,4.1000000000001105e-05,0.00011599999999999978,-0.00015999999999999348
24724,-0.0012749999999999999,0.007762,-0.068202,1.699999999999987e-05,0.0003119999999999998,-7.999999999999674e-05
22676,-0.006692999999999999,-0.0101,-0.07064400000000001,-2.000000000000092e-05,0.00027699999999999947,9.600000000001274e-05
9724,0.005929,0.0075250000000000004,-0.070074,-5.999999999999929e-06,0.00016199999999999982,-0.00015900000000000636
22303,0.00212,0.0043230000000000005,-0.064182,0.00014500000000000016,0.00027699999999999947,-0.00019199999999999773
23828,-0.007448000000000001,-0.0043360000000000004,-0.07778700000000001,6.000000000000796e-06,0.00010200000000000053,-1.5999999999988246e-05
13766,-0.011423,-0.002032,-0.065848,1.4000000000000123e-05,0.00038000000000000013,-2.8000000000000247e-05
24498,-0.006893,-0.009004,-0.07437,-1.7999999999999787e-05,0.00017900000000000034,-3.300000000000525e-05
16325,-0.0027530000000000002,-0.0061459999999999996,-0.06794700000000001,0.00015300000000000036,0.00025100000000000035,-8.999999999999286e-05
24594,-0.014616,0.009604,-0.067716,0.00011500000000000052,9.800000000000086e-05,-1.000000000001e-06
21703,-0.004838,-0.002613,-0.07183,9.8e-05,0.00031099999999999964,8.199999999999874e-05
16492,-0.0052179999999999995,0.0017439999999999999,-0.064577,5.699999999999976e-05,0.00017700000000000007,0.00020599999999999785
24615,0.012224,-0.010695,-0.065381,0.00016799999999999975,5.199999999999823e-05,7.499999999999174e-05
18178,0.004216999999999999,0.009571999999999999,-0.07231900000000001,-5.3000000000000096e-05,8.100000000000121e-05,-5.1999999999982616e-05
24621,-0.011375,0.010012,-0.069789,3.5999999999999574e-05,2.300000000000045e-05,6.70000000000115e-05
24586,0.003437,-0.00157,-0.062558,0.000232,0.00017500000000000003,7.600000000000662e-05
24188,-0.013314,0.00207,-0.07720099999999999,6.799999999999862e-05,8.000000000000021e-05,-7.900000000000962e-05
21155,0.006353,-0.009683,-0.071343,0.00022900000000000004,0.00011200000000000099,1.000000000001e-06
20647,-0.011177,0.010125,-0.06517700000000001,-4.200000000000037e-05,0.00016599999999999948,-5.2999999999997494e-05
23215,0.016624,-0.010233,-0.068873,7.400000000000115e-05,6.600000000000182e-05,-1.5999999999988246e-05
24254,0.014981999999999999,0.006461000000000001,-0.064786,7.500000000000215e-05,0.00024099999999999903,-2.5000000000011124e-05
23525,-0.009663,-0.006378999999999999,-0.07442,-1.4000000000000123e-05,0.00019899999999999952,1.9999999999881224e-06
23953,-0.013545999999999999,0.004503999999999999,-0.064516,7.499999999999868e-05,0.00022500000000000037,0.0001300000000000051
24499,-0.008745,0.008672000000000001,-0.064114,3.200000000000078e-05,0.00017599999999999907,6.70000000000115e-05
24316,0.016622,0.008598000000000001,-0.07125,8.99999999999998e-05,3.7999999999998105e-05,-0.00015300000000001424
24191,-0.012904,0.0017330000000000002,-0.063746,0.00016300000000000169,0.00024299999999999973,-1.0999999999997123e-05
15632,0.005227000000000001,0.011344,-0.07239100000000001,-0.0002530000000000006,0.00019399999999999973,-0.00024099999999999122
24558,-0.003182,0.005205,-0.07217100000000001,8.000000000000194e-06,0.00011800000000000005,1.7000000000017e-05
23278,0.01184,0.002791,-0.068794,0.00018899999999999993,6.899999999999962e-05,-2.000000000015878e-06
22666,0.005084,-0.003785,-0.06867100000000001,9.8e-05,0.000281,-0.00032599999999999296
23702,0.007157,-0.000867,-0.06102900000000001,0.00022400000000000024,0.00025100000000000003,-7.699999999999374e-05
18094,-0.002615,-0.001047,-0.068755,7.099999999999988e-05,0.00018499999999999994,0.00014300000000000423
16470,0.0026320000000000002,0.006626,-0.073268,-0.00010700000000000032,9.8e-05,-0.00016299999999999648
22727,-0.008683,-0.009988,-0.06141,0.00011300000000000025,0.0001260000000000011,-0.00026900000000000535
20411,0.009165,0.009744999999999998,-0.072672,-3.5999999999999574e-05,0.00011100000000000172,-0.00026600000000000235
23250,0.009519,-0.005324,-0.073887,-4.4000000000000636e-05,9.099999999999994e-05,-9.900000000001574e-05
21103,-0.006385,0.005271,-0.06837900000000001,3.5999999999999574e-05,0.0002260000000000005,-0.00013899999999998636
24181,-0.007877,0.0023279999999999998,-0.07165600000000001,4.800000000000117e-05,4.300000000000007e-05,4.900000000000737e-05
18218,-0.007091999999999999,0.011669,-0.066872,-7.400000000000115e-05,0.00021799999999999944,-0.0001320000000000071
24600,-0.014813,-0.009888,-0.073143,-7.300000000000015e-05,0.00032699999999999917,-0.0001380000000000131
22992,-0.001686,-0.009231,-0.071295,9.500000000000003e-05,0.00013699999999999997,-0.00014500000000000624
24523,-0.008638999999999999,0.011411,-0.064015,3.699999999999884e-05,0.00023500000000000083,-0.00011799999999999311
23876,0.012302,-0.003226,-0.071675,-6.000000000000796e-06,3.9000000000000406e-05,-4.699999999999149e-05
23905,0.017752,0.003796,-0.071218,-3.599999999999784e-05,0.00012099999999999958,-8.799999999999086e-05
22630,0.001095,0.004367,-0.072395,7.299999999999993e-05,0.00015700000000000002,-5.3999999999998494e-05
24199,0.015340999999999999,0.008646000000000001,-0.06529,-9.099999999999907e-05,0.00016399999999999922,-2.0000000000006124e-05
21999,-0.008832000000000001,0.008407999999999999,-0.074658,-6.799999999999862e-05,0.00010600000000000019,-7.399999999999074e-05
20810,0.008611,-0.003424,-0.064941,6.700000000000109e-05,0.000304,-0.00019299999999999873
22649,-0.002696,0.006829,-0.06572199999999999,0.00011299999999999982,0.00033100000000000056,9.999999999871223e-07
22759,0.012637,0.008653000000000001,-0.066083,-2.700000000000098e-05,0.0001289999999999989,-3.499999999999337e-05
23573,0.016797,0.011798999999999999,-0.067959,-1.9999999999999185e-05,-8.3999999999999e-05,-0.00016299999999999648
22299,-0.0053230000000000005,-0.0024649999999999997,-0.067517,8.100000000000034e-05,0.00020199999999999992,-6.70000000000115e-05
17276,0.015781,0.011538,-0.072461,-9.400000000000033e-05,1.2000000000001593e-05,-0.00031499999999999584
24322,0.015891,0.009260999999999998,-0.07227700000000001,5.8000000000002494e-05,6.0000000000001025e-05,-0.0003289999999999821
24649,0.008492000000000001,-0.012958,-0.061064999999999994,0.00014099999999999703,0.0002370000000000011,-0.00010800000000001087
22615,-0.004258,0.00269,-0.069091,9.99999999999994e-05,6.899999999999962e-05,-1.9000000000005124e-05
22632,-0.001512,-0.01074,-0.065068,9.800000000000021e-05,0.0001449999999999993,-0.00020599999999999785
22932,0.009263,0.006113,-0.06458499999999999,8.699999999999854e-05,0.00019999999999999966,0.00013799999999998536
23516,-0.004154,0.008916,-0.06704900000000001,4.399999999999977e-05,0.00021200000000000038,-8.899999999999186e-05
24542,0.01262,-0.0025470000000000002,-0.066484,0.00020199999999999906,8.200000000000048e-05,7.100000000000162e-05
9675,0.007644,0.008635,-0.072537,-0.00012299999999999985,0.00014199999999999977,-0.00019399999999998585
23230,-0.004866,0.005787,-0.063254,4.8999999999999565e-05,0.0002160000000000009,-9.199999999999486e-05
19748,-0.006684,0.011827,-0.06394,-2.0000000000000052e-05,0.00019599999999999826,-5.3999999999998494e-05
23657,-0.0034820000000000003,0.006296,-0.065645,0.00012600000000000024,0.00026599999999999974,2.799999999998637e-05
20197,0.010435999999999999,-0.010598000000000002,-0.071097,6.0000000000001025e-05,-4.3999999999997166e-05,-4.900000000000737e-05
14131,0.015822,0.0013959999999999999,-0.071537,8.100000000000121e-05,0.00014000000000000015,-0.00010799999999999699
19161,-0.014046,-0.006261,-0.076494,-0.00020500000000000032,5.3000000000000096e-05,-0.00012699999999998823
22619,0.001335,-0.003377,-0.073526,-1.8000000000000004e-05,0.00011599999999999978,2.5999999999998247e-05
24645,-0.011977,-0.004079,-0.06332600000000001,-3.5999999999999574e-05,0.00013599999999999984,-0.00025399999999999034
23588,0.002992,0.010599,-0.06579900000000001,1.299999999999999e-05,0.0003159999999999986,-0.00013299999999999423
24676,0.012446,0.004731,-0.074652,-9.799999999999913e-05,6.700000000000022e-05,-0.00013599999999999723
10746,0.007189,0.011803000000000001,-0.07269,-0.0001280000000000005,4.999999999999796e-05,-0.00010499999999999399
17431,-0.007809,0.004202,-0.07004300000000001,0.00020799999999999985,0.00011599999999999978,-6.499999999999562e-05
23611,-0.014747999999999999,-0.007869,-0.070002,0.0001799999999999996,0.00021999999999999884,-0.00015500000000000236
18454,-0.012124000000000001,0.000308,-0.06758,6.000000000000796e-06,0.00021799999999999999,-1.0999999999997123e-05
23556,-0.003326,-0.008621,-0.073285,0.0002040000000000002,0.00023000000000000104,-0.00030899999999998984
23208,0.006556,-0.002477,-0.06662,4.99999999999997e-05,0.00028300000000000027,-0.00027900000000000147
18850,-0.006814,-0.000406,-0.065681,0.00013699999999999997,0.00014,0.00017300000000000648
24565,0.007347,-0.007067,-0.061893000000000004,0.0001349999999999997,0.00010399999999999993,-0.00029099999999999265
9764,0.014099,0.000761,-0.071035,9.799999999999913e-05,9.000000000000002e-05,-6.40000000000085e-05
23419,0.000313,-0.012039999999999999,-0.067823,0.00019999999999999998,0.00013199999999999844,-0.00017200000000000548
22654,-0.010728999999999999,-0.009642,-0.073176,2.599999999999998e-05,0.00019799999999999852,-0.00021099999999998897
23994,-0.014493,-0.011246,-0.07326,-4.9999999999980616e-06,0.00021800000000000118,-5.2999999999997494e-05
21951,0.001605,0.011042,-0.069998,-3.200000000000013e-05,0.00014800000000000056,-7.999999999994123e-06
24488,-0.0030139999999999998,0.010437,-0.065616,-2.5000000000000282e-05,0.000281,-5.500000000001337e-05
23585,0.004205,0.007986,-0.067934,7.200000000000002e-05,0.00024299999999999843,-4.500000000000337e-05
21978,7.7e-05,0.007134000000000001,-0.066047,0.00016999999999999999,0.00018399999999999927,-0.00010699999999999599
24602,-0.006437,-0.00218,-0.061911,2.2000000000000318e-05,0.00013999999999999993,-9.40000000000038e-05
24275,-0.0035,0.002435,-0.07306900000000001,0.00013100000000000004,0.00021399999999999978,-3.699999999998149e-05
24331,0.011917,-0.012981,-0.064457,0.00019199999999999946,0.0001559999999999999,-3.899999999999737e-05
21444,-0.006632,-0.008123,-0.06931999999999999,0.00017700000000000007,0.0002620000000000001,-7.700000000000762e-05
18819,-0.001292,0.007692999999999999,-0.07245099999999999,-7.299999999999993e-05,0.00013200000000000104,-0.00012100000000000999
23072,-0.0073019999999999995,-0.011583999999999999,-0.068448,4.099999999999937e-05,0.00019899999999999952,8.999999999999286e-05
23518,-0.003823,0.010864,-0.06987600000000001,-4.49999999999999e-05,0.0002360000000000001,-8.499999999998786e-05
21161,0.006496,-0.001887,-0.07277,-4.2999999999999636e-05,0.00014100000000000007,-5.5999999999986616e-05
24511,0.005652,-0.002476,-0.073359,-7.399999999999941e-05,0.00017,-7.00000000000145e-05
22661,0.012041,0.00624,-0.075174,-0.00016799999999999975,8.200000000000048e-05,-0.00026400000000000035
12914,0.014317999999999999,0.002428,-0.072384,6.600000000000182e-05,0.00015299999999999992,-0.00014499999999999236
22635,0.008603,-0.012563000000000001,-0.069298,8.200000000000048e-05,7.099999999999988e-05,9.900000000000186e-05
24528,0.011179,0.009622,-0.069455,7.000000000000062e-05,0.00010699999999999946,-0.00014799999999999536
22340,0.008048999999999999,-0.007051999999999999,-0.06547599999999999,7.500000000000215e-05,0.00017599999999999907,-1.5000000000001124e-05
24008,0.008026,0.002598,-0.069914,0.00024399999999999943,0.0002149999999999999,-9.900000000000186e-05
19554,0.007824,-0.012003,-0.066244,0.00021200000000000038,0.00012299999999999985,9.099999999999386e-05
24178,-0.000709,-0.012313000000000001,-0.07391800000000001,0.000129,0.00017200000000000028,4.600000000001825e-05
24283,0.008286,0.002038,-0.061717,0.00020799999999999985,0.0003480000000000002,-0.00018800000000000067
24262,-0.014288,0.007827,-0.070742,0.0001410000000000005,4.4000000000000636e-05,3.599999999999437e-05
24398,-0.002145,-0.007567,-0.076158,0.00011600000000000022,0.00013699999999999997,-0.00013499999999999623
24184,-0.011689999999999999,0.000504,-0.072979,0.00013299999999999944,7.499999999999998e-05,-6.899999999999962e-05
24333,-0.000857,-0.006679999999999999,-0.063469,0.00019099999999999998,0.0002749999999999992,-0.00015199999999999936
12819,-0.006307,0.006113,-0.071383,6.600000000000009e-05,6.699999999999935e-05,-3.699999999999537e-05
24604,-0.009285999999999999,0.004409,-0.057860999999999996,5.4999999999999494e-05,0.00023300000000000057,-0.0001500000000000043
16960,-0.008601000000000001,0.00087,-0.067449,0.000171000000000001,0.00022099999999999995,0.00012099999999999611
23926,-0.008856,0.007333,-0.067232,6.499999999999909e-05,0.00010399999999999993,-2.6999999999999247e-05
24174,-0.000199,-0.003746,-0.06542700000000001,0.00025,0.00019899999999999996,-4.399999999998849e-05
24640,-0.006163,-0.005802,-0.06674,0.00014999999999999996,0.0001940000000000006,0.00010999999999999899
9857,0.004022,0.008741,-0.072289,-7.600000000000055e-05,0.00013199999999999844,-9.199999999999486e-05
22978,-0.004261,0.006611,-0.07056,1.299999999999999e-05,0.00011400000000000039,-0.00011100000000001387
24769,-0.013647,0.007481,-0.074782,-3.200000000000078e-05,5.9000000000000025e-05,7.999999999994123e-06
23207,0.004103,0.009858,-0.065243,8.5e-05,0.0003759999999999996,-4.100000000001325e-05
24776,0.003598,-0.004125,-0.067543,4.8999999999999565e-05,0.00018500000000000027,-0.0002560000000000062
24652,-0.014775,-0.00903,-0.072131,0.00012199999999999885,0.00014299999999999903,-6.699999999999762e-05
24613,-0.009051,-0.009736,-0.059417000000000005,0.00017099999999999928,0.00012799999999999964,-0.00016999999999999654
24686,-0.0038940000000000003,-0.009215,-0.072945,-4.59999999999996e-05,0.00031400000000000004,-0.0001280000000000031
19924,0.009326000000000001,-0.006101,-0.07057899999999999,0.0001899999999999992,7.799999999999994e-05,0.0
22733,0.004176999999999999,-0.0061849999999999995,-0.063882,0.00012400000000000085,0.00020399999999999932,-0.0003399999999999931
24200,-0.005692,0.010746,-0.072401,-0.0001010000000000004,0.00014199999999999977,-0.00010600000000000886
9845,0.015622,-0.0033020000000000002,-0.072726,5.000000000001531e-06,8.80000000000004e-05,-7.500000000000562e-05
23704,0.011354,0.0035529999999999997,-0.062931,0.00018899999999999993,0.0003880000000000003,-0.00020399999999999585
24265,0.013104,0.010465,-0.067255,-9.99999999999994e-05,6.100000000000029e-05,-0.00016200000000000936
22669,0.012035,0.002862,-0.07279000000000001,8.499999999999827e-05,0.0001870000000000001,-0.00014599999999999336
23530,0.007619,-0.010317,-0.064884,0.00010000000000000026,0.00023399999999999983,4.099999999999937e-05
20092,0.0019479999999999999,-0.0032240000000000003,-0.07298600000000001,-6.199999999999999e-05,0.0001550000000000002,0.0
18789,0.010809,0.001285,-0.06620000000000001,8.6000000000001e-05,0.00012600000000000003,-0.00017699999999998273
20807,0.004059999999999999,-0.0045309999999999994,-0.067238,0.00013100000000000004,0.0002989999999999989,-0.00018999999999999573
17183,-0.00047799999999999996,-0.000475,-0.067122,0.00023299999999999997,0.000259,0.00015199999999999936
23206,-0.000424,0.010385,-0.064476,3.1999999999999965e-05,0.00019899999999999952,-6.399999999999462e-05
19195,-0.002943,-0.003935,-0.073676,2.599999999999998e-05,0.00013200000000000017,-1.6999999999989246e-05
23992,0.000776,-0.0028450000000000003,-0.073735,-7.000000000000008e-05,0.00018100000000000017,0.00012399999999998523
22651,-0.007326,-0.006016,-0.065094,0.00017700000000000007,0.0001479999999999997,-0.00016800000000000148
24497,4.2000000000000004e-05,0.0045709999999999995,-0.060722,0.000203,0.00030200000000000105,-0.0002590000000000023
23825,-0.010787000000000001,-0.0043040000000000005,-0.07105800000000001,2.100000000000192e-05,0.00018800000000000067,0.00016200000000000936
24232,-0.009606,0.009503,-0.065165,-2.8000000000000247e-05,9.60000000000006e-05,-7.199999999998874e-05
24687,-0.004986,0.001245,-0.073437,8.399999999999987e-05,0.0001920000000000001,7.599999999999274e-05
24190,-0.006705,0.000657,-0.071644,7.699999999999981e-05,4.899999999999989e-05,2.9000000000001247e-05
23231,0.008622999999999999,-0.005378,-0.07392,-6.999999999999715e-05,9.900000000000013e-05,-0.00011099999999999999
21792,0.008202,0.010968,-0.072431,-0.00013699999999999997,-1.2000000000001593e-05,-0.00017000000000000348
21348,-0.000631,0.008437,-0.072682,-0.00010999999999999996,0.0001749999999999998,-0.0001239999999999991
22791,0.002791,-0.010066,-0.064764,5.9999999999999724e-05,0.00024100000000000163,-0.0002479999999999982
24278,0.008015000000000001,0.0066630000000000005,-0.07126,-8.000000000001062e-06,7.299999999999928e-05,-0.00015199999999999936
13741,0.00863,0.001287,-0.070075,0.00018300000000000087,0.00016299999999999995,-0.00020699999999999885
20098,0.010546,-0.000523,-0.06573999999999999,9.70000000000016e-05,0.00015000000000000001,-0.00010100000000000386
24608,0.001462,0.009708,-0.070598,-4.49999999999999e-05,0.00017099999999999928,-0.00011400000000000299
19530,-0.013908,-0.005082,-0.068875,-2.0000000000002655e-06,0.00019099999999999933,4.400000000000237e-05
17116,0.007632,-0.000978,-0.068669,0.00014500000000000016,0.000272,-0.0001820000000000016
22400,-0.005324,-0.009674,-0.066572,0.0001529999999999995,0.00023500000000000083,-0.00014399999999999136
21713,-0.010329000000000001,0.011176,-0.067454,0.00012000000000000205,0.00010099999999999866,-0.0001300000000000051
23045,-0.00275,-0.003817,-0.07090600000000001,0.00010399999999999993,0.00010099999999999996,-7.999999999994123e-06
19425,-0.006968,-0.0020459999999999996,-0.068251,0.00011900000000000018,0.00024399999999999964,4.800000000000637e-05
18437,-0.011804,0.007746,-0.068971,0.00010999999999999899,-9.000000000000327e-06,1.1000000000011001e-05
16500,0.017919,0.002887,-0.070782,2.999999999999531e-06,0.000134,-7.800000000000862e-05
24590,0.0007740000000000001,0.008442,-0.072629,-3.400000000000007e-05,9.200000000000007e-05,-4.099999999999937e-05
22917,-0.003676,0.009818,-0.07168300000000001,-4.40000000000002e-05,0.00019899999999999952,-3.199999999999037e-05
21957,-0.005171,-0.002047,-0.069428,-7.000000000000062e-06,0.0001740000000000001,-9.699999999999986e-05
19334,0.008845,0.0022040000000000002,-0.067287,0.00011599999999999978,0.00021399999999999978,-0.0002560000000000062
24598,0.016285,0.010724000000000001,-0.072132,-8.299999999999974e-05,7.699999999999894e-05,-7.999999999999674e-05
24240,-0.000102,0.0031030000000000003,-0.06617100000000001,4.4e-05,0.0003669999999999997,-9.999999999871223e-07
19852,-0.005429000000000001,-0.0001,-0.06294,7.700000000000068e-05,0.00022899999999999998,0.00012099999999999611
24492,0.001871,0.007764,-0.068145,3.4999999999999875e-05,0.00027699999999999947,-0.0001270000000000021
23600,0.013935000000000001,-0.0018089999999999998,-0.07139799999999999,6.499999999999909e-05,9.099999999999994e-05,-0.00011000000000001287
19079,-0.003836,-0.002347,-0.06982200000000001,3.899999999999997e-05,0.00013100000000000004,-2.599999999998437e-05
24562,-0.010085,0.002993,-0.075269,8.200000000000048e-05,5.9000000000000025e-05,8.999999999995123e-06
17753,0.013417,0.004477999999999999,-0.073405,4.89999999999987e-05,0.00013200000000000104,-0.00018999999999999573
12758,0.007996,-0.000157,-0.069335,0.00014800000000000056,0.000227,-0.000127000000000016
23827,0.001075,0.001611,-0.070233,0.00010000000000000005,0.000299,0.00011899999999999411
24547,-0.008977,0.0051210000000000006,-0.069407,0.00022000000000000144,0.0001510000000000001,3.199999999999037e-05
20732,0.008659,0.00417,-0.067104,0.00010399999999999993,0.0002649999999999996,-0.00022700000000000498
23552,-0.011801,-0.001867,-0.07382999999999999,-2.9999999999998778e-05,6.0999999999999856e-05,9.999999999996123e-06
24520,0.014884,0.010827,-0.068318,-8.900000000000054e-05,-7.700000000000068e-05,-0.00011999999999999511
23911,0.004599,-0.008832000000000001,-0.06625199999999999,0.0002160000000000009,0.00020100000000000152,-0.00010900000000001187
21350,-0.008596,0.007202,-0.064356,3.7000000000000574e-05,0.00019999999999999966,2.5999999999998247e-05
24306,-0.0035139999999999998,-0.001199,-0.074021,1.399999999999969e-05,0.00016700000000000005,6.60000000000105e-05
20713,-0.003731,-0.0012330000000000002,-0.069935,0.00011599999999999978,0.0001250000000000001,0.0001890000000000086
21665,-0.008316,-0.001188,-0.066538,6.0000000000001025e-05,0.00021500000000000002,2.8000000000000247e-05
24408,0.007809,-0.0015860000000000002,-0.069612,0.00021799999999999944,0.0002800000000000001,-0.00015400000000001524
23940,0.010664,-0.004697,-0.065374,7.900000000000094e-05,9.900000000000013e-05,5.8000000000002494e-05
24381,-0.014278,-0.003548,-0.066605,5.6000000000000494e-05,0.0002850000000000001,4.499999999998949e-05
15103,0.005412,0.002748,-0.070035,9.900000000000013e-05,0.000291,-0.00018799999999999373
20748,0.015825,0.008282,-0.06929300000000001,2.999999999999531e-06,0.00015500000000000062,-0.00012999999999999123
22383,-0.0024249999999999996,-0.007174000000000001,-0.064053,0.00023399999999999983,0.00024300000000000103,-6.899999999999962e-05
23221,0.001596,-0.006902,-0.06422499999999999,0.0001200000000000001,0.00018599999999999953,-0.00027699999999999947
22321,0.007274,-0.004372,-0.069635,0.00012399999999999998,6.600000000000009e-05,-0.0001840000000000036
20960,-0.008263,0.00958,-0.069966,6.899999999999788e-05,0.00016799999999999975,-0.00010399999999999299
23852,-0.007746,-0.0064800000000000005,-0.071863,0.00021500000000000078,0.00023000000000000017,-0.00016500000000001236
23839,0.006764,-0.001653,-0.0659,1.899999999999992e-05,0.0002819999999999999,-0.0003019999999999967
24504,-0.008754,0.010237999999999999,-0.068613,8.700000000000027e-05,0.00012000000000000205,-0.00018000000000001348
23546,0.012308999999999999,-0.0033039999999999996,-0.068691,-6.599999999999835e-05,8.399999999999944e-05,-0.00014699999999999436
23836,-0.0024300000000000003,-0.010339000000000001,-0.063994,0.00012800000000000008,0.00015900000000000115,-0.00011400000000000299
20149,-0.0059169999999999995,0.00557,-0.068413,2.799999999999938e-05,0.00020599999999999959,-4.300000000000137e-05
16248,0.006445,0.00711,-0.074852,-0.00011800000000000005,-1.000000000000046e-05,-0.00010799999999999699
18076,-0.008401,0.006313,-0.07119400000000001,0.00016400000000000095,5.800000000000076e-05,-0.00016099999999999448
18073,-0.002816,0.001673,-0.066079,0.0001380000000000001,0.0003479999999999998,0.00014299999999999036
23614,0.012154,-0.00023400000000000002,-0.07303,-3.500000000000031e-05,4.000000000000016e-06,-9.900000000000186e-05
22923,0.001321,0.0019850000000000002,-0.06606999999999999,9.200000000000007e-05,0.00031099999999999964,2.099999999997937e-05
23584,0.003521,0.006632,-0.065192,0.0002000000000000001,0.00031899999999999984,-8.999999999999286e-05
13640,0.014858,0.009629,-0.072368,4.5000000000001636e-05,9.49999999999996e-05,-0.00015300000000000036
24552,0.006109,0.00449,-0.071273,9.000000000000327e-06,9.900000000000013e-05,-5.4999999999999494e-05
24373,-0.015816,0.000465,-0.07184499999999999,5.7000000000001494e-05,0.00022999999999999995,-0.0001270000000000021
19423,-0.006212,0.007906,-0.063573,5.099999999999983e-05,0.00023400000000000157,-6.299999999999362e-05
19509,0.006621,-0.008291999999999999,-0.064519,4.6000000000000034e-05,0.00012999999999999817,-0.00011199999999998711
18177,0.009299,-0.002541,-0.071372,-7.400000000000115e-05,0.00015299999999999992,-8.199999999998486e-05
20992,0.008827,0.005579,-0.065414,5.699999999999976e-05,0.00011100000000000085,7.200000000000262e-05
23860,-0.012976000000000001,0.00958,-0.070951,9.500000000000133e-05,6.600000000000009e-05,-3.299999999999137e-05
24224,-0.001147,0.009816,-0.074053,-5.9000000000000025e-05,7.700000000000068e-05,-0.00010800000000001087
21390,0.004041,-0.000342,-0.066868,5.099999999999896e-05,0.000277,-0.00016700000000000048
19432,-0.00597,-0.004029,-0.067081,9.30000000000002e-05,0.0002369999999999998,-0.00012199999999999711
23608,0.006945000000000001,-0.0030859999999999998,-0.07176600000000001,1.0999999999999725e-05,0.00015499999999999976,-9.999999999998899e-05
19825,-0.00092,0.001786,-0.06847400000000001,8.800000000000008e-05,0.000286,0.00010699999999999599
24490,-0.010797000000000001,0.004933,-0.06677200000000001,0.00018800000000000067,0.00026900000000000014,-1.2999999999985246e-05
17846,-0.007213,-0.004399,-0.067539,5.299999999999923e-05,0.00020600000000000045,-6.899999999999962e-05
19419,-0.0077599999999999995,-0.001366,-0.067184,8.799999999999954e-05,0.000152,9.299999999999586e-05
22298,-0.014103,-0.001524,-0.06853000000000001,-8.000000000001062e-06,0.000294,-4.099999999998549e-05
19259,0.0034860000000000004,0.002165,-0.06937,3.5999999999999574e-05,0.00020900000000000042,-0.0002279999999999921
24606,0.014506,0.001038,-0.06697199999999999,3.300000000000004e-05,0.00019500000000000008,-3.1000000000017125e-05
21977,7.4e-05,-0.000457,-0.063816,0.00015700000000000002,0.000241,6.299999999999362e-05
24620,-0.001443,-0.012771000000000001,-0.06970799999999999,0.00016299999999999995,0.00013300000000000117,-0.00027100000000000735
19911,0.008704,-0.009498,-0.065259,0.00012000000000000031,0.00021200000000000038,0.00020699999999998497
14468,-0.009103,-0.001913,-0.06656000000000001,3.500000000000031e-05,0.00015099999999999988,8.000000000008e-06
16935,0.004664,-0.004269,-0.069911,0.00015800000000000015,0.00029299999999999986,-8.099999999999774e-05
21668,0.008915,-0.004307,-0.06676,9.60000000000006e-05,9.200000000000007e-05,-1.0999999999997123e-05
11113,0.001639,0.0008269999999999999,-0.071259,-5.400000000000001e-05,0.0002310000000000002,-5.200000000001037e-05
23577,0.008257,-0.002435,-0.072468,-3.300000000000004e-05,0.00015400000000000006,-7.399999999999074e-05
21776,0.007897,0.005732999999999999,-0.067461,0.00016799999999999975,0.0002930000000000007,-0.00014500000000000624
21769,0.015772,0.00564,-0.067845,1.1999999999998123e-05,0.00013699999999999997,-9.800000000000086e-05
21375,-0.0035310000000000003,0.004744,-0.06749,8.099999999999991e-05,0.0002620000000000001,2.4999999999997247e-05
21371,0.009231,-0.010973,-0.06756699999999999,0.00021700000000000018,0.0001520000000000011,3.399999999999237e-05
15813,0.008565,0.007111,-0.069095,6.399999999999982e-05,0.00012499999999999924,-0.00015500000000000236
16469,0.002469,0.006981,-0.07081399999999999,1.1999999999999858e-05,0.00011099999999999912,-0.0001310000000000061
17466,-0.011715999999999999,0.005165,-0.066365,0.00010799999999999872,0.00024099999999999903,6.599999999998274e-05
23962,-0.003913,-0.009420999999999999,-0.06844599999999999,0.00023199999999999957,0.0002589999999999988,-0.00021500000000000685
17124,0.009089,0.010345,-0.06773900000000001,-0.00013199999999999844,3.300000000000004e-05,-1.3999999999986246e-05
21656,-0.0026720000000000003,0.003503,-0.066203,-2.9999999999999645e-05,0.00028499999999999966,0.0
24258,-0.010689,-0.009538,-0.061049,0.00012800000000000138,-1.600000000000039e-05,-0.00018900000000000167
22817,0.005896,0.004613000000000001,-0.065233,0.0001399999999999995,0.0002619999999999992,-0.00014399999999999136
10157,0.002922,-0.004953,-0.07382899999999999,-1.0000000000000026e-05,0.00019399999999999973,-7.900000000000962e-05
22010,0.0008259999999999999,-0.006532,-0.069316,8.90000000000001e-05,0.00018400000000000014,-0.00022099999999999898
20709,0.004537,-0.001492,-0.06585099999999999,7.799999999999994e-05,0.00026099999999999995,-0.00019900000000000473
17489,0.007907,-0.005948999999999999,-0.066704,2.9999999999998778e-05,0.00013299999999999944,-0.00014899999999999636
24491,0.009869,-0.002779,-0.07106,-5.099999999999896e-05,0.00016199999999999982,-2.0000000000006124e-05
9772,0.014228,-0.000522,-0.07092100000000001,5.10000000000007e-05,4.3000000000000015e-05,-5.5999999999986616e-05
22799,-0.0034159999999999998,-0.009547,-0.067202,0.00019599999999999956,0.0002520000000000005,-0.0001880000000000076
24541,-0.010506,-0.006764,-0.07230800000000001,8.299999999999974e-05,0.00029799999999999965,-0.00012099999999999611
17123,0.011970000000000001,0.005883,-0.067713,-3.0000000000012655e-06,0.00012600000000000024,-4.200000000000037e-05
21412,-0.004744,0.001544,-0.06813899999999999,4.5999999999999167e-05,0.0001870000000000001,6.599999999999662e-05
20723,0.009518,0.002954,-0.064765,8.799999999999954e-05,0.00027400000000000037,-0.00028700000000000947
15121,0.003933,0.001553,-0.067643,6.200000000000042e-05,0.000322,-0.00014300000000000423
24195,-0.005441,-0.011462,-0.072254,9.49999999999996e-05,0.00027099999999999867,7.399999999999074e-05
23520,-0.011159,0.002797,-0.071772,0.0001310000000000009,7.600000000000011e-05,-2.2999999999995246e-05
20570,0.007327,-0.012401,-0.070179,0.00016500000000000022,4.800000000000117e-05,0.0001310000000000061
16139,-0.002291,0.003722,-0.069975,7.600000000000011e-05,0.00017799999999999977,5.9999999999990616e-05
22096,-0.013967,-0.00047099999999999996,-0.0701,0.00019000000000000093,9.899999999999997e-05,-0.00014000000000000123
17102,-0.001955,-0.00361,-0.07164100000000001,0.0001380000000000001,0.0003009999999999996,2.0000000000020002e-05
22358,0.0032029999999999997,-0.008706,-0.065649,0.00020000000000000052,0.000196,-0.00028700000000000947
15880,-0.00646,-0.00661,-0.069563,0.00018799999999999893,0.00021000000000000012,-6.999999999993123e-06
