Particle,x,y,z,Vx,Vy,Vz
10371,0.008032,0.008924,-0.06911400000000001,0.0,0.0,0.0
19749,-0.008395,0.00526,-0.06302300000000001,0.0,0.0,0.0
20185,0.005462,-0.005889999999999999,-0.077684,0.0,0.0,0.0
9697,0.000617,0.005632,-0.071233,0.0,0.0,0.0
16236,-0.006659,0.011389,-0.06674200000000001,0.0,0.0,0.0
18919,-0.008815,-0.001769,-0.067467,0.0,0.0,0.0
19829,-0.007064,0.010319,-0.060153,0.0,0.0,0.0
19759,-0.003611,-0.011869,-0.073176,0.0,0.0,0.0
19837,-0.003518,0.008054,-0.068725,0.0,0.0,0.0
19550,-0.013859,0.012754,-0.06725400000000001,0.0,0.0,0.0
19427,0.006606,-0.004326,-0.07295399999999999,0.0,0.0,0.0
14760,-0.008638999999999999,-0.001456,-0.067661,0.0,0.0,0.0
20211,0.000713,-0.005312,-0.060936,0.0,0.0,0.0
19781,0.0044610000000000006,-0.011680999999999999,-0.063995,0.0,0.0,0.0
19552,-0.013106,0.01151,-0.066408,0.0,0.0,0.0
19504,-0.007995,0.000521,-0.07156799999999999,0.0,0.0,0.0
15125,0.010009,0.0069370000000000005,-0.063808,0.0,0.0,0.0
9956,0.00040300000000000004,0.003403,-0.071142,0.0,0.0,0.0
20169,0.016334,-0.009644,-0.074906,0.0,0.0,0.0
9206,0.010215,0.01072,-0.07323099999999999,0.0,0.0,0.0
20196,0.00041999999999999996,0.009796,-0.06971,0.0,0.0,0.0
19768,-0.006876,-0.005093,-0.064107,0.0,0.0,0.0
14453,-0.006259000000000001,-0.005098,-0.066437,0.0,0.0,0.0
19157,-0.0022789999999999998,0.006006,-0.06216,0.0,0.0,0.0
17821,0.0026880000000000003,0.011876,-0.064834,0.0,0.0,0.0
18868,-0.00617,0.00327,-0.069368,0.0,0.0,0.0
19754,0.003221,0.007898,-0.075188,0.0,0.0,0.0
19875,-0.0037930000000000004,0.006785,-0.06031,0.0,0.0,0.0
19159,0.010678,0.0026829999999999996,-0.07666200000000001,0.0,0.0,0.0
19803,-0.002936,-0.000587,-0.066054,0.0,0.0,0.0
20183,0.010565,-0.011248,-0.064558,0.0,0.0,0.0
20173,-0.008936999999999999,-0.000885,-0.062891,0.0,0.0,0.0
19153,-0.010212,0.011801,-0.063104,0.0,0.0,0.0
20097,0.006586000000000001,0.004658000000000001,-0.077027,0.0,0.0,0.0
19228,-0.001463,-0.010169000000000001,-0.074817,0.0,0.0,0.0
20118,-0.013336,0.001581,-0.07670099999999999,0.0,0.0,0.0
19585,0.016068000000000002,0.007359,-0.069071,0.0,0.0,0.0
20254,-0.0071849999999999995,-0.00109,-0.077691,0.0,0.0,0.0
20107,0.009407,-0.004526,-0.06228499999999999,0.0,0.0,0.0
20003,0.005751,0.003832,-0.061927,0.0,0.0,0.0
19352,0.015272,-0.007567999999999999,-0.063395,0.0,0.0,0.0
18806,-0.001841,-0.004841,-0.07206699999999999,0.0,0.0,0.0
17613,0.0068920000000000006,-0.011199,-0.06556699999999999,0.0,0.0,0.0
18754,0.009304999999999999,0.00182,-0.074174,0.0,0.0,0.0
20247,0.013460000000000001,-0.010679000000000001,-0.06361,0.0,0.0,0.0
20365,0.010856999999999999,-0.006739,-0.06654,0.0,0.0,0.0
18497,0.001664,-0.004894999999999999,-0.07270900000000001,0.0,0.0,0.0
17924,0.0042569999999999995,-0.010901,-0.071644,0.0,0.0,0.0
20101,0.013166,-0.003779,-0.07541800000000001,0.0,0.0,0.0
19709,0.006637,-0.01078,-0.068262,0.0,0.0,0.0
20117,0.013859,0.004073,-0.075711,0.0,0.0,0.0
18468,0.000745,-0.00728,-0.065042,0.0,0.0,0.0
17065,0.014237,0.005195,-0.064439,0.0,0.0,0.0
15447,-0.006714,0.002941,-0.069378,0.0,0.0,0.0
16866,0.001264,-0.000638,-0.070388,0.0,0.0,0.0
20210,-0.012316,0.001893,-0.071493,0.0,0.0,0.0
20223,-0.008704,0.00042699999999999997,-0.076736,0.0,0.0,0.0
20228,-0.00424,-0.00725,-0.06411,0.0,0.0,0.0
16364,-0.005781,0.009979,-0.06723,0.0,0.0,0.0
18478,-0.007415,0.008435,-0.06776,0.0,0.0,0.0
20252,-0.000501,0.00542,-0.075669,0.0,0.0,0.0
19800,0.004281,0.010573,-0.060338,0.0,0.0,0.0
20041,0.004659,-0.010405,-0.07248,0.0,0.0,0.0
20327,-0.012192,0.0054989999999999995,-0.06421500000000001,0.0,0.0,0.0
20346,0.0072759999999999995,-0.006907,-0.072408,0.0,0.0,0.0
20383,-0.0062039999999999994,0.004190999999999999,-0.075363,0.0,0.0,0.0
19502,0.000665,0.009904999999999999,-0.060281,0.0,0.0,0.0
18261,-0.008743,0.005981,-0.06468,0.0,0.0,0.0
19690,0.007392,-0.006381,-0.07475799999999999,0.0,0.0,0.0
9901,0.010009,0.0074459999999999995,-0.073667,0.0,0.0,0.0
9673,0.0018839999999999998,0.0076029999999999995,-0.06952,-2.29999999999998e-05,0.0001490000000000007,-1.1999999999998123e-05
20192,-0.012662000000000001,0.009323,-0.076124,-4.999999999999796e-05,1.799999999999892e-05,-0.00010799999999999699
16216,-0.008872999999999999,0.004998,-0.06522599999999999,-9.000000000000327e-06,0.00018199999999999987,0.0002920000000000006
10783,0.0077350000000000006,0.0040279999999999995,-0.065428,0.00012700000000000038,0.00019200000000000033,-0.00010500000000000786
19416,0.002569,0.003981,-0.065665,7.399999999999985e-05,0.00019899999999999952,-4.799999999999249e-05
19828,-0.004662,-0.005898,-0.07114,0.00016099999999999969,0.00027699999999999947,-0.00019800000000000373
10740,0.011763,0.00126,-0.07143000000000001,-2.999999999999531e-06,9.299999999999998e-05,-9.499999999999786e-05
19090,-0.006218,0.011316000000000001,-0.063573,-0.00012200000000000058,0.00020999999999999838,-8.199999999999874e-05
20682,0.013503,-0.005464,-0.072479,-2.999999999999531e-06,6.100000000000029e-05,3.100000000000325e-05
20257,0.002314,0.00805,-0.076974,-1.9000000000000353e-05,-7.999999999999327e-06,-0.00011399999999998911
19084,0.00268,0.010650999999999999,-0.07398300000000001,-0.00013999999999999993,9.800000000000086e-05,-0.00013499999999998236
19804,0.014725,0.002805,-0.06361800000000001,7.200000000000088e-05,0.0002159999999999996,-4.299999999998749e-05
15925,0.012313000000000001,0.001485,-0.06416200000000001,0.00017,0.00020699999999999994,-2.899999999998737e-05
20448,-0.006086,-0.009250999999999999,-0.075917,-2.799999999999938e-05,2.7999999999998512e-05,3.0000000000030003e-06
19817,0.004529,0.004627,-0.072265,-1.4000000000000123e-05,6.200000000000042e-05,-0.0001779999999999976
18459,-0.002489,0.005719,-0.069788,-5.000000000000013e-05,0.00016500000000000022,-0.00013799999999999923
18669,0.009246,0.0036309999999999997,-0.065342,8.099999999999948e-05,0.00010800000000000002,6.799999999999862e-05
20110,-0.014726000000000001,-0.004356,-0.077097,5.000000000000143e-05,0.00015099999999999923,-0.00020299999999999485
20156,-0.009134999999999999,-0.012393000000000001,-0.063679,5.7999999999999025e-05,8.000000000001062e-06,-0.0001830000000000026
18852,-0.008699,-0.011238,-0.067601,0.00014800000000000056,0.0001799999999999996,-4.600000000000437e-05
19865,-0.001353,0.008796,-0.060279000000000006,-5.400000000000001e-05,0.0002570000000000003,-0.00016199999999999548
20408,0.010088,-0.011358,-0.06675199999999999,0.00018300000000000087,5.9000000000000025e-05,8.999999999995123e-06
18510,-0.0034100000000000003,0.003581,-0.071754,2.7000000000000114e-05,0.00022600000000000007,-4.200000000001425e-05
19876,0.001278,0.011212999999999999,-0.062147,-6.900000000000005e-05,0.00022699999999999977,-7.800000000000168e-05
19428,0.01532,0.009734,-0.069018,0.0,-0.00013099999999999917,-0.00021800000000000985
18463,-0.013382,-0.000453,-0.071014,0.00010699999999999946,7.6e-05,-0.00015800000000000536
20225,0.013233,0.013162,-0.06452,4.900000000000043e-05,0.00021099999999999938,-0.0003080000000000027
20438,-0.009571,-0.009493,-0.066221,0.00032699999999999917,0.0001910000000000002,-3.200000000000425e-05
19675,-0.013670999999999999,0.011706,-0.068319,-7.399999999999941e-05,2.999999999999531e-06,0.00011800000000000699
19145,0.01746,0.009015,-0.07001099999999999,-2.999999999999531e-06,7.000000000000062e-05,-8.100000000001162e-05
20603,-0.0037040000000000003,0.005633,-0.065518,7.400000000000028e-05,0.0003019999999999993,3.0000000000002247e-05
19188,-0.010375,-0.009151999999999999,-0.063479,0.00014600000000000203,3.099999999999804e-05,-0.00011100000000001387
20673,0.012971,-0.006056,-0.07403900000000001,-2.199999999999945e-05,5.4999999999999494e-05,0.00016000000000000736
19780,-0.0039169999999999995,0.011968999999999999,-0.063604,-0.00010700000000000032,0.00023300000000000057,-7.200000000000262e-05
18565,0.00996,0.011654999999999999,-0.070366,-0.00015999999999999868,-6.799999999999862e-05,-0.00019900000000000473
19801,0.00519,0.011122,-0.074009,-0.0002620000000000001,0.00010199999999999966,-7.599999999999274e-05
20395,-0.008966,0.002921,-0.060901000000000004,-1.1000000000000593e-05,0.00022199999999999998,5.400000000000543e-05
19383,0.013094,-0.0059299999999999995,-0.060952,0.0002520000000000005,0.0002889999999999993,-6.500000000000256e-05
18530,0.017609000000000003,-0.006486,-0.07099,-2.2000000000004655e-05,0.00012299999999999898,-6.0000000000004494e-05
19315,-0.007233,0.00737,-0.068423,2.1000000000000185e-05,0.0001929999999999996,-6.799999999999862e-05
18118,-0.007001,0.010773,-0.07786499999999999,-4.99999999999997e-05,9.299999999999933e-05,-8.299999999999974e-05
20253,0.003398,-0.0037,-0.06456,7.099999999999988e-05,0.0002750000000000005,-8.599999999998886e-05
20004,0.014443,-0.004912,-0.076179,-7.300000000000015e-05,0.00011499999999999965,-7.500000000000562e-05
20431,0.006274,0.002448,-0.075077,1.299999999999999e-05,-4.6000000000000034e-05,-0.00013899999999998636
19520,-0.0017909999999999998,-0.00257,-0.063921,0.0002469999999999998,0.0002669999999999999,-0.00016099999999999448
18782,0.017402,0.007404,-0.071737,-2.000000000002e-06,3.799999999999984e-05,-0.00026299999999999935
20440,0.013349999999999999,-0.00662,-0.070485,-3.3999999999997574e-05,6.700000000000022e-05,0.0001350000000000101
20459,-0.003156,-0.00313,-0.071089,7.900000000000008e-05,0.00014500000000000016,0.0001250000000000001
18278,0.012021,-0.010388,-0.07472799999999999,-0.0002260000000000005,0.00022699999999999977,0.00018699999999999273
13848,-0.001963,-0.009943,-0.06826,0.00012899999999999977,0.00022199999999999998,-0.00021199999999998997
19966,-0.00647,0.007935,-0.06798699999999999,2.599999999999998e-05,0.00011399999999999952,-0.00020600000000001173
20602,0.005198,-0.007724,-0.052046,6.299999999999969e-05,9.299999999999933e-05,2.4000000000003185e-05
20625,0.012386,-0.009061999999999999,-0.068789,2.300000000000045e-05,0.00014400000000000003,2.6999999999999247e-05
20632,0.005551,-0.002235,-0.073109,-3.199999999999991e-05,6.800000000000035e-05,-9.800000000000086e-05
19933,-0.002836,0.0059299999999999995,-0.075693,-0.00012300000000000028,3.699999999999971e-05,-0.00028400000000000647
16143,0.001967,0.0099,-0.071373,-0.000129,3.699999999999884e-05,-0.00015299999999998648
19143,0.008386,0.007948,-0.063801,8.6000000000001e-05,0.00016600000000000122,-7.000000000000062e-05
11803,-0.0020870000000000003,0.010833,-0.068215,-0.00010299999999999979,0.00019099999999999846,0.00012100000000000999
18773,-0.007916000000000001,-0.008136,-0.07528499999999999,8.6000000000001e-05,0.00023099999999999857,-0.00023900000000001698
19948,0.010869,0.00895,-0.062483,5.9000000000000025e-05,0.0002620000000000001,9.20000000000018e-05
19755,-0.004730000000000001,0.011946,-0.072608,-9.599999999999886e-05,0.00022699999999999977,-1.5999999999988246e-05
17115,-0.001517,0.011649,-0.07023399999999999,-0.00019900000000000018,4.300000000000137e-05,-0.00010700000000000986
19413,-0.01139,0.010308999999999999,-0.06633,6.600000000000182e-05,6.100000000000029e-05,-7.500000000000562e-05
20506,0.001838,-0.011550000000000001,-0.061928,5.999999999999994e-05,0.0002540000000000025,-0.0001840000000000036
19799,-0.007833999999999999,-0.000616,-0.065333,9.39999999999986e-05,0.00015999999999999999,0.00022900000000000698
20783,-0.009877,0.000633,-0.077128,0.00011500000000000052,-9.699999999999997e-05,-5.099999999999549e-05
19513,0.010452999999999999,-0.01265,-0.070029,0.00012300000000000158,-5.800000000000076e-05,-8.200000000001262e-05
20088,-0.013856,0.008974,-0.070866,2.3999999999999716e-05,-9.999999999992654e-07,2.3999999999996247e-05
20393,-0.006637,-0.010834,-0.072509,-3.300000000000004e-05,0.00017900000000000034,-0.0002349999999999991
20415,0.004404,-0.006897,-0.06983299999999999,0.00027999999999999987,0.00029100000000000046,5.4999999999985616e-05
20113,-0.013861,-0.010538,-0.070987,0.0003099999999999995,0.0001460000000000003,-9.300000000000974e-05
20397,-0.003815,-0.008990999999999999,-0.076959,2.3999999999999716e-05,6.0999999999998555e-05,-9.000000000000674e-05
19893,-0.008641,-0.0019399999999999999,-0.061964,6.300000000000056e-05,0.00023799999999999993,6.899999999999268e-05
20449,-0.011105,-0.006695,-0.06494,0.0001410000000000005,0.00020400000000000106,7.699999999999374e-05
20746,-0.010045,0.004605000000000001,-0.069187,0.00017299999999999954,3.5999999999999574e-05,-0.00010100000000000386
18122,-0.0021000000000000003,-0.006078999999999999,-0.066437,0.00021000000000000033,0.00018899999999999993,-7.600000000000662e-05
16284,-0.015021000000000001,0.00704,-0.07481,-0.00015799999999999842,7.499999999999955e-05,-6.0000000000060005e-06
20793,-0.014974,0.004798,-0.069007,9.999999999999593e-06,-4.700000000000017e-05,-5.9999999999990616e-05
18179,-0.006039,0.007847,-0.07459600000000001,-3.099999999999978e-05,0.00011500000000000052,-0.00019299999999999873
19112,0.013789,-0.002774,-0.066054,2.9000000000001247e-05,0.00015499999999999976,-3.300000000000525e-05
20971,0.008366,-0.002395,-0.056788,0.00019199999999999946,0.00022900000000000004,-0.00018900000000000167
20941,-0.0012900000000000001,-0.00065,-0.07740699999999999,3.4000000000000176e-05,6.000000000000005e-05,0.00012399999999998523
19431,0.0013779999999999999,-0.002882,-0.063851,0.00015700000000000002,0.0002989999999999998,-8.400000000000074e-05
19758,0.005871,-0.011476,-0.07416299999999999,0.00011099999999999999,1.0000000000001327e-05,-2.2000000000008124e-05
20840,0.016492999999999997,0.009096,-0.068152,0.00011700000000000252,-6.0000000000001025e-05,-0.00025999999999999635
19081,-0.0009469999999999999,0.0077,-0.063488,4.899999999999989e-05,0.00022900000000000004,-8.199999999999874e-05
19835,-0.005885,-0.006234,-0.071196,7.500000000000041e-05,0.0003019999999999993,-3.700000000000925e-05
17007,0.009303,-0.00746,-0.065645,0.00021799999999999944,9.400000000000033e-05,0.00011799999999999311
20489,-0.006467,-0.004526,-0.060731,8.000000000000021e-05,0.00012000000000000031,-0.00010000000000000286
20839,-0.001434,0.004107,-0.062001,0.00021600000000000005,0.00033399999999999923,7.399999999999768e-05
20283,-0.011101000000000001,-0.011512,-0.061553,-2.4999999999997247e-05,0.00016699999999999875,-0.00010999999999999899
20494,0.008614,0.011497,-0.06423699999999999,-0.00012000000000000031,0.00018699999999999967,-0.00015000000000001124
20726,-0.012534,-0.000618,-0.07513500000000001,7.100000000000162e-05,3.700000000000003e-05,-5.6999999999987616e-05
19441,-6.4e-05,-0.00886,-0.060938,0.00014199999999999998,0.0001470000000000013,-0.00024500000000000216
20847,-0.014118,0.007684,-0.07157899999999999,-6.899999999999962e-05,5.199999999999996e-05,9.999999999982245e-06
20485,-0.0006820000000000001,0.009184,-0.064348,5.100000000000005e-05,0.0002970000000000004,-7.000000000007001e-06
19827,0.000603,0.001747,-0.061998,8.799999999999997e-05,0.00018000000000000004,-0.00011200000000000099
18707,0.0052190000000000005,0.0019399999999999999,-0.06625700000000001,0.00026299999999999935,0.000343,-0.00014000000000000123
20100,0.0030659999999999997,-0.012202999999999999,-0.066476,0.00017800000000000064,3.4999999999998574e-05,8.999999999995123e-06
16936,0.013068,0.010797000000000001,-0.07106399999999999,-0.00014299999999999903,3.5999999999999574e-05,-0.00023300000000001098
20744,-0.012679000000000001,0.012563000000000001,-0.071955,-6.599999999999835e-05,-4.900000000000217e-05,-6.399999999999462e-05
20905,0.011945,0.007657,-0.062424999999999994,-2.000000000002e-06,0.0003030000000000003,8.999999999995123e-06
19445,0.013461,-0.0031509999999999997,-0.065596,9.799999999999913e-05,0.0001389999999999998,0.00010100000000000386
20109,-0.013549,0.002006,-0.066443,4.999999999999796e-06,0.00025299999999999975,0.00014600000000000724
20769,0.0030310000000000003,-0.012164999999999999,-0.070476,0.00020399999999999975,0.00010699999999999946,0.00023699999999998722
20419,-0.002559,-0.005774,-0.062436,0.00011699999999999992,0.0002919999999999997,-0.00012799999999999617
19782,-0.003995,-0.004212,-0.063198,0.00011400000000000039,0.00033199999999999983,-0.0001789999999999986
20486,0.015122,-0.006418,-0.06601,0.00016700000000000048,0.00016199999999999982,-6.599999999999662e-05
19478,0.013278,0.007356,-0.064343,-3.799999999999984e-05,0.00020000000000000052,-9.000000000009e-06
20918,0.009672,0.00213,-0.07757299999999999,-9.400000000000033e-05,6.0999999999999856e-05,-0.00011500000000001787
15224,-0.001393,0.008352,-0.073159,-5.100000000000005e-05,0.00014899999999999983,-0.00013699999999999823
20544,0.015794,-0.009587,-0.066232,0.00019800000000000026,0.00010099999999999866,1.6999999999989246e-05
10415,0.005443,0.011500999999999999,-0.070728,-0.00014399999999999916,0.00011100000000000172,-0.00014200000000000323
15102,0.006968,-0.005647999999999999,-0.065679,0.00019200000000000033,0.00013399999999999957,-0.00020399999999999585
20549,0.015902,-0.003175,-0.062037999999999996,0.00015000000000000083,0.0002149999999999999,-4.500000000000337e-05
20762,-0.013356999999999999,-0.00833,-0.075657,-0.00012900000000000238,6.100000000000029e-05,-7.000000000000062e-05
20869,0.008081,-0.006826,-0.059770000000000004,0.00017,0.000194999999999999,-0.0002549999999999983
19475,0.000502,-0.011667,-0.07102599999999999,0.00022100000000000006,0.00012599999999999938,-0.00027200000000000835
20720,-0.0040030000000000005,-0.012138999999999999,-0.062808,8.200000000000048e-05,0.00013999999999999777,-8.899999999999186e-05
20385,-0.000195,-0.001451,-0.066181,0.000166,0.0002930000000000001,-4.000000000004e-06
20085,-0.008503,-0.008967000000000001,-0.06695699999999999,0.00024399999999999943,0.00027800000000000047,3.499999999999337e-05
20464,-0.008088,0.007329,-0.073811,-3.7000000000000574e-05,5.3000000000000096e-05,-5.099999999999549e-05
9670,0.004737,0.009858,-0.071827,-0.00011200000000000012,0.00011200000000000099,-9.599999999999886e-05
20736,-0.006898,-0.005726,-0.076309,4.19999999999995e-05,0.00020500000000000032,-4.000000000004e-06
13591,0.014667999999999999,0.002536,-0.06968099999999999,7.900000000000094e-05,0.00017299999999999998,-0.00014799999999999536
12283,0.011167999999999999,0.010906,-0.070194,-0.00016599999999999775,4.2999999999999636e-05,-0.00013499999999998236
20437,-0.000265,0.0059960000000000005,-0.063099,4.7000000000000004e-05,0.0002500000000000002,-0.00013499999999999623
20755,0.0032930000000000004,-0.01244,-0.067425,0.00020399999999999932,0.00015299999999999862,0.0004159999999999997
20136,-0.0032280000000000004,0.0005909999999999999,-0.06729399999999999,7.500000000000041e-05,0.000232,4.399999999998849e-05
18452,-0.013401999999999999,0.002359,-0.067305,-2.999999999999531e-06,0.00028799999999999963,-1.4000000000000123e-05
20561,-0.007584,-0.012679000000000001,-0.065068,0.00017099999999999928,0.00021300000000000138,-0.00016599999999999948
19582,0.000455,0.002548,-0.059723,0.00022500000000000005,0.0003440000000000001,-0.00016400000000000442
17168,-0.008327999999999999,0.008577,-0.073113,-0.00012000000000000205,0.00011400000000000125,-0.00015900000000000636
20851,-0.005671000000000001,0.002978,-0.061927,4.900000000000043e-05,0.00024799999999999996,-0.00037099999999999633
19812,0.007709,0.007346,-0.066011,3.400000000000104e-05,0.00013400000000000044,-7.799999999999474e-05
20894,8.999999999999999e-06,-0.000842,-0.06263,0.000212,0.0003079999999999999,-0.00016399999999999748
20912,-0.013645,-0.009048,-0.065916,0.00026799999999999914,0.00024900000000000096,0.0005420000000000008
20270,0.014688000000000001,-0.009321,-0.064243,0.0002549999999999983,7.199999999999915e-05,-0.00011800000000000699
20587,-0.006836,0.011551,-0.076486,-0.00011599999999999978,0.00010800000000000046,-0.00012200000000001099
20934,-0.004854,-0.007654,-0.060075,0.00032399999999999964,8.6000000000001e-05,0.0004670000000000091
20610,0.019164,0.0069630000000000004,-0.07371599999999999,-1.1000000000000593e-05,-3.899999999999997e-05,-0.00021800000000000985
20134,-0.0035870000000000003,-0.000804,-0.059726999999999995,6.000000000000016e-05,0.000295,-0.00022100000000000591
18190,-0.007162,0.0026230000000000003,-0.062049,1.0000000000001327e-06,0.00019199999999999946,3.9999999999970615e-06
19139,0.016083,-0.0077670000000000005,-0.072161,1.9000000000001654e-05,0.00010500000000000093,-1.2999999999999123e-05
10005,0.015257999999999999,0.003813,-0.06687399999999999,6.0000000000001025e-05,0.00017199999999999984,-8.600000000000274e-05
18088,-0.003812,0.00266,-0.06906100000000001,5.899999999999959e-05,9.30000000000002e-05,-0.00011399999999998911
18616,0.01486,-0.010362,-0.066886,0.00019399999999999973,5.300000000000096e-05,-2.1999999999994246e-05
16480,-0.004624,0.000376,-0.067566,9.999999999999593e-06,0.00025500000000000007,7.699999999999374e-05
17483,0.002337,0.009953,-0.070133,-9.000000000000024e-05,2.499999999999898e-05,1.8999999999991246e-05
20091,0.008725,-0.003313,-0.06930700000000001,0.0002420000000000009,0.0001969999999999997,-6.599999999999662e-05
20466,-0.008289999999999999,0.011585000000000002,-0.07444100000000001,6.299999999999882e-05,0.00016299999999999822,-2.0999999999993246e-05
20255,0.003337,0.0059640000000000006,-0.060014000000000005,7.699999999999981e-05,0.0002169999999999993,0.0001290000000000041
17417,-0.010532,-0.001748,-0.064614,-0.00015600000000000162,0.00029600000000000004,0.00011899999999999411
20922,0.004849999999999999,-0.013071,-0.06545999999999999,0.00025200000000000135,0.0001510000000000001,-2.6000000000012125e-05
19802,0.006704,0.007861,-0.060903,2.7000000000000114e-05,0.0003519999999999999,-2.9000000000001247e-05
20137,-0.008230000000000001,-0.0022719999999999997,-0.069335,9.400000000000207e-05,0.0001799999999999996,0.00014899999999998248
17750,0.001461,-0.009795,-0.076504,0.00013699999999999997,-1.6999999999999654e-05,1.8000000000004124e-05
20815,0.0055899999999999995,-0.0019470000000000002,-0.059335,0.00029400000000000086,0.0003190000000000003,-0.00028700000000000253
9683,0.008907,-0.0035960000000000002,-0.07147,-6.100000000000029e-05,7.600000000000011e-05,-9.499999999999786e-05
20738,-0.004351,0.009371,-0.074044,-0.00017,0.00020199999999999906,-0.00025899999999999535
20729,-0.002175,-0.0016439999999999998,-0.06448000000000001,0.0002379999999999997,0.0002769999999999999,-4.499999999998949e-05
19078,0.000958,0.0026869999999999997,-0.064087,0.000169,0.0003240000000000005,-7.399999999999074e-05
10017,-0.002169,0.0045449999999999996,-0.073715,7.000000000000062e-06,0.00014700000000000043,-0.0001840000000000036
20809,0.005683,-0.006046,-0.063765,7.600000000000055e-05,0.00032399999999999964,-0.00016299999999999648
20759,-0.013289,0.00825,-0.076271,-6.799999999999862e-05,-3.100000000000151e-05,-0.0001689999999999886
16214,0.0007700000000000001,0.003895,-0.066611,0.00015899999999999996,0.00036800000000000027,-0.00011200000000000099
20082,-0.00066,0.011087,-0.062517,-8.299999999999996e-05,0.00027500000000000094,-0.00015199999999999936
20831,0.010622999999999999,-0.007358,-0.065884,5.20000000000017e-05,8.000000000000194e-06,4.699999999999149e-05
19192,-0.013474,0.009246,-0.073108,-5.10000000000007e-05,5.699999999999976e-05,-0.00010999999999999899
20572,-0.014035,-0.011942,-0.07686,-1.600000000000039e-05,0.00013400000000000044,-7.899999999999574e-05
20827,0.010824,-0.012243,-0.06733499999999999,0.00016200000000000069,-8.6000000000001e-05,1.9999999999881224e-06
20495,0.014561,0.001093,-0.059638,0.00010800000000000046,0.00016399999999999987,-5.0000000000050004e-06
20740,0.007926,-0.003538,-0.074336,-7.200000000000088e-05,7.399999999999985e-05,-0.00013399999999999523
18853,0.0013759999999999998,0.009932,-0.063435,-5.999999999999712e-06,0.00025799999999999955,-1.6999999999989246e-05
18154,-0.006154,-0.004469,-0.06432299999999999,9.400000000000033e-05,0.00011800000000000005,0.00018299999999998873
18113,0.003561,0.011852999999999999,-0.073328,-0.00023099999999999987,-3.4999999999998574e-05,-0.0001239999999999991
20447,0.01583,-0.0069180000000000005,-0.071338,-1.6999999999999654e-05,6.800000000000122e-05,-5.4999999999999494e-05
20451,0.012549,0.0043879999999999995,-0.06339399999999999,3.7000000000000574e-05,0.000268,-0.00015800000000000536
20775,0.005423,0.00999,-0.06606999999999999,-4.000000000000531e-06,0.0001799999999999996,-9.100000000000774e-05
20667,-0.006817,-0.012037,-0.07332599999999999,4.100000000000024e-05,8.400000000000074e-05,7.399999999999074e-05
17757,0.0026680000000000002,0.006363000000000001,-0.06599,3.300000000000004e-05,0.000292999999999999,-0.00010400000000000686
20735,-0.01394,0.006084,-0.070502,1.2999999999999123e-05,7.999999999999327e-06,4.200000000000037e-05
19996,0.00975,-0.008638999999999999,-0.063246,0.0002009999999999998,0.00030299999999999945,5.7000000000001494e-05
20472,0.004397,0.0033439999999999998,-0.06618399999999999,8.600000000000014e-05,0.00023400000000000027,-0.00021100000000000285
19422,-0.012858000000000001,0.011451000000000001,-0.06517700000000001,5.400000000000196e-05,0.00010899999999999972,-0.00010799999999998311
20084,-0.007407,0.01236,-0.064856,6.600000000000009e-05,0.00031500000000000104,-0.00012100000000000999
20400,0.0039369999999999995,-0.011782,-0.066899,0.0003210000000000001,0.0001310000000000009,-3.499999999999337e-05
12743,-0.001248,0.0022240000000000003,-0.07398099999999999,6.199999999999999e-05,0.000134,-0.00015900000000000636
19947,0.003707,-0.006713,-0.06476900000000001,0.00012700000000000038,0.00024200000000000003,-0.00036799999999999333
20103,0.016329999999999997,0.007441,-0.065104,-8.59999999999958e-05,0.00016199999999999982,-2.000000000002e-06
20728,0.003842,-0.008508,-0.07142799999999999,0.0002620000000000001,0.00016700000000000048,-7.000000000007001e-06
15458,-0.000847,-0.008727,-0.066564,0.00013600000000000005,0.00017900000000000034,-0.00021799999999999597
18087,-0.007471,-0.0015840000000000001,-0.065504,6.200000000000042e-05,0.00011600000000000022,0.00016700000000000048
16625,0.015025,-0.005707,-0.07309399999999999,-0.00011000000000000072,0.00011200000000000012,-0.0001950000000000146
20406,-0.010297,0.005702,-0.06534999999999999,3.600000000000131e-05,0.00010700000000000032,-0.00010999999999999899
20539,0.007562,-0.005352,-0.063001,9.99999999999994e-05,0.0003500000000000005,-0.00021299999999999097
20496,0.014175,-0.0030670000000000003,-0.073518,-8.900000000000054e-05,8.400000000000031e-05,-6.799999999999862e-05
20658,0.011509,-0.007203,-0.060895000000000005,0.00017900000000000034,0.0003130000000000008,-2.5999999999991308e-05
20846,0.0051459999999999995,-0.010043,-0.058454,0.0001559999999999999,0.0002239999999999985,-0.00019400000000000667
16847,0.012405,0.011138,-0.069914,-0.00010899999999999972,7.000000000000062e-05,-6.399999999999462e-05
16798,-0.003499,0.002555,-0.073213,5.9000000000000025e-05,0.0001550000000000002,-3.200000000000425e-05
16485,0.012116,-0.003758,-0.07101099999999999,4.799999999999943e-05,1.5000000000000256e-05,-9.600000000001274e-05
19144,-0.005952,-0.00487,-0.067441,2.599999999999998e-05,0.00019500000000000073,1.6999999999989246e-05
20424,-0.0040149999999999995,-0.0042910000000000005,-0.065273,0.00010099999999999953,0.00026700000000000074,8.699999999998986e-05
20412,0.012357,-0.000679,-0.071976,-9.999999999999593e-06,5.8e-05,-8.900000000000574e-05
20926,-0.012105000000000001,-0.003902,-0.07479000000000001,6.700000000000109e-05,-6.899999999999962e-05,-3.0000000000030003e-06
16269,-0.003533,0.010577,-0.075901,-0.00011999999999999988,0.00011800000000000005,-8.999999999995123e-06
19543,0.000412,-0.010678,-0.07510299999999999,0.00019100000000000003,0.00020600000000000132,5.0999999999981616e-05
9680,0.008491,0.0050869999999999995,-0.07027800000000001,-9.999999999999593e-06,0.00019800000000000026,-0.00015199999999999936
20991,0.012738,0.0065,-0.065361,5.199999999999996e-05,0.00019500000000000073,-0.00015500000000000236
19083,-0.008235,0.002179,-0.07212,1.899999999999992e-05,-1.4999999999999823e-05,5.8000000000002494e-05
12745,0.008017,0.005469,-0.069645,-4.999999999999796e-06,0.00011300000000000025,-0.00010500000000000786
20802,0.001766,-0.011385,-0.063402,0.0001559999999999999,0.000337999999999998,-0.00031199999999999284
19105,-0.014339000000000001,-0.004924,-0.068464,8.700000000000027e-05,0.00022200000000000084,0.00011499999999999011
18908,-0.001825,-0.000728,-0.065482,0.00012100000000000001,0.000283,-1.0999999999997123e-05
16558,0.000125,0.001526,-0.071493,7.9e-05,0.000289,-9.399999999999686e-05
20179,-0.002797,-0.0030110000000000002,-0.071794,3.099999999999978e-05,0.0001420000000000002,-8.000000000008e-06
19528,0.006782,0.009448,-0.075824,-0.00018899999999999993,9.300000000000107e-05,7.999999999999674e-05
20708,-0.008573,0.009003,-0.073852,-0.00010299999999999893,0.00012199999999999885,-9.599999999999886e-05
20842,-0.004411,-0.005167,-0.061847,0.00015300000000000036,0.00019399999999999973,-8.299999999999974e-05
20764,0.006611,-0.009099,-0.07551300000000001,6.300000000000056e-05,8.3999999999999e-05,-8.799999999999086e-05
18764,0.009967,-0.0029649999999999998,-0.06547599999999999,6.899999999999962e-05,3.299999999999961e-05,-9.600000000001274e-05
19769,0.01385,0.011626,-0.07399,-0.00016299999999999995,4.700000000000017e-05,-0.00015600000000000336
20634,-0.007656,-0.00688,-0.07740999999999999,5.5999999999999626e-05,7.699999999999981e-05,-1.8000000000004124e-05
9977,0.007322,-0.00043,-0.07375799999999999,2.8999999999999512e-05,6.100000000000002e-05,-0.00020799999999999985
18777,0.006462,0.0029230000000000003,-0.063687,8.000000000000194e-06,0.00028299999999999983,-9.900000000000186e-05
19816,0.011474999999999999,0.0047480000000000005,-0.065005,3.0000000000002247e-05,0.00024099999999999903,-0.0001340000000000091
9835,-0.008349,0.009616,-0.065917,-7.999999999999327e-06,0.0002310000000000003,-5.1999999999996493e-05
20917,-0.001596,0.01225,-0.06031,-3.0999999999999995e-05,0.0002459999999999997,0.0001280000000000031
20717,0.008128,-0.012459,-0.07012399999999999,4.000000000000531e-06,-9.400000000000207e-05,1.9999999999992246e-05
20745,0.006757,-0.010791,-0.068415,0.00023399999999999983,-6.000000000000796e-06,-6.20000000000065e-05
20401,-0.006804999999999999,-0.001382,-0.074422,7.099999999999902e-05,0.00018899999999999993,-1.9000000000005124e-05
20797,-0.0024590000000000002,0.008082,-0.060479,-4.0999999999999804e-05,0.00019099999999999846,-0.0002020000000000008
20887,0.003369,-0.002778,-0.074932,-6.500000000000039e-05,0.00015299999999999992,-0.00010999999999999899
19785,0.007176999999999999,-0.006966999999999999,-0.074362,-0.00011299999999999939,0.00013299999999999944,-4.500000000000337e-05
20436,0.003779,-0.010565,-0.070018,0.0001259999999999998,-1.1999999999999858e-05,7.799999999999474e-05
18825,-0.005713,0.001822,-0.068922,0.0001010000000000004,7.299999999999993e-05,-1.9999999999992246e-05
20730,0.000414,-0.013009,-0.06666899999999999,0.00014000000000000004,0.00018899999999999993,-0.0003480000000000011
17744,-0.004662,0.003095,-0.06822,0.0001360000000000007,0.00010099999999999996,-5.1999999999996493e-05
17746,-0.005855000000000001,0.0030169999999999997,-0.073197,4.0000000000000105e-05,8.90000000000001e-05,-2.9000000000001247e-05
17760,0.017100999999999998,0.008796,-0.07348099999999999,-9.099999999999733e-05,-2.2000000000001185e-05,-0.00032900000000000984
20426,-0.004821,0.00331,-0.065232,0.00020899999999999998,0.00022900000000000004,1.9999999999992246e-05
14208,0.002919,0.009821,-0.06490800000000001,3.100000000000021e-05,0.00029199999999999886,3.0000000000030003e-06
19444,0.007314,-0.004694,-0.071225,-3.199999999999991e-05,9.400000000000033e-05,-1.6000000000002124e-05
20404,-0.001534,-0.00626,-0.07263800000000001,-1.5999999999999955e-05,0.00010700000000000032,-1.8999999999991246e-05
20819,-0.0023020000000000002,-0.007699,-0.06116,0.00010800000000000046,0.00016500000000000022,-2.8000000000000247e-05
19963,-0.002866,0.012272,-0.072063,-0.0002469999999999998,-1.2999999999999123e-05,8.999999999995123e-06
20977,0.014089,0.00653,-0.072687,-9.300000000000107e-05,0.0001780000000000002,-0.00015099999999999836
20756,-0.012096,0.001542,-0.073777,5.9000000000000025e-05,8.5e-05,-4.600000000000437e-05
20722,0.00023999999999999998,0.006546000000000001,-0.072825,-6.399999999999998e-05,8.3999999999999e-05,-0.00016700000000000048
12475,0.014625,-0.004763,-0.071923,7.999999999999848e-05,0.00011500000000000052,-7.599999999999274e-05
20470,-0.004033999999999999,0.004872,-0.069365,-2.4000000000000583e-05,0.00017,-0.00011500000000000399
13485,-0.003234,0.007328,-0.07025100000000001,-1.4000000000000123e-05,0.00020199999999999992,-0.00010899999999999799
16503,-0.006155,0.004285,-0.062293,3.1000000000000645e-05,0.00028300000000000027,-0.00010800000000000393
20739,0.005634999999999999,0.008147,-0.07427,-0.00012199999999999971,-6.999999999998327e-06,-0.0001250000000000001
19873,0.007862000000000001,-0.009372,-0.06314399999999999,6.999999999998327e-06,0.00012599999999999938,0.00013399999999999523
19845,0.015592,-0.011508,-0.068709,9.49999999999996e-05,0.00012299999999999985,-1.2999999999985246e-05
20947,0.017117999999999998,0.009337999999999999,-0.066301,-5.999999999999062e-06,0.00011200000000000099,-0.00021200000000000385
17887,-0.002642,0.012145,-0.06759699999999999,-0.0002030000000000005,0.00016099999999999969,-7.70000000000215e-05
11102,-0.0020259999999999996,0.008372,-0.073537,-9.300000000000063e-05,8.900000000000054e-05,-9.899999999998799e-05
20115,-0.003137,-0.008814,-0.06407299999999999,8.400000000000031e-05,0.00020100000000000152,-0.000127000000000016
15599,-0.013282,-0.0014399999999999999,-0.072143,5.599999999999876e-05,0.00028399999999999996,-3.300000000000525e-05
20882,0.010208,0.002783,-0.062513,0.00021299999999999965,0.0003749999999999999,-0.0001310000000000061
18013,-0.01418,0.003564,-0.07063599999999999,4.700000000000017e-05,1.0000000000000026e-05,-3.300000000000525e-05
20446,0.009481999999999999,0.00011700000000000001,-0.062363999999999996,0.00021200000000000212,0.00029399999999999994,-0.00023500000000000604
20129,-0.005053,-0.004214000000000001,-0.074542,5.9000000000000025e-05,9.200000000000094e-05,5.999999999992123e-06
20707,0.005313,0.002397,-0.065922,0.00024799999999999996,0.000317,-0.00012000000000000899
16471,0.003084,0.012162000000000001,-0.06927599999999999,-3.699999999999971e-05,0.00015800000000000015,-0.00016200000000000936
20410,-0.004618000000000001,5e-06,-0.072999,9.000000000000067e-05,0.00017399999999999997,-2.2000000000008124e-05
20402,-0.003801,-0.009359,-0.074592,0.00017100000000000014,0.000194999999999999,-0.00010599999999998111
20286,-0.015892,0.005108,-0.071331,-5.000000000001531e-06,9.000000000000067e-05,-5.999999999992123e-06
18542,0.000977,-0.004239,-0.062394,0.00015799999999999994,0.0002249999999999995,2.5999999999998247e-05
20860,0.015643,-0.012659,-0.072756,4.39999999999989e-05,9.10000000000008e-05,1.3000000000013001e-05
19991,-0.015895,0.00106,-0.072892,0.00014099999999999877,0.00019300000000000003,-0.00016300000000001036
18576,-0.010788,0.0024700000000000004,-0.074843,3.8000000000001574e-05,3.0999999999999344e-05,-6.0999999999991616e-05
20553,0.007690000000000001,-0.01226,-0.062741,0.00018799999999999893,0.0003110000000000005,0.0001229999999999981
15096,-0.008194000000000002,-0.004437,-0.06523999999999999,7.000000000000062e-05,0.00028999999999999946,9.199999999999486e-05
15462,0.000643,0.000287,-0.070295,5.999999999999994e-05,0.000323,-7.700000000000762e-05
19411,-0.008419000000000001,-0.005623,-0.073491,-4.999999999999796e-05,0.00012600000000000024,0.0001250000000000001
19421,-0.012052,0.006033999999999999,-0.072435,-4.4000000000000636e-05,4.200000000000037e-05,-3.600000000000825e-05
18089,-0.0031810000000000002,-0.005912,-0.07260899999999999,0.00016300000000000038,0.00014599999999999943,-1.8000000000004124e-05
20399,-0.006397,0.011028,-0.07461,-3.4000000000000176e-05,0.0002160000000000009,-0.00014799999999999536
20648,0.015892,-0.011472,-0.071464,9.999999999999593e-06,0.00017099999999999928,3.0000000000030003e-06
20718,0.003478,0.001649,-0.062343,0.0001479999999999997,0.00030699999999999976,-7.799999999999474e-05
20462,0.004242,-0.009265,-0.07116,0.0001719999999999994,6.600000000000009e-05,-5.0000000000050004e-06
18763,-0.002951,-0.011330999999999999,-0.06936400000000001,0.00010399999999999993,0.0002129999999999979,-0.00013799999999998536
19492,0.007613000000000001,0.003487,-0.061891,2.1999999999998583e-05,0.00033599999999999993,0.00010900000000000493
21007,-0.007804,-0.003544,-0.062752,0.00010300000000000066,0.00012299999999999985,5.1999999999996493e-05
20933,-0.014455,-0.006825,-0.068076,8.99999999999998e-05,0.000268,5.099999999999549e-05
20334,0.016084,0.00088,-0.06563899999999999,0.00010699999999999946,0.00025199999999999995,-0.0001840000000000036
18955,0.0176,0.002163,-0.06990900000000001,3.399999999999931e-05,0.00014499999999999973,-0.00011899999999999411
20068,-0.001379,0.002305,-0.07251300000000001,0.00010800000000000002,0.00015599999999999946,-0.00010199999999999099
20858,0.011641,0.009049,-0.06442700000000001,2.599999999999998e-05,0.00021799999999999944,-5.6999999999987616e-05
15333,0.015976,-0.006709,-0.073895,-0.00012200000000000058,-2.0000000000002655e-06,-0.00016499999999999848
20734,-0.006525,-0.00741,-0.06828000000000001,-6.899999999999962e-05,0.00016899999999999988,1.0000000000148779e-06
20785,0.013991,-0.004272000000000001,-0.07662000000000001,-9.400000000000033e-05,5.10000000000007e-05,-3.599999999999437e-05
19246,0.012768,-0.004189,-0.064182,0.00010600000000000019,0.0001559999999999999,8.900000000000574e-05
10367,0.013224999999999999,-0.003054,-0.070213,7.900000000000094e-05,0.00010699999999999989,-0.00010900000000001187
19435,0.00183,0.005036,-0.063705,8.700000000000005e-05,0.00028600000000000066,-0.00014899999999999636
17771,0.008125,0.002124,-0.061845,0.0002349999999999991,0.0002590000000000001,-0.00017100000000000448
17125,-0.004314,0.004588,-0.072467,4.700000000000017e-05,0.0001399999999999995,5.400000000001237e-05
13192,-0.0052640000000000004,0.005526,-0.07118600000000001,3.4000000000000176e-05,7.100000000000075e-05,-0.00011799999999999311
10752,0.008614,0.000648,-0.06826399999999999,0.00028900000000000106,0.00026000000000000003,-0.00011500000000001787
18747,0.002842,0.004775000000000001,-0.06729399999999999,0.00014900000000000026,0.000292999999999999,-8.400000000000074e-05
10756,-0.011884,0.004176,-0.069588,0.00011099999999999999,-5.099999999999983e-05,-2.9000000000001247e-05
16151,-0.006053,0.009167999999999999,-0.07395099999999999,-7.899999999999921e-05,0.00013699999999999997,-0.00011100000000001387
18767,-0.010353999999999999,0.0020139999999999997,-0.069759,8.89999999999988e-05,3.300000000000048e-05,3.200000000000425e-05
19156,0.006952,-0.010154,-0.06403199999999999,3.000000000000398e-06,7.599999999999968e-05,5.5999999999986616e-05
15920,0.006860000000000001,0.012237999999999999,-0.072108,-6.200000000000042e-05,8.000000000001062e-06,-0.00019899999999999085
14192,0.011550000000000001,0.009318,-0.07425,-0.0001370000000000017,3.5999999999999574e-05,-0.0002349999999999991
20741,-0.007814,0.007762,-0.07366299999999999,-7.000000000000062e-05,9.60000000000006e-05,-0.00016900000000000248
17763,0.0071070000000000005,0.0045709999999999995,-0.063322,-3.0000000000000512e-05,0.00014500000000000103,2.000000000002e-06
20479,0.003038,0.00513,-0.064542,9.200000000000007e-05,0.00037600000000000047,-7.599999999999274e-05
19756,0.009968,-0.006415,-0.07262099999999999,-4.099999999999937e-05,0.00010699999999999946,-8.299999999999974e-05
10018,0.011772,-0.0042450000000000005,-0.067363,7.900000000000094e-05,7.800000000000081e-05,-2.0999999999993246e-05
20414,-0.004707,0.006307,-0.066301,4.8999999999999565e-05,0.00017700000000000007,-7.500000000000562e-05
20403,0.00822,-0.010782,-0.073772,-3.4999999999998574e-05,5.000000000000143e-05,-9.199999999999486e-05
16337,0.016082,-0.012081,-0.067849,0.00012599999999999764,6.599999999999835e-05,-3.799999999999637e-05
18280,-0.006286,0.008341,-0.067908,1.000000000000046e-05,0.0001320000000000019,-0.00011600000000000499
19783,0.007483,0.012147999999999999,-0.065791,-1.1999999999999858e-05,9.60000000000006e-05,-4.999999999999449e-05
20430,-0.005367,-0.007736,-0.065665,0.0001330000000000003,0.00020799999999999985,-0.00020200000000000773
18750,0.0027389999999999997,0.006891,-0.065513,2.5000000000000282e-05,0.0003369999999999996,-2.5999999999998247e-05
19757,0.011379,0.009517,-0.065745,3.300000000000004e-05,0.00023399999999999983,-0.0001340000000000091
19566,0.006272000000000001,-0.005407,-0.062791,5.699999999999889e-05,0.000294,-0.00022500000000000298
20461,-0.00161,-0.001098,-0.06576699999999999,0.0001510000000000001,0.00031999999999999997,-4.400000000001625e-05
20087,-0.002542,-0.0065439999999999995,-0.069563,2.1999999999999884e-05,0.00023599999999999923,1.1999999999998123e-05
17576,0.005757,-0.003143,-0.063004,0.0001250000000000001,0.000255,-0.0002899999999999986
15839,0.015615,-0.009994999999999999,-0.069009,5.7000000000001494e-05,7.099999999999988e-05,-6.699999999999762e-05
11107,0.015676,-0.0024590000000000002,-0.070669,9.500000000000133e-05,0.00010400000000000036,-0.000123000000000012
19258,0.013125,-0.006019999999999999,-0.065906,7.500000000000041e-05,0.00010099999999999953,-6.0000000000060005e-06
8985,0.006392,0.010186,-0.072688,-8.000000000000021e-05,5.7999999999999025e-05,-0.00014799999999999536
19747,0.009688,0.008887,-0.073457,-9.299999999999933e-05,9.999999999992654e-07,-0.00026600000000000235
20724,-0.009260999999999998,-0.009098,-0.073921,-6.900000000000135e-05,0.0002450000000000004,-1.2999999999999123e-05
18557,-0.013547,0.005428,-0.06617700000000001,7.399999999999941e-05,0.00012000000000000031,-4.299999999998749e-05
19424,0.001482,-0.0021680000000000002,-0.070012,4.0999999999999804e-05,0.00037600000000000025,-0.00017000000000000348
17810,0.000184,0.008648,-0.072561,-0.00011399999999999999,0.00013200000000000017,-0.00011099999999999999
11420,-0.009420999999999999,0.005465,-0.067027,3.8999999999999105e-05,0.00019899999999999952,-2.2000000000008124e-05
15610,0.017025,0.00974,-0.069983,-2.5999999999998247e-05,8.99999999999998e-05,-0.0002299999999999941
19459,0.004677,-0.0053609999999999994,-0.068398,0.0002840000000000004,0.0002969999999999995,-0.00011800000000000699
20899,-0.004454,-0.012657,-0.06985,-3.800000000000071e-05,0.00011800000000000005,-3.999999999999837e-05
16862,-0.007763,-0.0016970000000000002,-0.064411,0.00010399999999999993,0.00011500000000000008,0.00019999999999999185
17752,0.001777,-0.0018919999999999998,-0.06654900000000001,5.400000000000001e-05,0.00030199999999999975,-0.00015699999999999048
20540,0.015857,-0.007546000000000001,-0.06876399999999999,-6.499999999999909e-05,0.0001260000000000011,-2.2000000000008124e-05
20163,-0.000679,-0.009916000000000001,-0.075575,0.00015300000000000003,0.00017900000000000034,-1.9999999999881224e-06
16532,0.016357,0.0063019999999999994,-0.065353,-5.300000000000096e-05,0.00022200000000000084,-6.20000000000065e-05
20515,-0.00674,-0.012654,-0.066511,0.00019700000000000013,0.00022900000000000004,-0.00014500000000000624
19515,-0.01416,0.0015789999999999999,-0.066723,2.000000000002e-06,0.0002590000000000001,0.00010500000000000786
18756,0.005634999999999999,-0.000152,-0.06851,0.00019300000000000133,0.000279,-0.00010599999999999499
20398,-0.009333000000000001,-0.001824,-0.064937,4.1000000000001105e-05,0.0002360000000000001,0.00011499999999999011
15187,-0.004263,0.00808,-0.07247400000000001,-0.00013900000000000023,0.00011400000000000125,-0.00017799999999998373
20554,-0.010055999999999999,0.012116,-0.065415,0.00010099999999999866,0.00013400000000000044,-8.400000000000074e-05
11523,-0.007355,-0.004929,-0.06613200000000001,2.0000000000002655e-06,0.00027899999999999973,9.900000000001574e-05
17118,-0.009861,0.008944,-0.066365,7.699999999999894e-05,0.00011099999999999999,-0.00021500000000000685
16705,0.012871,-0.008007,-0.068709,-9.000000000000327e-06,0.00015199999999999936,4.300000000001525e-05
20080,0.00642,0.011578,-0.066463,-5.699999999999976e-05,0.00016900000000000075,-7.40000000000185e-05
12971,-0.0038239999999999997,0.010981,-0.06669599999999999,-5.3000000000000096e-05,0.00019899999999999952,8.799999999999086e-05
20167,0.017514,0.003554,-0.068023,2.6000000000001716e-05,5.600000000000006e-05,-8.999999999999286e-05
20302,0.014379,0.010047,-0.065622,-0.0001410000000000005,-1.899999999999992e-05,-0.00015500000000000236
15439,0.002291,0.002633,-0.072029,7.200000000000002e-05,0.0001259999999999998,-0.00026900000000000535
19106,0.010663,0.008241,-0.067995,1.899999999999992e-05,0.00016099999999999969,-0.0001250000000000001
19490,-0.008978,0.008198,-0.063857,-5.300000000000096e-05,0.00016000000000000042,-7.400000000000462e-05
20086,0.008627000000000001,-0.003314,-0.07577800000000001,6.999999999999888e-05,5.8000000000000326e-05,-2.999999999998837e-05
12062,0.000391,0.0013939999999999998,-0.073495,0.00011199999999999996,0.00010000000000000026,-0.00011699999999999211
19790,0.013228,-0.007033,-0.066439,6.300000000000056e-05,0.00013299999999999944,-7.300000000000362e-05
20170,-0.014948000000000001,-0.0065439999999999995,-0.067647,6.700000000000109e-05,0.00019199999999999946,7.700000000000762e-05
18826,-0.004392,0.008999,-0.071104,-0.00011599999999999978,0.0001410000000000005,-0.00010899999999999799
18101,-0.006355,0.010042,-0.065263,3.400000000000104e-05,0.00033799999999999976,-2.8000000000000247e-05
18834,0.003397,-0.009035,-0.074931,0.00011699999999999992,9.599999999999886e-05,-2.2999999999995246e-05
20677,-0.010586,0.008186,-0.066365,0.00010299999999999893,6.199999999999956e-05,-0.00012100000000000999
18270,0.012169000000000001,0.010271,-0.071732,-0.00015500000000000236,4.000000000000531e-06,-0.00026299999999999935
18906,0.010383,-0.012265,-0.064469,0.000307,0.0001260000000000011,0.0001340000000000091
19093,-0.005202,-0.00036199999999999996,-0.06453199999999999,9.699999999999986e-05,0.0002779999999999999,0.00013299999999999423
9660,0.005683,0.003581,-0.070162,4.49999999999999e-05,8.000000000000021e-05,-0.00011900000000000799
20715,-0.004932000000000001,-0.005791,-0.067555,-1.6999999999999654e-05,0.00025299999999999975,-0.00015300000000000036
17947,-0.0015589999999999998,0.0067,-0.068804,-2.0000000000000486e-06,0.00022699999999999977,-0.00019299999999999873
20790,0.002432,-0.010551,-0.066387,0.00018400000000000014,0.00019899999999999952,-0.0002459999999999962
18110,-0.013124,-0.003928,-0.070235,1.700000000000139e-05,1.899999999999992e-05,-4.899999999999349e-05
15877,-0.011777,-0.007908,-0.069055,2.7999999999998512e-05,0.00020600000000000045,7.700000000000762e-05
18866,0.012497,-0.009855000000000001,-0.066304,0.00016200000000000069,0.00010300000000000066,-0.0002980000000000066
20298,0.014386,-0.0013759999999999998,-0.066813,-8.999999999998592e-06,0.00023499999999999975,3.0000000000002247e-05
18753,0.010882,-0.003559,-0.07071,-4.49999999999999e-05,2.900000000000038e-05,-5.000000000000837e-05
18433,0.001506,0.007245,-0.07122400000000001,-2.800000000000003e-05,0.00011300000000000025,-0.00012899999999999023
10413,0.004624,0.008882,-0.071248,-8.000000000000021e-05,0.00010400000000000166,-6.30000000000075e-05
19468,-0.0012,0.005878,-0.06658700000000001,0.00012799999999999986,0.0002969999999999995,-0.0003469999999999862
19820,-0.006309,-0.006709,-0.06815099999999999,-4.69999999999993e-05,9.699999999999986e-05,-0.00012200000000001099
9183,0.009387000000000001,0.006541,-0.068164,-1.0000000000001327e-05,0.0001510000000000001,-0.0001350000000000101
16490,-0.009988,0.009927,-0.06543500000000001,8.300000000000148e-05,0.00016299999999999995,-0.00011899999999999411
16815,0.008412000000000001,0.005889,-0.063052,-4.000000000002266e-06,0.00018899999999999993,7.699999999999374e-05
19761,-0.003862,0.008192999999999999,-0.063558,4.49999999999999e-05,0.0003220000000000011,-0.00014299999999999036
20112,-0.013807,-0.0005250000000000001,-0.069095,0.00010299999999999893,0.0002870000000000001,3.0000000000002247e-05
18515,0.015592,0.004169,-0.070574,4.2999999999999636e-05,0.00016899999999999988,-0.0001820000000000016
19417,0.005463,-0.00189,-0.071608,1.299999999999999e-05,0.000232,-4.400000000000237e-05
20520,-0.005597,-0.009614000000000001,-0.066479,0.0001990000000000004,0.0002910000000000013,-0.00016700000000000048
20737,-0.013521,0.004617,-0.065359,0.00017,0.00016300000000000082,2.1000000000007124e-05
13081,0.008013999999999999,0.008986000000000001,-0.073264,-0.00013099999999999917,7.299999999999841e-05,-0.00019900000000000473
19960,-0.007317000000000001,0.00886,-0.06639400000000001,1.1000000000000593e-05,0.0001810000000000006,-1.8000000000004124e-05
18897,-0.0052309999999999995,0.010546,-0.06585200000000001,-2.8000000000001114e-05,0.00024799999999999996,-8.899999999999186e-05
16548,0.004909,-0.009778,-0.06631999999999999,4.6000000000000034e-05,0.00011599999999999978,-7.500000000000562e-05
20188,-0.015441,-0.005386,-0.071147,2.599999999999998e-05,0.0001349999999999997,-0.00014799999999999536
19438,-0.0022530000000000002,0.011356999999999999,-0.07345399999999999,-9.699999999999986e-05,-1.2999999999999123e-05,-8.200000000001262e-05
19946,-0.013766,0.0014579999999999999,-0.067008,3.300000000000004e-05,0.0003860000000000003,0.00017000000000000348
19436,0.013349999999999999,0.010335,-0.066282,-1.3999999999998389e-05,0.00022599999999999877,-0.00022900000000000698
10129,0.01474,-0.005644,-0.072624,-2.9999999999998778e-05,0.00012199999999999971,-0.0001260000000000011
20784,-0.006261,0.010039,-0.074003,-3.0000000000000512e-05,0.00011800000000000005,-0.00010200000000000486
20264,-0.005822,-0.012029,-0.07225100000000001,5.400000000000023e-05,0.00041699999999999897,-2.499999999998337e-05
19851,0.003479,-0.007809999999999999,-0.07201,0.00014100000000000007,0.00011499999999999878,-7.199999999998874e-05
9995,-0.000851,0.001269,-0.072355,0.00014400000000000003,0.00017600000000000016,-5.7999999999988616e-05
10462,0.012655,2.8e-05,-0.071142,7.200000000000088e-05,0.00013,-0.00013399999999999523
17413,-0.012133,0.002527,-0.07126,0.00012799999999999964,1.399999999999969e-05,-7.000000000000062e-05
20104,0.011805999999999999,0.0029460000000000003,-0.06647700000000001,9.10000000000008e-05,0.00027599999999999977,-1.9999999999992246e-05
19099,0.015404999999999999,-0.009453,-0.07173600000000001,-4.5999999999999167e-05,0.0001349999999999997,-4.699999999999149e-05
20788,-0.003433,-0.0013109999999999999,-0.075102,6.900000000000005e-05,8.99999999999998e-05,6.40000000000085e-05
20838,-0.00912,0.006051,-0.072014,3.900000000000084e-05,3.199999999999991e-05,-0.00010300000000000586
19746,-0.002539,-0.000549,-0.073982,4.0000000000000105e-05,0.00020799999999999996,2.8000000000014125e-05
18078,-0.008734,-0.008168,-0.068665,2.3999999999999716e-05,0.00014800000000000056,1.5000000000001124e-05
20484,-0.001643,0.008207,-0.064844,-8.999999999999894e-06,0.0002489999999999992,-8.600000000000274e-05
19094,-0.011224,0.005968,-0.062988,1.9999999999999185e-05,0.00028999999999999946,2.2999999999995246e-05
19172,0.010717,0.0054340000000000005,-0.063651,-2.2000000000001185e-05,0.000266999999999999,-9.499999999999786e-05
11773,0.008010999999999999,0.010948000000000001,-0.069598,-0.00017700000000000007,4.699999999999843e-05,-0.0001900000000000096
20981,0.016323,-0.004214000000000001,-0.073453,-0.00012799999999999964,6.600000000000095e-05,-0.00014799999999999536
19480,-0.015658,-0.009874,-0.071661,-5.000000000000143e-05,6.800000000000209e-05,-0.00013299999999999423
20782,-0.002729,0.009064000000000001,-0.070384,-7.799999999999994e-05,0.00017799999999999934,-0.00018299999999998873
10082,0.009214,0.01149,-0.06949899999999999,-8.900000000000054e-05,-5.900000000000176e-05,-0.00010500000000000786
17666,0.013963,-0.00809,-0.06823900000000001,-6.399999999999982e-05,8.799999999999954e-05,6.0000000000060005e-06
16587,0.014882,-0.0052,-0.066453,8.800000000000127e-05,0.0002009999999999998,-5.000000000000837e-05
19843,-0.0034100000000000003,0.006763,-0.067429,3.800000000000027e-05,8.400000000000074e-05,-0.00013699999999999823
20750,0.005528,-0.00864,-0.064852,4.399999999999977e-05,0.00015899999999999942,-0.0003029999999999977
14446,-0.011203,0.000878,-0.068667,8.099999999999948e-05,0.00012799999999999997,1.3000000000013001e-05
18856,-0.01463,0.005826,-0.074042,-7.599999999999968e-05,5.400000000000023e-05,-2.1999999999994246e-05
18491,-0.006463,0.009434,-0.069723,-4.0000000000000105e-05,0.0001559999999999999,-7.600000000000662e-05
20865,0.000901,-0.00534,-0.066661,0.00011700000000000002,0.00040399999999999985,-0.00010899999999999799
19080,-0.009979,0.0020299999999999997,-0.072477,2.000000000000092e-05,-4.000000000000097e-06,-9.499999999999786e-05
20957,0.010665,-0.00797,-0.07098499999999999,3.799999999999984e-05,0.00010499999999999919,4.999999999991123e-06
16494,-0.006186,-0.0014990000000000001,-0.06469,0.00010099999999999953,0.0002260000000000003,0.0001679999999999876
9724,0.005718,0.005732999999999999,-0.069023,3.799999999999984e-05,0.00010500000000000093,-0.0001239999999999991
13766,-0.011708,-0.005726,-0.06650400000000001,4.99999999999997e-05,0.0002249999999999995,8.700000000000374e-05
16325,-0.004562,-0.008675,-0.066943,0.00014300000000000077,0.00019399999999999973,-8.099999999999774e-05
16492,-0.005615,-0.00034300000000000004,-0.067024,2.300000000000045e-05,0.00018600000000000005,0.00019500000000000073
18178,0.005365999999999999,0.008627000000000001,-0.071265,-0.0001269999999999995,8.499999999999827e-05,-6.30000000000075e-05
20647,-0.010247,0.008102,-0.063847,-0.00011200000000000099,0.0001760000000000008,-0.00017100000000000448
15632,0.00817,0.009782,-0.070497,-0.00021200000000000038,6.899999999999962e-05,-6.299999999999362e-05
18094,-0.0035499999999999998,-0.003496,-0.070286,6.999999999999975e-05,0.00015999999999999999,7.600000000000662e-05
16470,0.003402,0.005241,-0.071342,-3.600000000000001e-05,0.00014500000000000016,-0.00017100000000000448
20411,0.01033,0.008061,-0.07065,-0.00013200000000000017,0.00012199999999999885,-0.00011799999999999311
18218,-0.006441,0.008985,-0.064929,-6.600000000000009e-05,0.0002500000000000002,-0.0002309999999999951
20810,0.008097,-0.006582,-0.06350800000000001,6.999999999998327e-06,0.00013399999999999957,1.8000000000004124e-05
17276,0.017036000000000003,0.011411,-0.06962399999999999,-8.900000000000227e-05,4.700000000000017e-05,-0.00020499999999999685
9675,0.008617000000000001,0.006752,-0.070566,-4.800000000000117e-05,0.00017299999999999954,-0.0001759999999999956
19748,-0.006441,0.008213,-0.062996,2.8999999999999512e-05,0.000338999999999999,-9.499999999999786e-05
20197,0.007986,-0.00976,-0.069226,0.0002950000000000001,-3.400000000000104e-05,-0.00015000000000001124
14131,0.014785999999999999,-0.0005719999999999999,-0.070177,6.200000000000129e-05,0.00015799999999999994,-0.00010199999999999099
19161,-0.01256,-0.00626,-0.075449,-6.899999999999962e-05,-3.600000000000044e-05,-4.000000000004e-06
10746,0.00843,0.0116,-0.07115600000000001,-4.1000000000001105e-05,1.1000000000000593e-05,-0.0001639999999999836
17431,-0.010353999999999999,0.003297,-0.06989,0.0001549999999999989,3.399999999999974e-05,-2.9000000000001247e-05
18454,-0.01261,-0.001175,-0.069312,8.299999999999974e-05,7.800000000000016e-05,8.799999999999086e-05
18850,-0.007984,-0.001589,-0.06766,6.500000000000082e-05,8.099999999999991e-05,0.00017000000000000348
9764,0.012686999999999999,-0.00042699999999999997,-0.069826,0.00010700000000000119,0.00010399999999999998,-7.899999999999574e-05
18819,-0.000695,0.005795,-0.070823,-2.3000000000000017e-05,0.00017100000000000014,-0.00017800000000001148
12914,0.013498,0.000514,-0.070821,0.00010300000000000066,0.00017499999999999992,-0.0001820000000000016
19554,0.005084,-0.012862,-0.06785,0.0002279999999999999,7.600000000000141e-05,0.0002299999999999941
12819,-0.007162,0.005582,-0.070592,6.299999999999969e-05,2.300000000000045e-05,-8.299999999999974e-05
16960,-0.010223000000000001,-0.0022069999999999998,-0.068339,0.00017800000000000107,0.00027899999999999973,4.000000000004e-06
9857,0.004924,0.007587,-0.071267,-6.600000000000095e-05,5.500000000000036e-05,-7.300000000000362e-05
19924,0.00784,-0.007004,-0.07012399999999999,3.399999999999931e-05,6.799999999999948e-05,7.999999999994123e-06
9845,0.015080999999999999,-0.004327,-0.071708,5.600000000000223e-05,9.200000000000007e-05,-7.900000000000962e-05
20092,0.0027229999999999997,-0.005854,-0.072017,3.0000000000000512e-05,0.0002649999999999996,-0.0001229999999999981
18789,0.009734,-0.000375,-0.064701,0.00010899999999999972,0.00016700000000000002,-0.00013099999999999223
20807,0.002352,-0.008577999999999999,-0.06403,0.00018000000000000004,0.00035199999999999815,-0.00027800000000000047
17183,-0.002478,-0.002786,-0.068589,0.00010300000000000023,0.00016699999999999961,8.099999999999774e-05
19195,-0.00318,-0.005266,-0.073385,7.99999999999976e-06,0.00010399999999999993,-1.1999999999998123e-05
13741,0.006144,-0.001214,-0.068023,0.0002149999999999999,0.000227,-0.00011400000000000299
20098,0.009538,-0.00176,-0.06490800000000001,7.000000000000062e-05,9.700000000000008e-05,-8.599999999998886e-05
19530,-0.014347,-0.006668,-0.069856,4.2999999999999636e-05,0.00016400000000000095,4.099999999999937e-05
17116,0.005575,-0.003548,-0.06622700000000001,0.00018400000000000014,0.0002049999999999999,-0.00021599999999999397
19425,-0.008345,-0.005355,-0.06872299999999999,0.00012099999999999958,0.00026099999999999995,-2.2000000000008124e-05
18437,-0.012852,0.007852,-0.069093,6.200000000000129e-05,-1.1999999999999858e-05,0.0
16500,0.017387,0.001077,-0.069662,6.1000000000002025e-05,0.00018999999999999985,-9.299999999999586e-05
19334,0.0072569999999999996,-0.000519,-0.064351,0.00015900000000000115,0.000253,-0.00026199999999999835
19852,-0.006456000000000001,-0.002815,-0.06463200000000001,9.000000000000154e-05,0.00023499999999999953,0.00011100000000001387
19079,-0.004691,-0.004143,-0.06976,9.699999999999986e-05,0.00018199999999999987,5.099999999999549e-05
17753,0.013059,0.002843,-0.07141700000000001,1.1999999999999858e-05,0.00012300000000000028,-0.00014799999999999536
12758,0.006511,-0.002644,-0.067788,9.30000000000002e-05,0.00019300000000000003,-0.00013499999999999623
20732,0.00743,0.00076,-0.06476900000000001,0.00013299999999999944,0.00029600000000000004,-0.00013399999999999523
20713,-0.0054989999999999995,-0.004101,-0.071157,0.00016500000000000022,0.0003399999999999996,0.00013399999999999523
15103,0.0038309999999999998,-0.001201,-0.06780800000000001,0.00014800000000000013,0.00035000000000000005,-0.00018699999999999273
20748,0.016642,0.006298,-0.067876,-3.799999999999984e-05,0.00017,-0.00013499999999999623
20960,-0.009253,0.007743000000000001,-0.068089,6.500000000000082e-05,0.00011499999999999965,-0.0001880000000000076
20149,-0.00625,0.0031070000000000004,-0.067968,2.7000000000000114e-05,0.00022799999999999947,3.400000000000625e-05
16248,0.007622,0.006873000000000001,-0.073184,-0.0001250000000000001,5.7999999999999025e-05,-0.00015300000000000036
18076,-0.010039,0.005908,-0.069358,0.00011500000000000052,7.400000000000028e-05,-0.0001749999999999946
18073,-0.0037029999999999997,-0.002033,-0.067599,3.199999999999991e-05,0.0001740000000000001,0.0001360000000000111
13640,0.014981999999999999,0.0088,-0.07081900000000001,-3.299999999999831e-05,1.0999999999998858e-05,-0.00015799999999999148
19423,-0.006806,0.004889,-0.063516,6.100000000000029e-05,0.0002440000000000003,2.2999999999995246e-05
19509,0.006312,-0.010102,-0.064204,4.399999999999977e-05,0.00010199999999999966,4.499999999998949e-05
18177,0.010348000000000001,-0.0033079999999999997,-0.070896,-5.20000000000017e-05,2.499999999999985e-05,-7.500000000000562e-05
20992,0.007252,0.003862,-0.066173,0.0001330000000000003,0.00018700000000000053,4.799999999999249e-05
19432,-0.007410999999999999,-0.007529,-0.06674200000000001,0.00010099999999999953,0.0002490000000000001,4.800000000000637e-05
19825,-0.002093,-0.00133,-0.069547,8.899999999999967e-05,0.00025299999999999997,4.099999999999937e-05
17846,-0.008163,-0.0072770000000000005,-0.067376,8.200000000000048e-05,0.00023500000000000083,6.1000000000005494e-05
19419,-0.009045,-0.004287,-0.06896899999999999,0.00010499999999999919,0.0003340000000000001,0.00014000000000000123
19259,0.002666,-0.001142,-0.067524,9.500000000000003e-05,0.00025199999999999995,-0.00016599999999999948
19911,0.006684,-0.0126,-0.066845,0.0001810000000000006,0.00024799999999999996,0.00017300000000000648
14468,-0.009983,-0.0033900000000000002,-0.067759,8.299999999999974e-05,0.00011400000000000039,0.00014199999999998936
16935,0.003197,-0.007476,-0.067263,6.999999999999975e-05,0.00027399999999999994,-0.00031599999999999684
11113,0.0021720000000000003,-0.002417,-0.07085599999999999,-4.80000000000003e-05,0.00030599999999999985,-1.7000000000017e-05
15813,0.007925,0.005952,-0.067787,5.800000000000076e-05,8.300000000000061e-05,-0.0001699999999999896
16469,0.001764,0.005093,-0.06913599999999999,0.00011000000000000007,0.00023899999999999963,-0.00015900000000000636
17466,-0.012796,0.001941,-0.066861,9.10000000000008e-05,0.00030100000000000005,-6.0000000000060005e-06
17124,0.010294000000000001,0.010432,-0.067203,-7.200000000000088e-05,-4.0000000000000105e-05,-2.9000000000001247e-05
10157,0.0025659999999999997,-0.007214000000000001,-0.073068,8.80000000000004e-05,0.0002260000000000005,-3.300000000000525e-05
20709,0.0033799999999999998,-0.004732,-0.063437,0.00011800000000000048,0.00026900000000000014,-9.900000000000186e-05
17489,0.006455,-0.00848,-0.065666,0.00021399999999999978,0.00022699999999999977,-2.599999999998437e-05
9772,0.013134999999999999,-0.001847,-0.06995,9.20000000000018e-05,0.00014499999999999995,-9.200000000000874e-05
17123,0.011869999999999999,0.003544,-0.06692000000000001,3.0000000000002247e-05,0.0002450000000000004,-7.399999999999074e-05
20723,0.007967,-0.000625,-0.062191,0.00017099999999999928,0.00030000000000000003,-0.0001959999999999948
15121,0.002733,-0.0020670000000000003,-0.06612,0.0001309999999999996,0.00031300000000000034,-0.0001769999999999966
20570,0.005097000000000001,-0.012929,-0.07081900000000001,0.00021799999999999944,5.4999999999999494e-05,3.500000000000725e-05
16139,-0.003634,0.001691,-0.070757,0.0001020000000000001,0.00012799999999999986,1.5000000000001124e-05
17102,-0.0031,-0.006794,-0.07244199999999999,8.799999999999997e-05,0.00017099999999999928,0.00011200000000000099
15880,-0.008187,-0.00933,-0.068953,8.700000000000027e-05,0.00021799999999999944,-6.60000000000105e-05
