Particle,x,y,z,Vx,Vy,Vz
23548,0.001647,0.003764,-0.07098099999999999,0.0,0.0,0.0
21049,-0.008988,0.003348,-0.06608499999999999,0.0,0.0,0.0
24612,0.008083,0.01013,-0.062258,0.0,0.0,0.0
24496,-0.012924,0.012166,-0.072802,0.0,0.0,0.0
24321,0.008608000000000001,-0.011988,-0.064443,0.0,0.0,0.0
23944,-0.013890000000000001,-0.01124,-0.074203,0.0,0.0,0.0
23539,0.015439,-0.00376,-0.072988,0.0,0.0,0.0
10462,0.013391,0.001627,-0.072997,0.0,0.0,0.0
24207,0.015908,-0.009548,-0.07107899999999999,0.0,0.0,0.0
23247,-0.012574,3.3e-05,-0.071929,0.0,0.0,0.0
24036,0.014989,0.012103,-0.071732,0.0,0.0,0.0
24198,0.012387,-0.005490999999999999,-0.074264,0.0,0.0,0.0
17413,-0.010404,0.002964,-0.071894,0.0,0.0,0.0
22979,-0.000179,0.004398,-0.074262,0.0,0.0,0.0
23581,-0.012161,0.013210000000000001,-0.065036,0.0,0.0,0.0
24574,-0.00875,0.009691,-0.063488,0.0,0.0,0.0
23735,0.003763,0.007657,-0.06653400000000001,0.0,0.0,0.0
20104,0.012367000000000001,0.0060810000000000005,-0.06704900000000001,0.0,0.0,0.0
23284,-0.000639,-0.011859,-0.068453,0.0,0.0,0.0
23536,-0.008222,0.002944,-0.06121,0.0,0.0,0.0
23224,0.005405,-0.011842,-0.065748,0.0,0.0,0.0
24618,-0.0044480000000000006,0.003471,-0.057663,0.0,0.0,0.0
23884,0.012228,-0.006979,-0.065212,0.0,0.0,0.0
24563,-0.004285,0.003613,-0.06670999999999999,0.0,0.0,0.0
24782,0.016573,-0.012542,-0.06815399999999999,0.0,0.0,0.0
24699,-0.009454,0.008114000000000001,-0.064408,0.0,0.0,0.0
22634,-0.009246,0.007652,-0.06628,0.0,0.0,0.0
21032,0.005659,0.010737,-0.07152,0.0,0.0,0.0
24670,0.011596,-0.004579,-0.065622,0.0,0.0,0.0
24648,0.010010999999999999,0.010285,-0.075344,0.0,0.0,0.0
24630,0.018775,0.005764,-0.07219199999999999,0.0,0.0,0.0
24665,0.017196000000000003,-0.006942,-0.075404,0.0,0.0,0.0
24217,0.016124,0.010985,-0.066917,0.0,0.0,0.0
24716,0.015637,-0.012157999999999999,-0.068467,0.0,0.0,0.0
24132,-0.005727,-0.009455,-0.067277,0.0,0.0,0.0
21758,0.011356,0.011219,-0.074442,0.0,0.0,0.0
22665,-0.013959,0.0029089999999999997,-0.07411100000000001,0.0,0.0,0.0
22922,0.001556,0.004239,-0.071045,0.0,0.0,0.0
22445,0.007958999999999999,0.006463,-0.06641200000000001,0.0,0.0,0.0
23826,0.00299,0.009396000000000002,-0.065468,0.0,0.0,0.0
22622,-0.000911,-0.001774,-0.064258,0.0,0.0,0.0
23532,-0.007221,0.005436,-0.062134,0.0,0.0,0.0
24537,0.015482,0.008203,-0.062836,0.0,0.0,0.0
24549,-0.012672000000000001,0.00141,-0.07821299999999999,0.0,0.0,0.0
23763,0.006274,0.0023940000000000003,-0.074926,0.0,0.0,0.0
23834,0.008932,-0.001647,-0.073174,0.0,0.0,0.0
24002,0.015987,-0.010127,-0.067813,0.0,0.0,0.0
24323,-0.008241,0.011856,-0.076548,0.0,0.0,0.0
24696,0.0008900000000000001,0.007118,-0.066661,0.0,0.0,0.0
24143,-0.0059370000000000004,0.0026520000000000003,-0.066459,0.0,0.0,0.0
21391,0.002985,0.010141,-0.072271,0.0,0.0,0.0
22366,0.013237,-0.0022890000000000002,-0.07481600000000001,0.0,0.0,0.0
23863,-0.005579,0.008438000000000001,-0.077366,-5.500000000000036e-05,0.00012699999999999864,-0.00016399999999999748
24519,0.0034750000000000002,0.010412000000000001,-0.07209099999999999,-0.00010900000000000016,0.0001389999999999985,-6.100000000001937e-05
19099,0.014735,-0.007642,-0.072395,-1.899999999999992e-05,8.80000000000004e-05,-8.700000000000374e-05
24988,-0.003286,-0.001641,-0.064883,9.099999999999994e-05,0.00021000000000000012,-4.100000000001325e-05
24816,-0.011249,0.002159,-0.068831,0.0003099999999999995,0.00011400000000000039,0.00019299999999999873
24532,-0.014327,0.008367000000000001,-0.076887,-7.700000000000068e-05,1.6999999999999654e-05,-3.400000000000625e-05
23843,-0.014485,0.008412000000000001,-0.072154,2.3999999999999716e-05,9.299999999999933e-05,1.6999999999989246e-05
24165,0.001938,0.008910999999999999,-0.06277300000000001,0.0001749999999999998,0.000342000000000002,-9.799999999998699e-05
21172,0.010444,-0.003095,-0.064292,-7.000000000000062e-06,0.00011900000000000018,-0.00010500000000000786
23915,0.003504,-0.01209,-0.06941,0.00022000000000000014,7.199999999999915e-05,-0.0002950000000000036
20788,-0.002471,0.000259,-0.07491500000000001,0.00010900000000000016,0.000194,-1.8000000000004124e-05
22419,-0.000963,0.001529,-0.06466899999999999,6.7e-05,0.00028800000000000006,1.9999999999992246e-05
23237,-0.007345,-0.004779,-0.068461,-3.300000000000004e-05,0.00018199999999999987,3.199999999999037e-05
24844,-0.01474,0.00447,-0.069392,5.6000000000000494e-05,2.999999999999531e-06,-2.3999999999996247e-05
23879,0.007926,0.007644,-0.072445,-8.300000000000148e-05,0.00014000000000000037,-0.00010400000000000686
24813,0.005365999999999999,0.006213,-0.063285,9.60000000000006e-05,0.00026400000000000035,-2.6000000000012125e-05
24516,0.005641,-0.010281,-0.068243,0.0001559999999999999,7.0000000000017965e-06,0.00010299999999999199
24018,-0.008761,0.009349,-0.074749,-2.000000000000092e-05,0.00010500000000000093,-8.299999999999974e-05
20838,-0.008638,0.007021,-0.07339799999999999,2.199999999999945e-05,7.399999999999941e-05,-1.9000000000005124e-05
23626,-0.000251,-0.003058,-0.064842,0.00026799999999999995,0.00024300000000000016,-0.00010699999999999599
23844,-0.013928000000000001,0.010194000000000002,-0.074062,-4.1999999999998636e-05,0.00010499999999999746,-0.00011999999999999511
24821,0.008962,0.008518000000000001,-0.070372,-0.00011999999999999858,0.0001449999999999993,-0.00013899999999998636
23637,0.013992000000000001,-0.00378,-0.074444,-5.000000000000143e-05,0.00010799999999999959,-0.00010100000000000386
23967,-0.007726,0.007927,-0.075155,-1.299999999999999e-05,0.00017900000000000034,4.699999999999149e-05
24969,0.000957,-0.012044000000000001,-0.076268,0.00022900000000000004,0.00011200000000000099,1.3000000000013001e-05
24238,-0.004364,0.01235,-0.063559,3.099999999999978e-05,0.00037500000000000033,-0.00013199999999999323
23219,0.012287000000000001,0.0033740000000000003,-0.065208,0.0002149999999999999,0.00015700000000000002,-2.899999999998737e-05
24971,0.006036,-0.007833,-0.06873900000000001,0.00022900000000000004,0.00014999999999999996,-0.0002189999999999831
19746,-0.001368,0.001737,-0.074527,0.00015900000000000007,0.0001299999999999999,-0.0001380000000000131
18078,-0.008244,-0.005551,-0.067883,4.799999999999943e-05,0.0001349999999999997,5.8000000000002494e-05
22754,0.006621,-0.006452,-0.07174,0.00020300000000000006,0.0001380000000000001,-0.00019500000000000073
24502,-0.008823000000000001,5.1e-05,-0.07779900000000001,0.00010100000000000213,-5.9999999999999995e-05,-0.00010999999999999899
20484,-0.001467,0.011708,-0.06659999999999999,5.6999999999999976e-05,0.00028300000000000027,-0.0002450000000000091
19094,-0.010751,0.009753,-0.06336,0.00011300000000000025,0.00021400000000000065,7.500000000000562e-05
23833,0.011359999999999999,-0.002906,-0.072622,-5.400000000000023e-05,-1.0999999999999725e-05,-7.999999999999674e-05
22060,-0.010128,-0.000695,-0.062535,-0.00010099999999999866,0.000247,-2.9000000000001247e-05
21352,-0.004179,0.005051999999999999,-0.06954,0.00014700000000000043,0.0001280000000000005,-3.299999999999137e-05
22915,-0.012422,0.006919,-0.07257,-6.699999999999935e-05,0.00011499999999999965,-2.000000000002e-06
22305,0.005463,0.006,-0.06628,0.00010500000000000006,0.00027700000000000034,-0.00014400000000000523
24592,0.010666,-0.004391,-0.062024,0.00014400000000000003,5.099999999999983e-05,-3.600000000000131e-05
22940,0.004742,-0.007337,-0.06578,0.0002580000000000004,0.00018199999999999987,-0.0003949999999999926
24809,0.0043419999999999995,0.0063019999999999994,-0.061116,0.0001230000000000007,0.00033299999999999996,-0.00015800000000000536
19172,0.010312,0.008614,-0.064065,0.0,0.00023899999999999963,0.00014599999999999336
24874,0.006402,0.010303000000000001,-0.059567999999999996,-7.899999999999921e-05,0.0003759999999999996,-0.00016100000000000142
11773,0.005488000000000001,0.012226,-0.072377,-0.00023900000000000136,9.799999999999913e-05,-0.00011800000000000699
24358,0.017645,0.009753999999999999,-0.06914000000000001,0.0001460000000000003,0.0,-7.499999999999174e-05
22656,-0.001655,-0.00557,-0.065858,0.00010599999999999997,0.00030599999999999985,-0.0002339999999999981
25018,-0.005529,0.0039889999999999995,-0.062456000000000005,4.0000000000000105e-05,0.0001990000000000004,0.00011000000000000593
24850,0.015257999999999999,0.0095,-0.065539,-5.7999999999999025e-05,8.500000000000174e-05,-0.00014600000000000724
24981,0.014038,0.011178,-0.061639000000000006,1.799999999999892e-05,0.00012699999999999864,1.1000000000004062e-05
23955,-0.014629,-0.0025859999999999998,-0.06686199999999999,-1.600000000000039e-05,0.00027499999999999964,-7.00000000000145e-05
24917,0.0022010000000000003,0.012093,-0.06089,-3.500000000000031e-05,0.00029299999999999986,3.299999999999831e-05
21180,-0.012802,-0.010112,-0.07032899999999999,9.199999999999833e-05,0.00020299999999999832,-0.00015300000000001424
24858,-0.010313000000000001,0.006908,-0.063702,3.9000000000002574e-05,0.00010299999999999979,5.4999999999999494e-05
24829,-0.009104,-0.004652,-0.065054,0.0002139999999999989,0.00010800000000000046,-0.00021100000000000285
24501,-0.003002,-0.0018,-0.064219,2.3999999999999716e-05,0.00011899999999999997,-7.300000000000362e-05
22410,-0.004266,-0.004343,-0.060302999999999995,4.100000000000024e-05,0.00012199999999999971,-0.00019900000000000473
24572,0.014477,-0.009252,-0.064844,0.0002349999999999991,0.00010499999999999919,2.9000000000001247e-05
24605,-0.014587,-0.002269,-0.06738,9.99999999999994e-05,0.00022900000000000004,-4.900000000000737e-05
24916,-0.006633,-0.009076,-0.076332,-2.599999999999998e-05,5.699999999999976e-05,-0.00019700000000000273
23872,0.014602,-0.006359,-0.06885,-8.900000000000054e-05,8.80000000000004e-05,-0.000124000000000013
24694,-0.004457,-0.003783,-0.063476,2.900000000000038e-05,6.400000000000025e-05,-0.00013900000000000023
24529,0.005966,-0.000537,-0.06651900000000001,3.500000000000031e-05,0.000277,-0.0003879999999999856
24164,-0.004447,0.012971,-0.070732,-0.00016299999999999995,0.00012700000000000038,-1.1999999999998123e-05
20981,0.014268000000000001,-0.003063,-0.075364,-8.800000000000127e-05,4.100000000000024e-05,-4.999999999999449e-05
19480,-0.015560000000000001,-0.007952,-0.073961,6.000000000000796e-06,0.00018300000000000087,-0.0003500000000000031
22426,-0.015295,0.008459,-0.076137,-6.499999999999909e-05,7.800000000000168e-05,-9.900000000000186e-05
24006,0.000323,0.008744,-0.064689,6.7e-05,0.0001010000000000004,-0.00012200000000001099
24731,0.004811,0.012942,-0.06694,-7.500000000000041e-05,0.00024000000000000063,-0.00017400000000000748
22120,-4.7e-05,-0.000612,-0.060915,0.00014099999999999998,0.00018000000000000004,-0.0001880000000000076
20782,-0.003813,0.011196999999999999,-0.072287,-8.200000000000004e-05,0.00016700000000000222,-0.00013799999999999923
23210,0.00666,-0.008566,-0.06382399999999999,-4.100000000000024e-05,0.00010199999999999966,3.9999999999901226e-06
23864,0.010042,0.006514,-0.062856,8.99999999999998e-05,0.000184000000000001,8.999999999999286e-05
10082,0.007284,0.010797000000000001,-0.07121899999999999,-0.00019999999999999966,-1.2000000000001593e-05,-0.00011100000000001387
21494,-0.002369,-0.001603,-0.070665,0.00013599999999999984,0.0002409999999999999,0.00014700000000000824
23316,0.006584,-0.008891999999999999,-0.071993,0.00017700000000000094,4.89999999999987e-05,-6.1000000000005494e-05
25206,0.001766,0.002319,-0.075803,6.199999999999999e-05,4.0999999999999804e-05,-0.00016299999999999648
24210,-0.005203,-0.010206,-0.07148499999999999,3.699999999999971e-05,0.0002310000000000003,3.199999999999037e-05
17666,0.013639,-0.00688,-0.067569,7.899999999999921e-05,0.0001319999999999993,7.500000000000562e-05
21735,-0.012984,0.0047480000000000005,-0.068275,0.00013000000000000164,3.2999999999999176e-05,-3.399999999999237e-05
25336,0.008904,0.010676999999999999,-0.0727,-9.99999999999994e-05,2.100000000000192e-05,-0.00019299999999999873
25412,-0.001544,0.008316,-0.066201,1.0000000000000026e-05,0.0003499999999999996,-0.00011300000000000199
24952,-0.009097,0.005798,-0.073769,-6.000000000000796e-06,7.500000000000041e-05,5.4999999999999494e-05
24579,-0.01024,-0.002734,-0.061008,-5.299999999999923e-05,8.700000000000027e-05,-0.00019800000000000373
25292,-0.001011,-0.0032040000000000003,-0.062206000000000004,0.00023899999999999995,0.00013500000000000014,-0.00010899999999999105
24890,-0.001449,0.00043599999999999997,-0.068468,0.00010499999999999984,0.00014900000000000004,5.3999999999998494e-05
23841,-0.006952,0.005484,-0.06966,0.0001929999999999996,0.0001239999999999991,3.0000000000002247e-05
24160,-0.004039,-0.008953,-0.061738,0.00010000000000000026,0.0001339999999999987,-2.6999999999999247e-05
25154,0.016035,0.005762,-0.063671,0.00012999999999999817,0.00018699999999999967,1.0000000000010001e-05
25228,-0.0027029999999999997,0.010012,-0.059649,4.399999999999977e-05,0.00016799999999999975,-0.00019299999999999873
22658,0.001047,-0.001395,-0.07559099999999999,4.700000000000017e-05,0.00012600000000000003,-8.300000000001362e-05
23213,-0.007341,-0.001512,-0.063815,4.100000000000024e-05,9.600000000000017e-05,8.899999999999186e-05
24880,-0.002538,-0.012458,-0.06357,0.00011800000000000005,0.0001360000000000007,-0.00019299999999999873
25155,-0.009272,-0.008268000000000001,-0.075423,5.600000000000223e-05,2.8999999999999512e-05,-5.2999999999997494e-05
24820,-0.003634,0.011831,-0.065401,-2.599999999999998e-05,0.00022000000000000144,-0.00026199999999999835
25165,0.002042,-0.007645,-0.07555500000000001,0.00015999999999999999,0.0001410000000000005,3.0000000000030003e-06
22741,-0.005992,-0.01038,-0.064055,0.00010299999999999979,0.0001749999999999998,-9.699999999999986e-05
23930,0.004235,0.010493,-0.076794,-0.00016700000000000048,6.599999999999835e-05,-0.00019800000000000373
24628,0.003041,0.002817,-0.060594,8.099999999999991e-05,0.0002649999999999996,-0.0002950000000000036
23112,0.004745,-0.000506,-0.074113,-5.7000000000000627e-05,0.00020100000000000006,-9.199999999999486e-05
24843,0.011588,0.0076,-0.066026,1.4000000000000123e-05,0.0001559999999999999,3.0000000000030003e-06
25098,-0.0039689999999999994,0.003849,-0.062137,8.69999999999994e-05,0.00027399999999999994,0.00022199999999999998
24822,0.014738,-0.000606,-0.065438,6.200000000000129e-05,0.00013099999999999999,5.099999999999549e-05
23081,-0.00915,-0.009714,-0.067723,1.8000000000000654e-05,0.0002500000000000002,2.8000000000014125e-05
24915,0.018021000000000002,-0.00437,-0.068213,-5.400000000000196e-05,9.799999999999913e-05,-3.0000000000002247e-05
24825,0.011635999999999999,0.000929,-0.077148,-0.00017099999999999928,0.00013599999999999994,-0.00020199999999999385
25209,-0.013718,0.010317,-0.076706,-1.5000000000001124e-05,6.300000000000056e-05,-9.500000000001174e-05
22502,-0.015096,-0.006844,-0.073615,6.499999999999909e-05,5.800000000000076e-05,-0.00016000000000000736
24599,-0.014385,-0.009748,-0.077882,-5.400000000000023e-05,0.00014899999999999983,-0.0003279999999999811
24955,-0.007962,-0.002215,-0.059142,6.100000000000029e-05,3.000000000000008e-05,-0.0001419999999999963
24206,0.0043170000000000005,-0.008111,-0.07397799999999999,0.0002199999999999997,0.0001499999999999991,-9.900000000001574e-05
24218,-0.010635,-0.007764,-0.070165,0.00019699999999999926,0.00020300000000000006,-2.799999999998637e-05
25382,-0.011944000000000001,0.011952,-0.071587,7.200000000000088e-05,-6.900000000000135e-05,7.799999999999474e-05
24928,-0.004894,-0.011937,-0.068601,5.999999999999929e-06,0.0001760000000000008,4.999999999999449e-05
25100,0.001167,-0.006163,-0.062539,0.00012199999999999993,0.00012299999999999985,-0.00022700000000000498
25104,0.013489000000000001,-0.001716,-0.07250100000000001,-4.700000000000017e-05,3.200000000000013e-05,-4.999999999999449e-05
25111,-0.001109,-0.010044,-0.06443399999999999,0.00013500000000000003,0.00011200000000000099,-0.00028700000000000947
24918,0.004484,0.0043230000000000005,-0.060851999999999996,0.00017299999999999954,0.00029799999999999965,-0.00010800000000000393
24534,-0.011828,-0.00447,-0.07727500000000001,-3.900000000000084e-05,-6.499999999999995e-05,-9.199999999999486e-05
16587,0.01592,-0.002366,-0.066804,6.700000000000109e-05,0.00019300000000000003,-7.500000000000562e-05
24857,0.010977,0.005808,-0.064027,0.00016199999999999895,0.00026099999999999995,-7.400000000000462e-05
19843,-0.00271,0.008666,-0.068057,4.0000000000000105e-05,0.00024000000000000063,9.600000000001274e-05
20750,0.006889,-0.006901,-0.06806100000000001,0.00020699999999999972,8.899999999999967e-05,-0.00030799999999998884
24510,0.002471,-0.004221,-0.061988,0.00020699999999999972,0.0001719999999999994,-0.00019100000000000367
25200,0.000887,-0.012985,-0.067039,0.00022900000000000004,0.00015400000000000136,-0.00025799999999999434
22944,0.011029,0.009473,-0.06417,-4.49999999999999e-05,0.00015999999999999868,2.9000000000001247e-05
22941,0.010353,0.002867,-0.07656600000000001,-0.00013599999999999897,9.99999999999699e-07,-7.099999999998774e-05
24835,-0.01216,0.003606,-0.067693,0.00018699999999999967,0.00035200000000000075,0.00013299999999999423
24859,0.016572,-0.011012000000000001,-0.072581,6.499999999999909e-05,0.00015500000000000236,3.0000000000002247e-05
14446,-0.009422,0.003157,-0.06784399999999999,0.0002620000000000001,0.00017399999999999968,0.00017599999999998173
22337,0.0016120000000000002,-0.002234,-0.068194,0.00014399999999999981,0.0003029999999999999,-0.00015299999999998648
18856,-0.015441,0.006958,-0.074292,-1.1000000000000593e-05,0.00012899999999999977,2.899999999998737e-05
18491,-0.007317000000000001,0.011904999999999999,-0.071378,-0.00010099999999999953,0.00016900000000000075,-0.00016800000000001536
22641,0.001016,-0.010035,-0.06688,0.00011399999999999995,0.00016099999999999969,-0.00027699999999999947
21052,0.003436,-0.002832,-0.068289,4.000000000000097e-06,0.0002460000000000001,-0.00019199999999999773
24056,-0.005873000000000001,-0.010013999999999999,-0.072159,2.000000000000092e-05,0.00029099999999999786,0.00012199999999999711
23848,0.005063,-0.004776,-0.063737,0.00018899999999999993,0.0002029999999999992,-0.00032499999999999196
25233,-0.009401,0.010288,-0.07601300000000001,-5.300000000000096e-05,0.0001389999999999985,-0.00026199999999999835
20865,0.001941,-0.000536,-0.06851900000000001,1.299999999999999e-05,0.000331,-9.399999999998299e-05
22675,0.010448,-0.008499000000000001,-0.068839,0.00020500000000000032,-4.49999999999999e-05,1.1999999999998123e-05
21353,0.004106,0.003528,-0.067812,-5.000000000000664e-06,0.0002570000000000003,-2.6999999999999247e-05
24250,0.002593,0.011264,-0.073122,-0.00017899999999999947,0.00011600000000000152,-0.00011699999999999211
24182,0.012733000000000001,-0.006046999999999999,-0.068382,-6.000000000000796e-06,0.00012599999999999938,3.699999999999537e-05
22965,-0.001658,0.010826,-0.068742,-2.3999999999999933e-05,0.00024199999999999916,-0.00017900000000001248
24360,-0.015798,-0.01139,-0.07551000000000001,1.2999999999999123e-05,0.00034,7.10000000000155e-05
22968,-0.013992000000000001,0.004553,-0.071385,-8.999999999998592e-06,0.00011900000000000018,-1.2999999999985246e-05
25013,-0.009624,-0.005824,-0.060092,0.00019000000000000093,0.00011099999999999999,-0.00028600000000000153
21376,-0.011757,0.001012,-0.07226099999999999,0.00011399999999999952,9.499999999999982e-05,-0.0001290000000000041
19080,-0.009082000000000002,0.0026179999999999997,-0.073514,8.800000000000127e-05,6.300000000000056e-05,-5.2999999999997494e-05
25020,0.017126000000000002,-0.005118999999999999,-0.071949,-3.500000000000031e-05,7.499999999999955e-05,-0.00010399999999999299
24966,0.011531000000000001,0.001082,-0.060141,0.00019099999999999846,0.00031499999999999996,-0.00019199999999999773
24175,-0.005189,-0.0016790000000000002,-0.07526000000000001,0.0,0.00011700000000000013,-1.9999999999881224e-06
25345,0.002784,-0.011688,-0.073006,0.0002999999999999999,8.299999999999974e-05,-0.00019399999999999973
23349,0.011805999999999999,0.001363,-0.063904,0.0001520000000000011,0.0002239999999999998,-4.900000000000737e-05
24281,0.010277,0.010659,-0.06365,-2.1000000000000185e-05,0.00022699999999999977,-0.0001239999999999991
24509,0.018053999999999997,0.004405999999999999,-0.06888,1.3000000000002593e-05,9.000000000000154e-05,-1.2999999999999123e-05
23855,-0.012168,0.012076,-0.066148,4.60000000000009e-05,4.99999999999997e-05,3.0000000000030003e-06
24173,0.01559,0.005097000000000001,-0.071588,2.9999999999998778e-05,0.00016799999999999888,-0.00014100000000000223
24957,0.014419000000000001,-0.005004,-0.06575,0.00012799999999999964,2.900000000000038e-05,4.000000000001225e-05
25375,-0.011071999999999999,-0.010228999999999999,-0.067802,2.099999999999845e-05,0.0003559999999999987,-0.0003570000000000101
23110,0.015632999999999998,-0.005413,-0.072173,-5.399999999999676e-05,6.600000000000009e-05,-3.199999999999037e-05
25210,0.0030859999999999998,-0.011823,-0.07136400000000001,0.00026000000000000025,0.0001250000000000001,-0.00035799999999998333
22492,0.00554,-0.01075,-0.065106,0.00014700000000000043,0.0001389999999999985,-5.600000000001437e-05
24507,-0.004572,-0.010393000000000001,-0.069123,-4.30000000000005e-05,0.00021300000000000138,3.899999999999737e-05
22919,-0.0020369999999999997,-0.000516,-0.070677,3.799999999999984e-05,0.00021099999999999998,0.00012199999999999711
23271,0.003477,-0.0052060000000000006,-0.06937900000000001,0.00016799999999999975,0.00027500000000000094,-0.00017999999999998573
25101,0.00181,0.004522,-0.070048,0.00011300000000000004,0.00035400000000000015,5.6000000000000494e-05
22624,-0.008217,0.012721999999999999,-0.06739700000000001,1.2999999999999123e-05,0.00022000000000000144,-0.00012399999999998523
24187,0.013936,-0.004346,-0.072735,3.500000000000031e-05,7.099999999999988e-05,-2.1000000000007124e-05
25391,-0.005821,-0.009079,-0.070375,5.3000000000000096e-05,0.00014400000000000003,8.199999999998486e-05
24546,0.000157,-0.0024159999999999997,-0.070448,0.000155,0.00020799999999999942,-1.8000000000004124e-05
25121,0.009195,-0.008919,-0.064087,0.00010399999999999993,0.00018599999999999867,3.499999999999337e-05
21394,-0.015959,-0.0036680000000000003,-0.07230800000000001,-2.1000000000000185e-05,0.0002450000000000004,-8.299999999999974e-05
25069,-0.005418,0.010831,-0.070196,-3.4000000000000176e-05,0.0001559999999999999,-0.00010999999999999899
25248,0.006125,-0.005582,-0.075193,-6.799999999999948e-05,9.8e-05,-4.300000000000137e-05
25265,0.00708,0.006369,-0.067407,0.00018400000000000014,0.00022400000000000024,-0.00012199999999999711
23205,-0.010037,0.003731,-0.070063,0.00016299999999999995,-1.299999999999999e-05,2.0999999999993246e-05
23977,0.011725,-0.013286,-0.07098499999999999,9.800000000000086e-05,-5.000000000000143e-05,-2.7000000000013125e-05
24513,0.004942,3.9e-05,-0.064486,0.0001510000000000001,0.00025699999999999996,-0.00011099999999998611
20957,0.011276,-0.006627,-0.071092,8.3999999999999e-05,0.00011300000000000025,-1.6999999999989246e-05
16494,-0.0051340000000000005,0.001842,-0.062844,6.600000000000095e-05,0.0002900000000000001,0.00016099999999999448
24512,0.009099,-0.002101,-0.077273,3.0000000000012655e-06,8.099999999999991e-05,-0.00015500000000000236
24724,-0.0012729999999999998,0.00838,-0.068413,-3.600000000000001e-05,0.00027099999999999867,-9.900000000000186e-05
25317,0.00888,0.0043760000000000005,-0.05754,0.0001439999999999983,0.00023700000000000023,-6.400000000000156e-05
22676,-0.006734,-0.009529999999999999,-0.070464,-2.499999999999985e-05,0.0002649999999999979,5.9000000000003494e-05
9724,0.005915,0.007859,-0.070353,-1.4000000000000123e-05,0.00013400000000000044,-0.00011800000000000699
22303,0.002402,0.004867,-0.064557,0.00013699999999999997,0.00028000000000000073,-0.00016900000000000248
23828,-0.007418,-0.0040750000000000005,-0.077758,-3.2999999999999176e-05,0.00011400000000000039,2.799999999998637e-05
13766,-0.011362,-0.0013080000000000001,-0.065848,9.999999999999593e-06,0.00039800000000000013,-3.699999999999537e-05
24498,-0.006874,-0.008705000000000001,-0.074489,0.00012299999999999985,0.00012800000000000138,-0.00011099999999999999
24832,0.000128,-0.012844,-0.06676699999999999,0.00019800000000000002,0.0001310000000000009,-0.0001810000000000006
16325,-0.002457,-0.005656,-0.068162,0.00013199999999999974,0.000266999999999999,2.0999999999993246e-05
24594,-0.014439,0.009781,-0.067708,2.8000000000000247e-05,7.700000000000068e-05,6.0000000000060005e-06
25133,-0.008898,0.0017980000000000001,-0.060605,-9.200000000000007e-05,0.00016799999999999975,0.00014799999999999536
25176,-0.004702,-0.002883,-0.062060000000000004,0.00013900000000000023,0.00016800000000000018,5.200000000000343e-05
21703,-0.004666,-0.001972,-0.071804,0.00012399999999999998,0.0003179999999999999,1.0999999999997123e-05
16492,-0.005098,0.002043,-0.064224,5.9000000000000025e-05,0.00015099999999999966,0.00014200000000000323
24615,0.012582000000000001,-0.010584,-0.065238,0.00012799999999999964,0.00011500000000000052,-4.699999999999149e-05
24824,-0.012323,0.010669,-0.065336,8.099999999999948e-05,4.0000000000000105e-05,-1.0999999999983245e-05
18178,0.004081,0.009744,-0.072476,-7.900000000000094e-05,9.500000000000133e-05,-9.499999999999786e-05
24621,-0.011267,0.010086,-0.06967,6.399999999999982e-05,3.7000000000000574e-05,3.899999999999737e-05
24586,0.003878,-0.001181,-0.062569,0.0002560000000000006,0.0001740000000000001,-6.1000000000005494e-05
24188,-0.013184,0.0022010000000000003,-0.07729699999999999,7.899999999999921e-05,6.399999999999982e-05,-8.500000000001562e-05
25132,-0.000612,0.00711,-0.073208,-9.599999999999995e-05,6.999999999999975e-05,-0.0001239999999999991
21155,0.006785,-0.009506,-0.071325,0.00022400000000000024,9.60000000000006e-05,5.999999999992123e-06
25189,-0.006395,4.4e-05,-0.066355,0.0001559999999999999,0.00013099999999999999,8.500000000000174e-05
20647,-0.011244,0.010448,-0.06526900000000001,-3.4999999999998574e-05,0.00015899999999999942,-0.00023699999999998722
23215,0.016769,-0.010055,-0.068873,2.3999999999999716e-05,8.499999999999827e-05,-1.0999999999997123e-05
25131,0.014993000000000001,0.004642,-0.06535099999999999,0.0001549999999999989,0.00018899999999999993,-6.799999999999862e-05
24254,0.015151999999999999,0.006927,-0.06483199999999999,0.00011700000000000078,0.0002230000000000001,-7.800000000000862e-05
23525,-0.009702,-0.005966,-0.07438,-4.89999999999987e-05,0.00018800000000000067,-1.5000000000001124e-05
23953,-0.013401,0.004942,-0.064163,7.499999999999868e-05,0.00020899999999999998,0.00016199999999999548
25138,0.00022700000000000002,-0.009179999999999999,-0.077053,1.4999999999999985e-05,7.399999999999941e-05,-7.00000000000145e-05
25147,0.001905,-0.0034289999999999998,-0.066271,0.000196,0.0002859999999999998,-2.000000000002e-06
24499,-0.008719,0.009093,-0.063986,-7.0000000000017965e-06,0.00023799999999999863,-5.0000000000050004e-06
24316,0.016797,0.008773999999999999,-0.071534,9.10000000000008e-05,0.00015500000000000062,-0.00020500000000001073
24191,-0.012631999999999999,0.002178,-0.063689,0.00019099999999999846,0.00016400000000000008,3.899999999999737e-05
15632,0.004744,0.011720000000000001,-0.07284099999999999,-0.0002149999999999999,0.00017099999999999928,-0.00017300000000000648
24909,0.012285,0.009892,-0.064976,-0.00010400000000000166,0.00016299999999999995,-2.0999999999993246e-05
25140,-0.005413,0.009786,-0.068964,0.00010800000000000046,7.900000000000094e-05,-9.700000000001374e-05
24558,-0.00316,0.005425,-0.072145,3.300000000000048e-05,0.00010299999999999979,4.200000000000037e-05
24954,0.006012,-0.012952,-0.069922,0.00014500000000000016,0.00010500000000000093,3.9999999999901226e-06
23278,0.012211,0.002918,-0.068775,0.00014899999999999983,6.199999999999999e-05,-1.5000000000001124e-05
25134,-0.003892,0.010041,-0.075211,-0.0002159999999999996,0.00017200000000000028,-0.00015099999999999836
22666,0.005293,-0.0032370000000000003,-0.069398,0.00010000000000000026,0.0003240000000000005,-0.0002390000000000031
24908,-0.002216,0.004485,-0.072227,8.399999999999987e-05,0.0001860000000000004,2.4999999999997247e-05
23702,0.007566,-0.00034599999999999995,-0.061298000000000005,0.00019200000000000033,0.00029699999999999996,-0.0002489999999999923
18094,-0.002477,-0.000634,-0.068513,6.499999999999995e-05,0.00021400000000000005,8.600000000000274e-05
16470,0.002418,0.006808,-0.07357999999999999,-9.900000000000013e-05,6.399999999999982e-05,-0.00015400000000000136
22727,-0.008447,-0.009694000000000001,-0.061869,0.00011499999999999878,0.0001570000000000009,-0.00023100000000000204
25257,-0.000231,0.000219,-0.058857999999999994,0.000135,0.00025299999999999997,-0.0001540000000000083
24836,0.003767,0.0008629999999999999,-0.06353199999999999,0.00028499999999999923,0.00021500000000000002,5.1999999999996493e-05
20411,0.009042,0.00993,-0.073132,-2.9999999999998778e-05,0.00012799999999999964,-0.00031799999999999884
23250,0.009420999999999999,-0.0051340000000000005,-0.07411799999999999,-2.4999999999997247e-05,9.700000000000073e-05,-0.00011200000000001487
21103,-0.006328,0.005708,-0.06846200000000001,4.49999999999999e-05,0.0002919999999999997,1.9000000000005124e-05
24181,-0.007772,0.002422,-0.07156799999999999,4.7000000000001034e-05,5.499999999999993e-05,-1.3000000000013001e-05
25126,0.0028039999999999996,-0.010851000000000001,-0.071782,0.00027600000000000064,0.0001310000000000009,-0.0003610000000000002
18218,-0.007245,0.012093,-0.06714,-7.800000000000081e-05,0.0001820000000000016,-0.0001260000000000011
24600,-0.014882999999999999,-0.009231999999999999,-0.073364,-1.3000000000002593e-05,0.00031299999999999904,-0.00011200000000000099
22992,-0.001506,-0.008964,-0.07158199999999999,0.00010000000000000005,0.0001499999999999991,-0.00017000000000000348
24523,-0.008558999999999999,0.011899,-0.064256,4.999999999999796e-05,0.00027000000000000114,-0.00015000000000001124
23876,0.012322,-0.003113,-0.07177599999999999,3.400000000000104e-05,8.399999999999987e-05,-6.799999999999862e-05
23905,0.017751000000000003,0.004019999999999999,-0.07141299999999999,-2.8000000000003716e-05,0.00011900000000000105,-7.800000000000862e-05
22630,0.001281,0.004685,-0.07251600000000001,0.00010800000000000002,0.00013299999999999944,-9.799999999998699e-05
24199,0.015166,0.008938,-0.065274,-9.99999999999994e-05,9.49999999999996e-05,-6.399999999999462e-05
21999,-0.008971999999999999,0.00863,-0.07477299999999999,-5.400000000000023e-05,0.00013099999999999917,-2.9000000000015125e-05
24931,-0.01141,-0.005789,-0.063885,7.200000000000088e-05,0.00021599999999999918,-0.0003049999999999997
24840,0.013219,0.009603,-0.07167799999999999,-4.800000000000117e-05,-7.799999999999994e-05,-5.200000000001037e-05
20810,0.008757999999999998,-0.002776,-0.06533,9.30000000000028e-05,0.00033299999999999996,-0.0002999999999999947
22649,-0.0024660000000000003,0.007562,-0.0658,8.300000000000017e-05,0.0002879999999999992,-0.00010799999999999699
22759,0.012573,0.008936,-0.066209,-6.100000000000029e-05,0.00016799999999999975,-7.999999999994123e-06
25103,-0.009407,-0.006253999999999999,-0.062767,9.800000000000086e-05,0.0002239999999999985,-0.00021399999999999197
25136,-0.005322,-0.009444000000000001,-0.07406399999999999,0.0001490000000000007,8.7000000000002e-05,-7.00000000000145e-05
24838,-0.012943,-0.0034249999999999997,-0.069091,-3.099999999999978e-05,6.299999999999969e-05,0.00021300000000000485
25137,0.008526,-0.009337999999999999,-0.06685200000000001,0.0003320000000000007,0.0003539999999999984,0.00015800000000000536
23573,0.016784,0.011699999999999999,-0.068199,2.2999999999998716e-05,-8.2999999999998e-05,-0.00014499999999999236
22299,-0.005131999999999999,-0.0020440000000000002,-0.067566,8.799999999999954e-05,0.00020800000000000007,1.000000000001e-06
25115,0.011445,0.012712,-0.069131,-0.0002889999999999993,2.300000000000045e-05,-0.00015300000000001424
17276,0.015615,0.011602,-0.072947,-6.199999999999956e-05,2.5000000000000716e-05,-0.0003470000000000001
24322,0.016009,0.009361000000000001,-0.072865,5.3999999999998494e-05,3.999999999999837e-05,-0.00032999999999999696
24649,0.008721,-0.012536,-0.061278,9.900000000000013e-05,0.0001910000000000002,-4.799999999999943e-05
22615,-0.004056,0.002851,-0.069075,8.099999999999948e-05,7.100000000000032e-05,-3.100000000000325e-05
22632,-0.001317,-0.010461999999999999,-0.065535,0.00014100000000000007,0.00015300000000000036,-0.0002360000000000001
24826,0.004713,-0.007878,-0.063906,0.000255,0.00026299999999999935,-0.00012899999999999023
22932,0.009426,0.0065060000000000005,-0.064316,7.000000000000062e-05,0.0001799999999999996,4.900000000000737e-05
23516,-0.004068,0.009304999999999999,-0.06724,4.69999999999993e-05,0.00018400000000000187,-9.499999999999786e-05
25118,-0.006968,-0.004955,-0.068997,-4.2999999999999636e-05,0.00015399999999999962,3.0000000000002247e-05
25028,0.014501,-0.001279,-0.065018,5.099999999999896e-05,8.399999999999987e-05,3.600000000000825e-05
24542,0.013021000000000001,-0.002353,-0.066386,0.0001739999999999988,0.00010399999999999993,5.2999999999997494e-05
9675,0.007435,0.008901,-0.07292799999999999,-0.0001380000000000001,0.0001510000000000001,-0.00016700000000000048
25124,-0.008737,-0.009006,-0.062866,3.8999999999999105e-05,0.000197000000000001,-4.499999999998949e-05
23230,-0.0047469999999999995,0.006258,-0.06345300000000001,6.399999999999982e-05,0.000255,-8.699999999998986e-05
19748,-0.006704,0.012202,-0.064051,2.1000000000000185e-05,0.0001860000000000004,-5.000000000000837e-05
24922,-0.010617000000000001,-0.010794,-0.06934399999999999,0.00017900000000000034,0.0002859999999999998,-0.0001310000000000061
24974,0.007918,0.008076,-0.062581,-4.2999999999999636e-05,0.00013800000000000097,-2.0999999999993246e-05
23657,-0.003226,0.006888,-0.06564,0.000134,0.00036200000000000034,-7.500000000000562e-05
24951,0.012617000000000001,-0.012772,-0.067247,0.0001229999999999981,-2.8999999999999512e-05,-9.199999999999486e-05
20197,0.010517,-0.010768000000000002,-0.071328,5.9000000000000025e-05,-6.899999999999788e-05,-8.199999999999874e-05
14131,0.015987,0.001677,-0.071765,9.599999999999886e-05,0.00011799999999999983,-0.00010300000000000586
19161,-0.014484,-0.006133,-0.076717,-0.00022300000000000098,2.5000000000000716e-05,-0.00013900000000000023
22619,0.001314,-0.0031309999999999997,-0.073488,-1.5999999999999955e-05,0.00014599999999999986,-3.799999999999637e-05
25211,-0.004293999999999999,-0.002818,-0.07449,4.099999999999937e-05,0.00011800000000000005,2.5999999999998247e-05
25171,0.0031190000000000002,0.009542,-0.06448000000000001,1.8999999999999486e-05,0.0002680000000000009,-0.00010499999999998011
25116,-0.011084,0.0068390000000000005,-0.064304,0.0001749999999999998,0.00016899999999999988,4.999999999999449e-05
24645,-0.012039,-0.003803,-0.063805,-1.5000000000001124e-05,0.00015099999999999966,-0.00027000000000000635
23588,0.002999,0.011195,-0.065925,-5.999999999999929e-06,0.00033199999999999896,7.599999999999274e-05
24914,-0.010967000000000001,-0.000761,-0.062621,-0.0001289999999999989,0.00014800000000000002,-0.0001920000000000116
24676,0.01225,0.004879,-0.07498300000000001,-0.00011500000000000052,3.7000000000000574e-05,-0.00020000000000000573
24943,0.004308,0.00378,-0.06901099999999999,2.0999999999999318e-05,0.00026500000000000004,-0.00017400000000000748
24849,-0.00404,-0.007508,-0.065982,0.0001590000000000003,0.00025400000000000075,-0.00011400000000000299
10746,0.006875,0.011888,-0.072917,-0.00014700000000000043,8.000000000000021e-05,-0.00014400000000000523
17431,-0.007338,0.004429000000000001,-0.070088,0.0002599999999999998,0.00011099999999999912,2.9000000000001247e-05
25203,-0.005108,-0.007291000000000001,-0.07706,8.399999999999987e-05,8.900000000000054e-05,7.999999999994123e-06
23611,-0.014407999999999999,-0.007435,-0.07029300000000001,0.00016599999999999775,0.0002180000000000003,-0.00013399999999999523
18454,-0.012055999999999999,0.000716,-0.067524,5.899999999999829e-05,0.00022900000000000004,1.4000000000000123e-05
23556,-0.002938,-0.008223000000000001,-0.073811,0.0002590000000000001,0.00013800000000000097,-0.0002960000000000046
23208,0.006671,-0.001882,-0.067105,8.5e-05,0.00026599999999999996,-0.0002440000000000081
25097,0.005931,0.002196,-0.073336,7.200000000000088e-05,0.0002279999999999999,-0.0001759999999999956
18850,-0.006529,-0.000136,-0.065304,0.0001380000000000001,0.00012,5.8999999999989616e-05
24565,0.0076100000000000004,-0.006876999999999999,-0.062437,9.99999999999994e-05,7.799999999999908e-05,-0.0002050000000000038
9764,0.014308,0.0009469999999999999,-0.07118600000000001,6.900000000000135e-05,4.300000000000007e-05,-6.799999999999862e-05
23419,0.000723,-0.011805999999999999,-0.068165,0.00024199999999999992,7.199999999999915e-05,-0.00019900000000000473
22654,-0.010673,-0.009254,-0.073553,2.300000000000045e-05,0.0001820000000000016,-0.00012000000000000899
23994,-0.014449,-0.01073,-0.07335299999999999,1.5000000000001124e-05,0.0002950000000000001,-0.00012000000000000899
21951,0.001542,0.011337999999999999,-0.070027,-5.299999999999988e-05,0.00015400000000000136,-5.9999999999990616e-05
25181,-0.001729,0.011477000000000001,-0.061378,-2.5999999999999765e-05,0.00015599999999999815,-5.3999999999998494e-05
24488,-0.0030510000000000003,0.01103,-0.065793,-6.499999999999995e-05,0.0003199999999999991,-0.00019699999999998885
23585,0.004325,0.008467,-0.06797700000000001,5.699999999999976e-05,0.0002599999999999998,-8.400000000000074e-05
21978,0.000417,0.007501000000000001,-0.06625199999999999,0.00016999999999999996,0.0001869999999999988,-0.00010900000000001187
24602,-0.006351,-0.0019479999999999999,-0.062152,0.00016799999999999975,-2.0000000000000486e-06,-0.0002040000000000028
24275,-0.003283,0.0028959999999999997,-0.07308100000000001,8.200000000000004e-05,0.00020200000000000036,-7.899999999999574e-05
24331,0.012306,-0.012667,-0.064546,0.00021099999999999938,0.00015900000000000115,-7.400000000000462e-05
25239,-0.011529999999999999,-0.004469,-0.075225,-2.599999999999998e-05,-2.900000000000038e-05,-8.099999999999774e-05
25205,0.007101,-0.001537,-0.059923000000000004,0.0002390000000000005,0.0002180000000000001,-0.00014899999999999636
21444,-0.00626,-0.0075769999999999995,-0.069536,0.00017200000000000028,0.00026299999999999935,-0.00014400000000000523
18819,-0.001466,0.007942,-0.07269,-6.799999999999992e-05,0.00013299999999999944,-0.00013399999999999523
23072,-0.0072380000000000005,-0.011205,-0.06829,2.2000000000000318e-05,0.0001739999999999988,8.600000000001662e-05
23518,-0.0039049999999999996,0.011335000000000001,-0.07001600000000001,-4.100000000000024e-05,0.00023999999999999716,-7.099999999998774e-05
21161,0.006417,-0.001582,-0.072889,-6.100000000000029e-05,0.0001820000000000001,-8.800000000000474e-05
24511,0.0055049999999999995,-0.0020800000000000003,-0.07343899999999999,-7.599999999999881e-05,0.00020200000000000036,-7.500000000000562e-05
22661,0.011666000000000001,0.006398,-0.075688,-0.00016099999999999969,8.700000000000027e-05,-0.00013699999999999823
12914,0.014437,0.0027069999999999998,-0.072659,5.299999999999923e-05,0.0001290000000000002,-0.0001310000000000061
25093,0.000426,-0.011904,-0.065808,0.00025800000000000004,0.0002449999999999987,-0.0001739999999999936
24975,0.012258,-0.013283,-0.064295,0.00021500000000000165,0.00012599999999999938,1.1999999999998123e-05
24868,-0.006023,0.009054,-0.074347,-7.900000000000094e-05,3.500000000000031e-05,-0.00013499999999999623
22635,0.008775,-0.012414999999999999,-0.069095,0.00013900000000000023,0.00011899999999999931,9.699999999999986e-05
25161,-0.002089,0.009877,-0.07078799999999999,-8.199999999999961e-05,0.00023199999999999957,-6.799999999999862e-05
24528,0.011328,0.009824999999999999,-0.069744,8.200000000000048e-05,0.00010400000000000166,-0.0001239999999999991
25282,-0.003312,-0.0057469999999999995,-0.067485,0.00013299999999999987,0.00020300000000000006,6.499999999999562e-05
22340,0.008197,-0.006706,-0.06551,6.399999999999982e-05,0.00016899999999999988,-1.5000000000001124e-05
24008,0.008505,0.002989,-0.07016800000000001,0.00023899999999999963,0.00018199999999999987,-6.299999999997974e-05
19554,0.008272999999999999,-0.011786,-0.06608199999999999,0.00023800000000000036,0.00011699999999999905,0.0001679999999999876
24178,-0.000502,-0.011938,-0.073783,0.00010299999999999996,0.00017900000000000034,5.7000000000001494e-05
24283,0.008706,0.002693,-0.062012,0.00020799999999999985,0.00033599999999999993,-0.00012100000000000305
25365,0.000495,0.010674,-0.072563,-0.00010099999999999996,7.000000000000062e-05,-7.400000000000462e-05
24262,-0.014011,0.007891,-0.070712,0.00011399999999999952,-7.000000000000062e-06,-5.000000000000837e-05
24398,-0.001977,-0.007292,-0.076414,3.999999999999989e-05,0.00015399999999999962,-0.00019900000000000473
24184,-0.01141,0.000629,-0.073119,0.0001910000000000002,6.799999999999992e-05,-8.199999999998486e-05
25146,0.005125,-0.010960000000000001,-0.067883,0.00020600000000000045,6.0000000000001025e-05,0.00020499999999999685
24333,-0.000493,-0.00615,-0.063774,0.00019299999999999997,0.0002840000000000004,-0.00015700000000000436
12819,-0.006173,0.006256,-0.071452,4.19999999999995e-05,5.799999999999989e-05,-4.699999999999149e-05
24604,-0.009196999999999999,0.004893,-0.058203000000000005,3.699999999999884e-05,0.00022700000000000064,-9.199999999999486e-05
24810,-0.00744,0.0008,-0.06574200000000001,7.300000000000015e-05,0.00018199999999999998,0.00010600000000000886
16960,-0.008239000000000002,0.0013460000000000002,-0.067153,0.00017800000000000107,0.000258,0.00020200000000000773
23926,-0.008697,0.007543,-0.067274,8.700000000000027e-05,7.799999999999994e-05,3.100000000000325e-05
25185,-0.006897,-0.000823,-0.064485,5.799999999999989e-05,0.00029599999999999993,0.00014799999999999536
24174,0.00028799999999999995,-0.003346,-0.06552,0.00029600000000000004,0.00026400000000000035,-5.7000000000001494e-05
24640,-0.005878,-0.0054269999999999995,-0.06652200000000001,0.0001460000000000003,0.00016299999999999908,1.4000000000014001e-05
25335,-0.009185,0.0019950000000000002,-0.063363,2.000000000000092e-05,0.0002689999999999997,-7.399999999999074e-05
25120,0.00297,0.010424,-0.066547,-2.7000000000000114e-05,0.0002710000000000004,-0.00010200000000000486
24888,-0.0009429999999999999,0.0050609999999999995,-0.05987,0.00017099999999999993,0.00023000000000000104,-0.0001789999999999986
9857,0.0038940000000000003,0.008985,-0.072494,-8.700000000000027e-05,0.00011399999999999952,-1.9999999999992246e-05
22978,-0.004233,0.006816,-0.07073600000000001,-1.0000000000001327e-06,7.399999999999941e-05,-6.399999999999462e-05
24769,-0.013718,0.0075970000000000005,-0.074776,-4.70000000000019e-05,0.0001429999999999999,4.699999999999149e-05
23207,0.004259000000000001,0.010558,-0.065277,5.299999999999923e-05,0.0003569999999999997,-4.099999999999937e-05
25201,-0.00762,0.008355,-0.063815,-7.000000000000062e-06,0.0002160000000000009,8.199999999999874e-05
24776,0.003734,-0.003662,-0.06789400000000001,7.700000000000025e-05,0.00024799999999999996,-0.00011599999999999111
24652,-0.014534,-0.00874,-0.072269,0.00011000000000000072,0.0001559999999999999,-0.00011699999999999211
24613,-0.008675,-0.009463,-0.059703000000000006,0.00019800000000000026,0.00015199999999999936,-0.0002009999999999998
24686,-0.0039049999999999996,-0.008591,-0.073282,5.4999999999999494e-05,0.0003170000000000013,-0.00020100000000000673
19924,0.009706,-0.005952,-0.070593,0.0001460000000000003,6.899999999999962e-05,-9.999999999871223e-07
22733,0.004436,-0.005767,-0.06457299999999999,0.00012600000000000024,0.00019200000000000033,-0.00037600000000000133
25180,-0.01122,-0.000808,-0.07587300000000001,5.10000000000007e-05,-1.699999999999998e-05,-9.999999999871223e-07
24200,-0.005909,0.011004,-0.072616,-0.00012299999999999985,0.00014400000000000003,-0.0001260000000000011
24899,-0.00246,-0.007759,-0.068161,0.00014800000000000013,0.00023600000000000097,-0.00015599999999998948
9845,0.015632999999999998,-0.0031179999999999997,-0.07288700000000001,2.4000000000003185e-05,7.799999999999951e-05,-0.00010199999999999099
24819,0.002864,-0.012439,-0.06662,0.0002480000000000004,5.000000000000143e-05,-0.0003369999999999901
23704,0.011698,0.004264,-0.06325,0.0002210000000000007,0.00041499999999999957,-0.0001300000000000051
24265,0.012924,0.010575,-0.067578,-7.799999999999994e-05,4.300000000000137e-05,-0.00011399999999998911
25164,-0.005863,-0.002036,-0.07508,-2.1000000000000185e-05,0.00010500000000000006,-0.00017600000000000948
22669,0.012155,0.003226,-0.073074,3.799999999999984e-05,0.00015700000000000002,-0.00011700000000000599
23530,0.0078,-0.009852999999999999,-0.064786,8.100000000000121e-05,0.00023599999999999836,6.999999999993123e-06
20092,0.001831,-0.002921,-0.07296,-3.2999999999999826e-05,0.0001429999999999999,4.400000000000237e-05
18789,0.010946999999999998,0.001489,-0.06647700000000001,9.900000000000013e-05,0.00010599999999999997,-0.00015299999999998648
20807,0.004301,-0.003923,-0.06768300000000001,0.00011599999999999978,0.000307,-0.00017999999999998573
17183,-2.7e-05,1.2e-05,-0.066881,0.000246,0.000252,0.00010200000000000486
23206,-0.000337,0.010781,-0.064651,6.399999999999998e-05,0.0002189999999999987,-6.40000000000085e-05
19195,-0.00287,-0.003662,-0.073795,2.0000000000000052e-05,0.00012100000000000001,3.100000000000325e-05
23992,0.000664,-0.002542,-0.073575,2.3000000000000017e-05,0.00011500000000000008,6.199999999999262e-05
22651,-0.00692,-0.005683,-0.065441,0.00020399999999999932,0.00018599999999999953,-0.00014900000000001024
24497,0.000462,0.0051470000000000005,-0.061238,0.000225,0.00025299999999999975,-0.00015199999999999936
23825,-0.010755,-0.003948,-0.07077599999999999,2.1000000000000185e-05,0.00014999999999999996,0.00015999999999999348
24232,-0.009651999999999999,0.009693,-0.065308,-2.3000000000002185e-05,0.00011299999999999852,-7.400000000000462e-05
25293,-0.013751,0.005355,-0.065324,2.499999999999898e-05,0.0002169999999999993,0.00015799999999999148
24687,-0.004785,0.001583,-0.073385,0.0001010000000000004,0.00017099999999999993,-7.100000000000162e-05
24190,-0.006543,0.00074,-0.07156100000000001,8.000000000000021e-05,2.5000000000000066e-05,1.8000000000004124e-05
24807,-0.005229,-0.002673,-0.067062,0.00012299999999999985,0.00020100000000000022,-3.499999999999337e-05
23231,0.00853,-0.005173,-0.07413299999999999,-5.599999999999876e-05,0.00010899999999999972,-0.00010999999999999899
21792,0.007891,0.010924,-0.07278,-0.00019700000000000013,-3.300000000000004e-05,-0.00020200000000000773
21348,-0.000805,0.008715,-0.073003,-8.699999999999995e-05,0.00014199999999999803,-0.00015800000000000536
22791,0.002931,-0.009643,-0.065281,9.49999999999996e-05,0.0002520000000000005,-0.00020099999999999285
24278,0.007995,0.006816,-0.071602,-1.4999999999999389e-05,7.899999999999921e-05,-0.00014100000000000223
13741,0.009000999999999999,0.001617,-0.070488,0.00017800000000000107,0.00015700000000000002,-0.00020799999999999985
20098,0.010734,-0.000232,-0.06589700000000001,0.0001489999999999981,0.000124,-3.399999999999237e-05
24608,0.001381,0.010058999999999998,-0.070802,-3.899999999999997e-05,0.0002020000000000008,-3.099999999998937e-05
19530,-0.013913,-0.0046879999999999995,-0.06877599999999999,-9.000000000000327e-06,0.00020199999999999992,-1.0000000000148779e-06
17116,0.00791,-0.000465,-0.068975,0.00016499999999999848,0.000266,-0.00022500000000000298
22400,-0.004971,-0.009185,-0.06683199999999999,0.00016199999999999982,0.00021700000000000018,-0.00015900000000000636
21713,-0.010119,0.011363,-0.06769,0.00010299999999999893,7.099999999999988e-05,-0.00020599999999999785
23045,-0.002542,-0.00359,-0.070905,9.099999999999994e-05,0.00012699999999999994,2.8000000000000247e-05
19425,-0.006681,-0.001459,-0.068132,0.00012600000000000024,0.00025,2.3000000000009124e-05
18437,-0.011578,0.007718,-0.068963,0.00010899999999999972,3.199999999999991e-05,-4.000000000004e-06
16500,0.017922999999999998,0.0031309999999999997,-0.070925,-1.1000000000000593e-05,0.00012300000000000028,-5.3999999999998494e-05
24590,0.000624,0.008647,-0.072863,-7.199999999999991e-05,7.499999999999868e-05,-0.00011200000000000099
22917,-0.003763,0.010214,-0.07173600000000001,-8.300000000000017e-05,0.00018899999999999993,-0.00011599999999999111
21957,-0.005174000000000001,-0.0016899999999999999,-0.069627,1.000000000001e-06,0.00018699999999999988,-0.00010500000000000786
19334,0.009075,0.0025859999999999998,-0.06772,0.0001299999999999999,0.0001910000000000002,-0.0002360000000000001
24910,0.0038540000000000002,0.0033290000000000004,-0.064504,0.0003200000000000004,0.0002519999999999996,-4.200000000000037e-05
24598,0.016089,0.01087,-0.072313,-0.0001010000000000004,4.900000000000043e-05,-0.00015099999999999836
25366,0.000623,-0.008114000000000001,-0.06503700000000001,0.0001470000000000001,0.00021900000000000218,-0.00018099999999998673
24240,2.2e-05,0.003819,-0.066156,8.400000000000001e-05,0.0003719999999999995,1.8000000000004124e-05
19852,-0.005282,0.00034399999999999996,-0.062715,5.3000000000000096e-05,0.0001980000000000001,0.00014200000000000323
24492,0.0019299999999999999,0.008320000000000001,-0.068326,1.5000000000000256e-05,0.00028800000000000006,-0.00013799999999999923
23600,0.014076,-0.001601,-0.071631,9.999999999999593e-06,3.6999999999999924e-05,-6.999999999998674e-05
19079,-0.003755,-0.002049,-0.069945,7.000000000000018e-05,0.0001510000000000001,-0.00011500000000000399
24562,-0.009875,0.003104,-0.075335,8.900000000000054e-05,0.00010800000000000002,-2.5999999999998247e-05
17753,0.013483,0.004692,-0.073755,3.500000000000031e-05,7.400000000000028e-05,-0.0001699999999999896
25122,0.007535999999999999,-0.00872,-0.066288,0.0002260000000000005,1.1000000000000593e-05,9.199999999999486e-05
12758,0.008291999999999999,0.00029499999999999996,-0.06959,0.00014500000000000103,0.00022600000000000002,-0.0001340000000000091
23827,0.00126,0.002139,-0.070038,0.00011799999999999983,0.0002590000000000001,6.60000000000105e-05
24547,-0.008544000000000001,0.00539,-0.069533,0.00017800000000000107,8.5e-05,-0.0001280000000000031
20732,0.008923,0.004736,-0.067401,0.00014799999999999883,0.00026900000000000014,-0.0001820000000000016
23552,-0.01191,-0.001722,-0.073834,-7.300000000000015e-05,8.400000000000009e-05,-3.399999999999237e-05
24520,0.014714,0.010709,-0.068532,-7.099999999999815e-05,-1.4999999999999389e-05,-0.0001250000000000001
23911,0.005066,-0.008412000000000001,-0.066485,0.00028999999999999946,0.000257000000000002,-2.2999999999995246e-05
21350,-0.008517,0.007615,-0.064292,4.200000000000037e-05,0.00020500000000000032,-8.999999999995123e-06
25231,-0.0035059999999999996,-0.0018340000000000001,-0.062678,0.00019999999999999966,2.20000000000001e-05,-5.6000000000000494e-05
24911,-0.013550000000000001,0.01259,-0.066893,5.20000000000017e-05,1.9999999999999185e-05,3.699999999999537e-05
24306,-0.003479,-0.000864,-0.073932,1.0000000000000026e-05,0.000156,-1.2999999999999123e-05
20713,-0.003502,-0.000964,-0.069649,0.00011199999999999969,0.00014600000000000008,1.9999999999992246e-05
21665,-0.008171,-0.000705,-0.066345,5.999999999999929e-05,0.000214,9.000000000009e-06
24408,0.008231,-0.00102,-0.069927,0.00023099999999999857,0.000339,-0.00010799999999999699
23940,0.010796,-0.004465,-0.06532500000000001,3.399999999999931e-05,0.00016000000000000042,-3.499999999999337e-05
25123,-0.001661,-0.0045460000000000006,-0.072989,7.000000000000062e-06,0.0001360000000000007,-2.7000000000013125e-05
24381,-0.014173,-0.002979,-0.06650400000000001,5.199999999999996e-05,0.0002639999999999999,2.9000000000015125e-05
15103,0.005617,0.003301,-0.07043,7.599999999999968e-05,0.0002669999999999999,-0.00019399999999998585
20748,0.015774,0.008638,-0.06952,8.999999999998592e-06,0.0001510000000000001,-0.00014800000000000924
22383,-0.0020099999999999996,-0.006731,-0.064091,0.00019499999999999964,0.0002149999999999999,2.3999999999996247e-05
23221,0.001847,-0.006498,-0.064843,0.00011899999999999997,0.00019600000000000086,-0.0002989999999999937
22321,0.007579,-0.004208,-0.070051,0.00020000000000000052,0.00011499999999999965,-0.00022300000000000098
25141,0.011805,-0.000735,-0.070852,0.00010600000000000019,7.899999999999997e-05,-0.0001280000000000031
20960,-0.008128,0.009887,-0.070226,8.000000000000021e-05,0.00015199999999999936,-9.000000000000674e-05
24875,0.000416,-0.0064,-0.07014,0.00015500000000000003,0.0002840000000000004,-0.00020500000000001073
23852,-0.007284,-0.005983,-0.072113,0.00018400000000000014,0.0002519999999999996,-9.300000000000974e-05
23839,0.006806,-0.001059,-0.066464,1.9999999999999185e-05,0.000299,-0.0002319999999999961
24504,-0.008595,0.010457000000000001,-0.068961,8.299999999999974e-05,0.00011999999999999858,-0.00022600000000000398
23546,0.012189,-0.003106,-0.068967,-8.200000000000048e-05,0.00013199999999999974,-0.00010599999999999499
23836,-0.002183,-0.010035,-0.06423999999999999,0.00013999999999999993,0.00019100000000000193,-7.700000000000762e-05
20149,-0.005860000000000001,0.005966,-0.068508,2.7000000000000114e-05,0.0001979999999999994,-5.8999999999989616e-05
16248,0.006247,0.007117,-0.075085,-0.00010899999999999972,-3.4000000000000176e-05,-0.00011999999999999511
18076,-0.008062,0.006396,-0.07141800000000001,0.00012599999999999938,4.100000000000024e-05,-0.00019399999999998585
18073,-0.0025299999999999997,0.002363,-0.065807,0.00016399999999999965,0.0003759999999999996,0.00026700000000000335
23614,0.012111,-0.000199,-0.0732,-4.1999999999998636e-05,-6.99999999999998e-06,-0.00010500000000000786
22923,0.0014930000000000002,0.002584,-0.066083,6.699999999999979e-05,0.0003089999999999998,6.499999999999562e-05
23584,0.003921,0.007274,-0.06533499999999999,0.0001730000000000004,0.00030100000000000005,-5.600000000001437e-05
13640,0.014913000000000001,0.009779999999999999,-0.072632,2.2999999999998716e-05,4.1000000000001105e-05,-0.00012599999999998723
24552,0.0061189999999999994,0.004708,-0.07137600000000001,1.299999999999999e-05,9.8e-05,-2.3999999999996247e-05
24373,-0.015692,0.000885,-0.072177,2.3000000000002185e-05,0.00023500000000000007,-0.00022300000000000098
19423,-0.0061470000000000006,0.008387,-0.063729,3.500000000000031e-05,0.0002249999999999995,-7.800000000000862e-05
19509,0.006692,-0.008058999999999998,-0.064736,4.700000000000017e-05,9.199999999999833e-05,-0.00013499999999999623
24883,0.008022999999999999,-0.01174,-0.061247,4.200000000000037e-05,0.00024399999999999943,8.500000000000174e-05
18177,0.009139,-0.002191,-0.071396,-3.500000000000031e-05,0.00017299999999999998,-4.099999999999937e-05
20992,0.0089,0.005809,-0.065277,-1.9999999999999185e-05,0.00013100000000000004,-4.000000000004e-06
23860,-0.012773999999999999,0.009712,-0.07099599999999999,0.00012699999999999864,9.299999999999933e-05,-2.7000000000013125e-05
24224,-0.001314,0.010002,-0.074268,-0.00014999999999999996,3.500000000000031e-05,-0.00014499999999999236
21390,0.00414,0.000212,-0.06719499999999999,6.399999999999982e-05,0.00029400000000000004,-0.00015300000000001424
19432,-0.005753,-0.00348,-0.067243,0.0001280000000000005,0.00027700000000000034,-9.299999999999586e-05
25112,-0.006463,0.001425,-0.062947,9.8e-05,0.0001119999999999999,5.300000000001137e-05
23608,0.006857,-0.0027229999999999997,-0.071837,-1.899999999999992e-05,0.0002149999999999999,-9.399999999999686e-05
19825,-0.000745,0.002354,-0.068257,8.199999999999993e-05,0.0002729999999999998,0.00011500000000000399
24808,-0.010376,-0.005384000000000001,-0.069172,0.00010399999999999993,0.00018700000000000053,-0.00010100000000000386
24490,-0.010407,0.005458,-0.066814,0.00022199999999999824,0.00026099999999999995,-2.0999999999993246e-05
17846,-0.007114,-0.003999,-0.067678,4.2999999999999636e-05,0.00016599999999999991,-5.7000000000001494e-05
19419,-0.007483,-0.001038,-0.06708499999999999,0.0001510000000000001,0.00021300000000000008,4.399999999998849e-05
25109,-0.0029089999999999997,0.0047009999999999994,-0.067668,7.299999999999971e-05,0.00018899999999999993,0.00011200000000001487
22298,-0.014118,-0.0009699999999999999,-0.068667,-1.9999999999985307e-06,0.00026199999999999997,-0.00013299999999999423
19259,0.0035619999999999996,0.002673,-0.06973399999999999,2.8000000000000247e-05,0.00028600000000000023,-0.00014700000000000824
24606,0.014556,0.00139,-0.066981,1.600000000000039e-05,0.00019099999999999998,4.599999999999049e-05
25105,-0.00813,-0.012281,-0.071647,0.0001010000000000004,0.0001520000000000011,2.0000000000006124e-05
21977,0.000428,6.7e-05,-0.063635,0.00015499999999999997,0.000243,4.099999999999937e-05
24620,-0.0011519999999999998,-0.0125,-0.070111,0.00013099999999999982,0.00015600000000000162,-0.00013299999999999423
19911,0.008895,-0.009086,-0.064971,5.7999999999999025e-05,0.00020799999999999985,0.00010999999999999899
14468,-0.009026999999999999,-0.0016120000000000002,-0.066501,4.999999999999796e-05,0.0001600000000000002,2.3000000000009124e-05
16935,0.004936,-0.003755,-0.070247,0.00013900000000000023,0.0002850000000000001,-0.0003110000000000057
21668,0.009112,-0.004116,-0.066797,8.99999999999998e-05,9.899999999999926e-05,-8.000000000008e-06
25142,0.010230000000000001,-0.002589,-0.066913,0.00020099999999999806,6.800000000000035e-05,-0.00019599999999998785
11113,0.001486,0.001254,-0.07127800000000001,0.0,0.000255,-2.0999999999993246e-05
23577,0.008183,-0.002143,-0.07263800000000001,-6.899999999999788e-05,0.0001420000000000002,-6.399999999999462e-05
21776,0.008183,0.006267,-0.067693,0.0001760000000000008,0.0002379999999999995,-2.6999999999999247e-05
25107,-0.012949,0.006974999999999999,-0.06666200000000001,2.6999999999999247e-05,7.800000000000081e-05,8.000000000021878e-06
21769,0.015815,0.005911,-0.068025,2.2999999999998716e-05,0.00011800000000000005,-2.9000000000001247e-05
25102,-0.00044,-0.005831,-0.062453,0.000118,0.00011499999999999965,-0.00016699999999999354
21375,-0.003379,0.005261999999999999,-0.06744700000000001,8.59999999999997e-05,0.00026099999999999995,2.2000000000008124e-05
21371,0.009695,-0.010614,-0.06743,0.00021700000000000018,0.00018199999999999987,8.900000000000574e-05
15813,0.008661,0.007324,-0.069316,3.300000000000004e-05,0.00010700000000000032,-0.0001759999999999956
16469,0.002493,0.007183,-0.071039,-3.2000000000000344e-05,8.299999999999974e-05,-0.00013799999999999923
17466,-0.011503,0.005634999999999999,-0.066263,0.00010199999999999966,0.00022700000000000064,3.0000000000002247e-05
23962,-0.003496,-0.008953,-0.068856,0.00027300000000000024,0.0002859999999999998,-0.00014999999999999736
25099,-0.001201,-0.007363000000000001,-0.06377000000000001,0.00015800000000000015,0.00019000000000000093,-9.899999999998799e-05
17124,0.008846,0.010414,-0.067818,-0.0001250000000000001,3.300000000000004e-05,-1.2999999999999123e-05
21656,-0.002742,0.004084,-0.066093,-2.5999999999999548e-05,0.00028499999999999966,-1.000000000001e-06
24258,-0.010429,-0.009571,-0.061403,0.00012700000000000038,-2.5000000000000716e-05,-0.00023100000000000204
22817,0.006133,0.005095,-0.06555200000000001,0.00010199999999999966,0.00022700000000000064,-0.00014099999999998836
10157,0.002881,-0.004596,-0.07400100000000001,-5.9000000000000025e-05,0.00017,-0.00014499999999999236
22010,0.0010220000000000001,-0.006142000000000001,-0.06975,9.099999999999994e-05,0.000184000000000001,-0.00018799999999999373
20709,0.0046890000000000005,-0.0009739999999999999,-0.066262,7.399999999999941e-05,0.00025199999999999995,-0.00022600000000000398
17489,0.007972,-0.005683,-0.067028,2.6999999999999247e-05,0.00011899999999999931,-0.00019900000000000473
24491,0.009737,-0.0024649999999999997,-0.07109,-7.000000000000062e-05,0.0001749999999999998,-1.8999999999991246e-05
9772,0.014377000000000001,-0.00038700000000000003,-0.07108199999999999,0.00012999999999999817,0.00010200000000000004,-8.900000000001962e-05
25119,0.002011,-0.004959,-0.064015,0.00021099999999999982,0.0002469999999999998,-0.00019099999999999673
25108,0.007147000000000001,0.000258,-0.066638,7.599999999999968e-05,0.000259,-0.0003369999999999901
22799,-0.0030529999999999997,-0.009057,-0.067425,0.00016799999999999975,0.00020799999999999985,-0.00019099999999999673
24541,-0.010362,-0.006102000000000001,-0.072522,7.699999999999894e-05,0.00036500000000000074,3.400000000000625e-05
17123,0.011970000000000001,0.006131,-0.067801,6.999999999998327e-06,0.00011599999999999978,-3.200000000000425e-05
21412,-0.004642,0.001929,-0.067956,7.300000000000015e-05,0.00022300000000000032,0.00011500000000000399
20723,0.009705,0.0034980000000000002,-0.065167,9.99999999999994e-05,0.00028099999999999957,-0.00019799999999998985
15121,0.004064,0.0021739999999999997,-0.067893,5.6000000000000494e-05,0.0003060000000000003,-6.0999999999991616e-05
24195,-0.005281,-0.01097,-0.07212600000000001,8.700000000000027e-05,0.0002660000000000006,6.799999999999862e-05
25160,-0.008317999999999999,-0.009439999999999999,-0.070036,5.699999999999976e-05,0.0003109999999999988,-9.800000000000086e-05
23520,-0.010921,0.002947,-0.071823,0.00010199999999999966,6.600000000000009e-05,-4.799999999999249e-05
20570,0.007660999999999999,-0.012336,-0.070017,9.800000000000086e-05,0.00013199999999999844,0.0001709999999999906
24806,-0.008158,-0.003545,-0.071857,9.60000000000006e-05,0.00019899999999999996,0.00013599999999999723
16139,-0.00212,0.004112,-0.069821,8.600000000000014e-05,0.00022099999999999984,8.400000000000074e-05
25194,-0.005142000000000001,-0.002523,-0.069377,2.2000000000000318e-05,0.00018199999999999987,-0.0001820000000000016
22096,-0.01359,-0.000257,-0.070408,0.00015900000000000115,0.00010900000000000002,-6.0999999999991616e-05
17102,-0.001678,-0.002956,-0.07164100000000001,0.000178,0.00030900000000000025,9.000000000009e-06
22358,0.003601,-0.008331,-0.066248,0.00022400000000000024,0.00021800000000000118,-0.00028600000000000847
15880,-0.006096,-0.006206000000000001,-0.06958700000000001,0.00017400000000000054,0.00019300000000000046,-1.1999999999998123e-05
