Particle,x,y,z,Vx,Vy,Vz
57093,0.013867,0.010657999999999999,-0.069944,0.0,0.0,0.0
56179,-0.003078,0.002524,-0.062973,0.0,0.0,0.0
56145,0.003287,-0.005102000000000001,-0.067861,0.0,0.0,0.0
56275,0.016864,-0.003534,-0.071975,0.0,0.0,0.0
55536,0.013902,-0.005908,-0.06883,0.0,0.0,0.0
57223,-0.007292,0.006188,-0.067649,0.0,0.0,0.0
56155,0.009772,-0.0005629999999999999,-0.069493,0.0,0.0,0.0
50128,0.003049,0.002642,-0.067314,0.0,0.0,0.0
53645,0.002917,0.009598,-0.065189,0.0,0.0,0.0
56001,-0.00534,0.00445,-0.066598,0.0,0.0,0.0
47399,-0.009364,0.001535,-0.076839,0.0,0.0,0.0
56532,0.0014579999999999999,0.002363,-0.072509,0.0,0.0,0.0
55783,0.006606,0.008827,-0.065788,0.0,0.0,0.0
56673,0.011471,0.000661,-0.06339800000000001,0.0,0.0,0.0
57150,0.008458,-0.006437,-0.060225,0.0,0.0,0.0
55605,-0.009698,-0.009805999999999999,-0.06644,0.0,0.0,0.0
46872,0.0055650000000000005,0.002206,-0.07380500000000001,0.0,0.0,0.0
54719,-0.00131,0.011023999999999999,-0.072722,0.0,0.0,0.0
56935,-0.011968,0.002058,-0.069908,0.0,0.0,0.0
56891,0.004839,-0.001443,-0.073067,0.0,0.0,0.0
56541,-0.001254,-0.011042,-0.069733,0.0,0.0,0.0
51562,0.008468999999999999,-0.007641,-0.07177299999999999,0.0,0.0,0.0
54777,0.006571,-0.0059180000000000005,-0.071617,0.0,0.0,0.0
55816,-0.007431,0.00992,-0.063304,0.0,0.0,0.0
56962,-0.004861,0.002471,-0.064171,0.0,0.0,0.0
55858,0.006355,0.011643,-0.068339,0.0,0.0,0.0
56294,-0.010929,-0.008936999999999999,-0.066137,0.0,0.0,0.0
54004,-0.000541,0.00624,-0.06313,0.0,0.0,0.0
56631,-0.012066,0.010712999999999999,-0.063185,0.0,0.0,0.0
56986,0.006226,-0.0069630000000000004,-0.062691,0.0,0.0,0.0
57094,0.009035999999999999,0.007891,-0.062214,0.0,0.0,0.0
56268,0.008676,0.007413,-0.065822,0.0,0.0,0.0
57092,0.006187000000000001,0.012298,-0.062928,0.0,0.0,0.0
56000,-0.012666,-0.002415,-0.06395,0.0,0.0,0.0
56637,0.012017,0.010546,-0.066372,0.0,0.0,0.0
53494,-0.008131000000000001,-0.002764,-0.075906,0.0,0.0,0.0
48070,-0.012029999999999999,0.012081,-0.073972,0.0,0.0,0.0
45305,-0.010222,0.013523,-0.063889,0.0,0.0,0.0
56355,0.015215,0.000102,-0.065091,0.0,0.0,0.0
55791,0.011937,-0.000188,-0.070727,0.0,0.0,0.0
57107,0.001748,-0.004,-0.072255,0.0,0.0,0.0
56905,-0.012624,0.011925000000000002,-0.076274,0.0,0.0,0.0
56732,0.013982,-0.000199,-0.071647,0.0,0.0,0.0
56424,0.005567,0.011744999999999998,-0.059821,0.0,0.0,0.0
57066,0.015497,0.00638,-0.069797,0.0,0.0,0.0
54794,0.018032,0.008964999999999999,-0.07128100000000001,0.0,0.0,0.0
52962,-0.011439,0.013016999999999999,-0.068554,0.0,0.0,0.0
56756,0.015473,0.01174,-0.072514,0.0,0.0,0.0
48058,0.005392,0.0061920000000000005,-0.06844700000000001,0.0,0.0,0.0
56895,0.001929,-0.009054,-0.07073099999999999,0.0,0.0,0.0
56237,-0.012177,-0.003735,-0.076958,0.0,0.0,0.0
54574,0.012103999999999998,0.003965,-0.064512,0.0,0.0,0.0
53792,-0.0010609999999999999,0.000248,-0.062572,0.0,0.0,0.0
56551,0.000524,0.006758,-0.065745,0.0,0.0,0.0
56898,-0.003671,-0.011274,-0.07245399999999999,0.0,0.0,0.0
52169,0.009866,-0.002994,-0.072708,0.0,0.0,0.0
55829,0.000727,0.008002,-0.075214,0.0,0.0,0.0
56904,0.008478999999999999,-0.004457,-0.071838,0.0,0.0,0.0
56209,0.007469,0.00214,-0.063241,0.0,0.0,0.0
56916,-6e-06,0.002234,-0.064545,0.0,0.0,0.0
51162,0.007173,-0.001895,-0.071073,0.0,0.0,0.0
56950,-0.005318,-0.010537000000000001,-0.07067100000000001,0.0,0.0,0.0
56956,0.000456,0.004161,-0.065747,0.0,0.0,0.0
56997,-0.001304,0.004889,-0.059945,0.0,0.0,0.0
57038,0.00926,0.009012000000000001,-0.059681,0.0,0.0,0.0
56729,-0.007966,-0.006099,-0.076104,0.0,0.0,0.0
57075,-0.012494,-0.01061,-0.062801,0.0,0.0,0.0
57076,0.012016,0.0039689999999999994,-0.075869,0.0,0.0,0.0
57123,0.009372,-0.012412000000000001,-0.066072,0.0,0.0,0.0
57126,0.003818,-0.001973,-0.075725,0.0,0.0,0.0
57186,0.015439999999999999,0.003473,-0.06400700000000001,0.0,0.0,0.0
54394,0.016052,0.008655,-0.075132,0.0,0.0,0.0
56027,8.3e-05,-0.007099,-0.075174,0.0,0.0,0.0
56217,-0.01157,0.004794,-0.07717700000000001,0.0,0.0,0.0
51704,0.000305,0.003622,-0.07484199999999999,0.0,0.0,0.0
52186,-0.001142,-0.010235,-0.068451,0.00026000000000000003,-1.1999999999999858e-05,6.299999999999362e-05
57111,-0.00017299999999999998,0.007726,-0.063675,0.00023199999999999997,0.00017900000000000034,4.600000000000437e-05
57250,-0.0044080000000000005,0.0047539999999999995,-0.077235,0.00013599999999999984,0.00034100000000000016,-0.00015600000000000336
57263,-0.010971,-0.004896,-0.059633000000000005,-2.1000000000000185e-05,4.80000000000003e-05,-0.0001749999999999946
57239,0.006887,0.0014570000000000002,-0.06846200000000001,4.799999999999943e-05,3.99999999999988e-06,9.000000000009e-06
57454,0.017373999999999997,-0.006677,-0.073098,3.900000000000431e-05,-0.00012399999999999998,-4.800000000000637e-05
56918,-0.005008,-0.011473,-0.07136400000000001,0.0002500000000000002,0.00016200000000000069,-6.999999999998674e-05
54722,0.007024,0.002332,-0.063049,-6.200000000000042e-05,2.9999999999999645e-06,-9.000000000009e-06
47764,0.000841,0.006402,-0.071822,-6.69999999999999e-05,-4.99999999999997e-05,-0.00034300000000000996
55604,0.0052699999999999995,-0.006187000000000001,-0.062348999999999995,-2.599999999999998e-05,0.00016300000000000082,-0.00022100000000000591
55497,0.014047,0.0054459999999999995,-0.06312,-2.1000000000000185e-05,0.00020300000000000092,0.00010399999999999299
54017,-0.007285,-0.001688,-0.064831,6.399999999999982e-05,0.00033,-0.0003550000000000081
57246,0.016502,0.005789,-0.07050400000000001,1.000000000001e-06,0.00029600000000000026,-0.0005949999999999983
57032,-0.008676999999999999,4e-05,-0.06392300000000001,0.00013699999999999997,0.00015700000000000002,-0.00016099999999999448
57282,0.004736,0.010055999999999999,-0.06506100000000001,2.0000000000000052e-05,-3.7999999999998105e-05,6.30000000000075e-05
56924,0.000717,0.006292,-0.06964000000000001,2.7000000000000006e-05,-2.3999999999999716e-05,-0.0003519999999999912
56804,0.013791000000000001,0.000877,-0.059741999999999996,-5.500000000000123e-05,-2.099999999999997e-05,-0.00010600000000000193
55975,0.007538,-0.012575,-0.069005,3.5999999999999574e-05,0.0001250000000000001,6.0000000000004494e-05
57290,0.013932,0.000185,-0.06235,9.199999999999833e-05,0.00026000000000000003,-0.0005420000000000008
57317,-0.008006000000000001,-0.008392,-0.069654,0.0003110000000000005,8.099999999999948e-05,7.399999999999074e-05
54476,-0.001145,-0.009665,-0.071695,0.00017,0.00016099999999999969,0.0
57333,0.000934,-0.009665,-0.061152,-0.000169,4.000000000000531e-06,-5.9000000000003494e-05
57417,0.012331,-0.004851,-0.068841,0.0002260000000000005,-4.39999999999989e-05,-0.0005320000000000047
52922,0.004076,0.002818,-0.06717000000000001,7.200000000000002e-05,-0.00019400000000000016,-5.7000000000001494e-05
57287,0.011838,0.002467,-0.061884999999999996,0.00010899999999999972,0.00010599999999999976,-1.2000000000005062e-05
57436,0.0005859999999999999,-0.003977,-0.073364,0.00014800000000000002,4.399999999999977e-05,-0.0003519999999999912
56646,0.00729,0.011337,-0.069521,-0.00014899999999999983,-0.00018199999999999987,0.0003640000000000032
53936,0.005541000000000001,-0.001021,-0.06801900000000001,0.00010999999999999899,-4.3999999999999985e-05,-0.00017699999999998273
57378,0.015960000000000002,-0.009299,-0.06527200000000001,0.00011899999999999758,3.0000000000012655e-06,-1.1999999999998123e-05
57036,-0.005894,0.002907,-0.058811,-0.00011800000000000005,9.500000000000003e-05,3.0000000000002247e-05
57196,-0.008638,0.0016220000000000002,-0.075935,-2.400000000000145e-05,0.00026199999999999965,2.2999999999995246e-05
56981,0.010587999999999998,-0.008487999999999999,-0.06178,-8.499999999999827e-05,-2.700000000000098e-05,-0.0001470000000000013
55483,0.0030670000000000003,-0.005299000000000001,-0.076344,0.00010099999999999996,0.00015500000000000062,-0.00015500000000000236
57386,0.006479,0.010951,-0.06536499999999999,1.0999999999999725e-05,0.00013599999999999897,-2.000000000015878e-06
53620,0.006267,-0.003424,-0.074252,0.00038300000000000053,0.00022900000000000004,-0.0003100000000000047
57144,-0.008841,-0.0015940000000000001,-0.059823999999999995,-0.0001559999999999999,2.0000000000000486e-06,-0.0004620000000000041
56718,0.01636,0.012865999999999999,-0.065663,0.00018500000000000114,9.699999999999986e-05,5.3999999999998494e-05
56548,0.015244,-0.002507,-0.073599,0.0002649999999999996,-6.000000000000016e-05,-0.0005219999999999947
55181,-0.001113,-0.000944,-0.073687,0.00011000000000000007,0.00013999999999999993,-0.0002469999999999972
56944,0.007083,0.003776,-0.074125,0.00011900000000000018,0.00028399999999999953,-0.00013900000000000023
57265,0.01711,-0.009172000000000001,-0.070262,-3.899999999999737e-05,-7.099999999999815e-05,4.700000000000537e-05
15880,-0.004333999999999999,0.011426,-0.071346,-0.00028300000000000027,7.000000000000062e-05,-0.00010999999999999899
56919,-0.0022570000000000003,0.003485,-0.062028,0.00021000000000000012,0.00025600000000000015,-0.0002590000000000023
55937,0.0021709999999999998,-0.003101,-0.07174599999999999,0.00016100000000000012,7.300000000000015e-05,2.899999999998737e-05
40196,-0.009089999999999999,0.012836,-0.06802899999999999,3.099999999999978e-05,0.0001449999999999993,-8.900000000000574e-05
56932,0.014392,-0.007929,-0.07068200000000001,-1.799999999999892e-05,-8.3999999999999e-05,-4.000000000004e-06
56161,0.003311,-0.007085,-0.069342,0.00019899999999999952,6.900000000000048e-05,-0.00034000000000000696
57310,-0.0035619999999999996,-0.000629,-0.06693500000000001,0.00037299999999999963,0.00033800000000000003,-6.899999999999962e-05
54785,0.013106,0.008251,-0.067776,-3.799999999999984e-05,0.00019300000000000046,-8.999999999995123e-06
57323,0.00783,-0.0009379999999999999,-0.064863,0.0002500000000000002,0.00017699999999999997,-0.0001799999999999996
55161,-0.011976,-0.004602,-0.06434999999999999,0.0001520000000000011,0.00018099999999999974,-0.00027400000000001035
57342,0.00265,-0.009762999999999999,-0.061929000000000005,-0.00011399999999999995,-8.700000000000027e-05,-4.499999999998949e-05
57345,0.006888,0.003822,-0.076614,0.0001719999999999994,6.600000000000009e-05,-0.00031399999999999484
57359,0.012976000000000001,-0.006632,-0.061954999999999996,1.1999999999998123e-05,-2.0000000000000052e-05,-9.40000000000038e-05
56930,0.007745,0.005588,-0.07226300000000001,0.00014799999999999883,0.00019700000000000013,-0.00030399999999998484
51836,-0.005068,0.011474999999999999,-0.07451300000000001,-6.100000000000029e-05,0.0003020000000000002,-0.0002289999999999931
57225,0.013174,-0.013457,-0.06418800000000001,9.200000000000007e-05,-0.00011000000000000072,4.000000000001225e-05
55584,-0.012013,0.007713,-0.0721,0.00046999999999999993,0.00015999999999999955,-8.600000000000274e-05
57533,0.004921999999999999,0.0074930000000000005,-0.06668600000000001,0.00029600000000000026,6.999999999999888e-05,0.00018400000000001748
57545,-0.00694,-0.006746,-0.072366,0.00021100000000000025,0.00018500000000000027,-6.499999999999562e-05
56771,-0.004297,-0.0041459999999999995,-0.077341,-5.099999999999983e-05,0.00013900000000000023,-0.00017000000000000348
56649,0.003984,0.000633,-0.060806,0.0001280000000000005,0.00018599999999999997,3.100000000000325e-05
57090,-0.00847,0.003956,-0.061284,0.00021099999999999938,0.0002299999999999993,0.0002349999999999991
55813,0.010825,0.002047,-0.056968000000000005,-7.500000000000041e-05,0.00021799999999999988,-0.00011499999999999705
56588,-0.010568,-0.006636,-0.07407,0.00013699999999999997,0.00027000000000000114,-2.6999999999999247e-05
52611,-0.011028,0.011314999999999999,-0.075703,2.000000000000092e-05,0.00020500000000000032,-0.00031499999999999584
52596,-0.001423,0.001393,-0.068927,0.0002459999999999999,0.00012399999999999998,-0.00033099999999999796
57753,0.0057859999999999995,-0.0065060000000000005,-0.067341,-8.299999999999887e-05,0.0003110000000000005,2.1000000000007124e-05
54360,-0.003286,0.005783,-0.070408,0.00016400000000000008,0.00010600000000000019,-0.00016700000000000048
57622,0.002149,-0.006167,-0.062588,0.00012200000000000015,-4.4000000000000636e-05,-0.0005349999999999938
57597,-0.000356,-0.009057,-0.071679,9.399999999999995e-05,0.00014000000000000123,-1.0999999999997123e-05
57488,-0.000865,-0.0061200000000000004,-0.074174,0.00011999999999999999,0.00014000000000000037,-0.00011999999999999511
57425,-0.009237,-0.01117,-0.07238800000000001,0.00022000000000000144,0.0,0.00010400000000000686
52677,0.005757,-0.003164,-0.068437,0.00013400000000000044,7.100000000000032e-05,-0.0004840000000000122
57297,-0.005898,0.011034,-0.073572,-2.8000000000000247e-05,0.0003409999999999993,-0.00018899999999999473
57439,-0.008679000000000001,-0.006468,-0.066053,0.00017300000000000128,1.700000000000052e-05,-0.00022099999999999898
49092,-0.003609,0.009890000000000001,-0.068015,-0.00020500000000000032,0.00012199999999999885,-0.00011899999999999411
55452,-0.008431,-0.000769,-0.07534,6.699999999999935e-05,0.00010800000000000002,-9.199999999999486e-05
57635,0.015013,0.006293999999999999,-0.07086400000000001,0.00010899999999999972,0.00036800000000000027,-9.299999999998199e-05
56734,-0.013195,-0.006417,-0.076276,0.00020700000000000059,0.0002580000000000004,-9.800000000000086e-05
55089,-0.007764999999999999,0.008157,-0.063053,0.00015700000000000002,0.0004010000000000003,7.000000000000062e-05
57781,-0.01368,-0.007969,-0.072884,0.00020299999999999832,0.0003370000000000005,0.0005190000000000056
57390,0.009975,-0.008814,-0.061231,-4.699999999999843e-05,4.000000000000531e-06,-0.00013299999999999423
57467,-0.008661,0.007193,-0.075607,7.599999999999968e-05,0.00018400000000000014,-0.00016200000000000936
57321,0.003213,-0.009522000000000001,-0.066291,7.299999999999971e-05,-0.00010999999999999899,-2.000000000002e-06
54824,0.012258,-0.009259,-0.06444799999999999,0.00010700000000000119,0.00011800000000000005,1.9999999999992246e-05
57354,0.003199,0.007099,-0.077204,0.00015999999999999999,0.0001719999999999994,-0.00032500000000000584
57624,0.004494,-0.0002,-0.071076,0.00031899999999999984,0.00013700000000000002,-0.00038900000000000046
56540,-0.005535999999999999,-0.007647,-0.07393300000000001,0.0002139999999999989,0.00020600000000000045,-8.899999999999186e-05
57040,0.00046,0.0028799999999999997,-0.06682500000000001,0.000291,6.200000000000042e-05,-0.0001779999999999976
57484,-0.010491,-0.00631,-0.059851999999999995,1.4999999999999389e-05,-6.899999999999962e-05,-0.00025100000000000816
56190,0.015367,0.008846,-0.069446,0.0002239999999999985,0.00016799999999999975,-8.200000000001262e-05
57717,0.0023450000000000003,0.005474000000000001,-0.063086,-0.0001940000000000006,9.299999999999933e-05,-0.00015899999999999248
55449,0.016600999999999998,0.008627000000000001,-0.06911199999999999,0.0003980000000000025,0.0002349999999999991,-0.0001880000000000076
57648,-0.011627,0.009882,-0.066562,-8.300000000000148e-05,-9.999999999992654e-07,-1.0000000000010001e-05
57632,-0.0036810000000000002,-0.008304,-0.06026,-0.00030100000000000005,0.0002460000000000014,-0.0003249999999999989
55901,0.016491,-0.012177,-0.06944,1.4000000000000123e-05,-0.0002009999999999998,-8.099999999999774e-05
54058,0.000205,0.010641999999999999,-0.075745,-8.099999999999999e-05,0.00010700000000000119,-0.0002219999999999861
57657,-0.01071,-0.00139,-0.063729,6.300000000000056e-05,0.000201,-0.00028300000000000547
51554,0.003048,-0.002195,-0.074567,0.00011399999999999995,0.0001479999999999997,-0.00034000000000000696
57656,0.014119999999999999,-0.01252,-0.07061,0.0001310000000000009,-4.900000000000043e-05,2.5000000000011124e-05
52531,0.009158,-0.00025,-0.06993899999999999,0.0001420000000000015,5.8e-05,-0.0003300000000000247
56928,-0.012647,-0.012198,-0.06512000000000001,-1.0999999999998858e-05,4.000000000000531e-06,1.5000000000001124e-05
57763,-0.001778,0.007984,-0.07639,-3.99999999999988e-06,0.00025900000000000055,-0.00026099999999999735
56587,0.012279,-0.008388999999999999,-0.071014,-2.199999999999945e-05,0.00010299999999999893,-0.00028600000000000847
55831,0.008293,0.006104,-0.076038,0.00025799999999999955,9.200000000000007e-05,-0.0004800000000000082
57555,0.016807,0.006405,-0.06888,0.00022099999999999898,0.0004529999999999994,-0.00021900000000001085
57162,0.011434,-0.012945,-0.06403700000000001,8.800000000000127e-05,2.199999999999945e-05,0.00010400000000000686
57803,-0.001193,0.011786,-0.062082,0.0001380000000000001,7.500000000000041e-05,8.000000000001062e-06
54375,0.017451,-0.004233,-0.074719,0.0003809999999999994,0.00012299999999999985,-0.0004849999999999993
57975,0.01005,-0.012323,-0.069983,0.00013699999999999997,9.200000000000007e-05,3.200000000000425e-05
54444,0.016947,0.007466,-0.074087,0.00028199999999999753,0.00021199999999999952,-0.00022600000000000398
57618,0.00111,-0.007854,-0.0703,0.0003179999999999999,2.8000000000000247e-05,-0.0002930000000000016
57353,-0.005154,-0.001841,-0.07537300000000001,0.00010099999999999953,0.0002509999999999999,-0.00019599999999998785
57628,0.007756,-0.0023450000000000003,-0.057957999999999996,0.0001319999999999993,0.0001820000000000003,-0.0004299999999999998
57645,0.01367,0.001206,-0.06443,0.0001559999999999999,0.00015899999999999985,-1.0999999999997123e-05
57647,-0.010663,-0.009609999999999999,-0.070022,0.0002910000000000013,0.00010599999999999846,4.500000000000337e-05
54377,0.004595,-0.009414,-0.068967,0.0003579999999999998,-4.60000000000009e-05,-0.00032399999999999096
57314,-0.0005639999999999999,0.012468,-0.062334,2.299999999999991e-05,0.00018299999999999914,0.00017400000000000054
57692,0.008826,-0.01066,-0.072297,0.0002189999999999987,7.499999999999868e-05,-3.100000000000325e-05
56993,0.001574,-0.012958,-0.063256,0.00021299999999999986,5.300000000000096e-05,-1.2999999999985246e-05
56207,-0.010804000000000001,0.003943,-0.062218,0.00010700000000000119,0.00016400000000000008,-3.199999999999731e-05
57756,-0.014093999999999999,-0.007095,-0.075125,0.000533999999999998,0.00027099999999999954,0.0001280000000000031
57806,0.013059,0.00948,-0.071437,7.200000000000088e-05,0.00022199999999999998,-0.00021099999999998897
57325,0.0020139999999999997,-0.004672,-0.067548,-4.99999999999997e-05,-2.0000000000000052e-05,-0.0004209999999999908
56855,0.009353,0.00204,-0.070409,-4.99999999999997e-05,-3.2000000000000344e-05,-0.00019800000000000373
48448,-0.012369,0.009092000000000001,-0.06893,0.00033799999999999976,4.0999999999997636e-05,-6.399999999999462e-05
57496,-0.010265,-0.0021709999999999998,-0.073632,0.0002849999999999988,0.00017699999999999964,-8.199999999999874e-05
47174,0.0034260000000000002,0.004725,-0.068943,7.699999999999981e-05,-3.4000000000000176e-05,-0.00026399999999998647
56671,0.008237,-0.005344000000000001,-0.059919,3.400000000000104e-05,0.0002210000000000007,-0.00046700000000000214
57044,0.004894999999999999,0.007469,-0.07549299999999999,0.00010800000000000132,-7.000000000000062e-06,-0.0003050000000000136
56326,0.012712,-0.006511,-0.072108,-2.999999999999531e-06,0.00012600000000000024,-0.00031799999999999884
57444,-0.002426,0.011932,-0.060149,0.00011600000000000022,0.00010899999999999972,0.00037299999999999833
57299,-0.013442,0.009594,-0.074488,0.00021300000000000138,0.00017599999999999907,-0.00025799999999999434
56331,0.0009509999999999999,-0.008558,-0.066008,-0.00017299999999999987,4.49999999999999e-05,-0.00011599999999999111
57742,-0.0024100000000000002,-0.004697,-0.071688,0.00014400000000000003,9.599999999999973e-05,-5.3999999999998494e-05
55793,-0.003398,0.002911,-0.06437000000000001,0.00011500000000000008,0.00011399999999999995,-3.299999999999137e-05
57599,0.001333,-0.00198,-0.067982,0.00022900000000000004,0.00010400000000000014,-0.0004749999999999893
54000,0.0034449999999999997,0.004352,-0.067598,0.00021400000000000021,2.900000000000038e-05,-0.00023399999999998422
57740,-0.0067859999999999995,-0.006628,-0.07606399999999999,9.49999999999996e-05,9.900000000000013e-05,-9.800000000001474e-05
57758,-0.008039999999999999,-0.004264,-0.07053100000000001,0.000253999999999999,6.900000000000048e-05,0.00016200000000000936
57631,0.002333,-0.0010969999999999999,-0.069941,0.00030100000000000005,0.0001389999999999999,-0.0006099999999999994
54864,-0.007956000000000001,-0.006822,-0.06662900000000001,0.00011100000000000172,3.399999999999931e-05,-0.00021499999999999297
41620,0.0034660000000000003,0.007607,-0.0688,-5.300000000000053e-05,-0.00010700000000000032,-0.00010600000000000886
34833,0.01524,0.007594,-0.071963,0.00021100000000000112,0.00035899999999999994,-0.0002469999999999972
57270,0.011640000000000001,0.006368,-0.061774,-9.999999999999593e-06,4.8999999999999565e-05,0.00012100000000000305
57661,-0.002269,-0.007313,-0.068653,0.0003790000000000002,0.0002490000000000001,-0.00014099999999998836
56168,0.0020259999999999996,-0.004513,-0.065618,0.00013000000000000034,4.999999999999796e-06,-0.00032699999999999396
56696,-0.004077,-0.009811,-0.06354699999999999,-7.099999999999988e-05,-0.00010500000000000093,5.4999999999999494e-05
56531,0.004812,-0.0031219999999999998,-0.072137,0.00013599999999999984,-1.7000000000000088e-05,-0.0004159999999999858
57248,0.004008,-0.005125,-0.062987,0.00027999999999999987,0.0,-0.0005330000000000057
56569,0.0012330000000000002,-0.000524,-0.061342,-3.900000000000019e-05,-4.399999999999988e-05,-9.30000000000028e-05
57278,-0.008964,0.006581,-0.068341,4.700000000000017e-05,-0.00017299999999999954,-5.0000000000050004e-06
57361,0.005187000000000001,0.000265,-0.059077,-6.300000000000056e-05,0.00010199999999999999,-0.00016600000000000642
56539,-0.007801,-0.00175,-0.06515900000000001,0.00013200000000000017,0.0002270000000000002,-0.00021100000000000285
54845,-0.006942,-0.0038290000000000004,-0.066095,0.00013900000000000023,0.00018300000000000044,-0.00026600000000000235
56550,0.000163,0.0006540000000000001,-0.071274,0.00034899999999999997,0.00013199999999999996,-0.00036599999999999133
56907,0.014615,-0.009071999999999998,-0.070619,-2.9999999999998778e-05,-8.900000000000054e-05,-9.099999999999386e-05
56562,0.004863,-0.007412,-0.069861,0.00029799999999999965,0.0001799999999999996,-0.00019099999999999673
57649,-0.013792,-0.011833999999999999,-0.076282,0.0001470000000000013,0.0003189999999999981,-0.00014200000000000323
54735,0.009426,0.009574,-0.06971,0.0002760000000000002,-8.79999999999978e-05,2.1999999999994246e-05
38585,0.013529,-0.01267,-0.074156,8.400000000000074e-05,-4.0000000000000105e-05,-0.00015700000000000436
47826,0.011811,0.0035670000000000003,-0.06851,-8.099999999999948e-05,-1.4000000000000557e-05,-0.0001260000000000011
57379,-0.008180999999999999,-0.00819,-0.06349199999999999,3.7999999999998105e-05,-5.000000000000143e-05,-0.00015500000000000236
57328,0.008799,0.008763,-0.07488500000000001,0.00010299999999999893,-8.099999999999948e-05,-0.00027099999999999347
54362,0.008381999999999999,0.008028,-0.071381,0.00017400000000000054,-7.900000000000094e-05,-0.00012099999999999611
57041,-0.012385,-0.011587,-0.074595,0.00012400000000000085,0.00041199999999999917,0.0002279999999999921
57554,0.004759,0.006511,-0.066488,8.099999999999948e-05,0.0001579999999999993,-0.00015499999999998848
52521,0.015479,0.010088,-0.073125,0.00014099999999999877,0.0001250000000000001,-0.00015000000000001124
57816,-0.006923,-0.005713,-0.076445,7.700000000000068e-05,4.19999999999995e-05,-0.00020799999999999985
57702,-0.007154,0.004787,-0.060547,0.00025600000000000015,0.00019200000000000033,0.00021799999999999597
57430,0.017047,-0.011599,-0.07001,-6.299999999999709e-05,-0.00020300000000000006,8.899999999999186e-05
57684,-0.007554,-0.011479,-0.064613,6.300000000000056e-05,-0.00013699999999999997,4.999999999999449e-05
57498,-0.00035299999999999996,-0.000242,-0.069259,0.00023099999999999998,0.000138,-0.0003429999999999961
34209,0.0018540000000000002,0.01088,-0.0677,-0.0003300000000000002,-5.800000000000076e-05,-1.8000000000004124e-05
57889,0.001689,0.0008950000000000001,-0.056654,6.399999999999982e-05,-2.400000000000004e-05,-0.00016200000000000242
57407,0.010196,0.003436,-0.070397,-0.00010899999999999972,0.00012200000000000015,-0.0001310000000000061
57330,0.002386,-0.007053,-0.069143,1.1999999999999858e-05,-5.5999999999999626e-05,-0.0003540000000000071
40132,-0.002521,0.009097,-0.073132,5.600000000000006e-05,0.00011700000000000078,-0.00026099999999999735
56906,-0.003847,-0.007945,-0.07009900000000001,4.0000000000000105e-05,5.000000000000143e-05,-5.9999999999990616e-05
57600,-0.001411,-0.012018000000000001,-0.069836,8.099999999999991e-05,-9.999999999992654e-07,-7.500000000000562e-05
57695,-0.014152,0.004200000000000001,-0.07468000000000001,7.099999999999988e-05,0.00039799999999999905,-0.00010699999999999599
57001,-0.002053,0.003525,-0.07605100000000001,0.00010100000000000018,0.00015700000000000002,-0.00032399999999999096
57029,0.0015609999999999999,-0.006911,-0.070419,0.00047400000000000046,-1.700000000000052e-05,-0.0005769999999999942
55982,0.014738,0.004764999999999999,-0.067563,-7.899999999999921e-05,0.00021400000000000065,-0.00020099999999999285
57752,0.005444,0.009164,-0.062271,8.5e-05,-7.000000000000062e-05,0.00020699999999999885
56379,0.000441,0.008993000000000001,-0.077164,6.500000000000006e-05,9.200000000000007e-05,-0.0001830000000000026
56623,-0.009945,-0.00875,-0.061975999999999996,9.000000000000327e-06,-9.900000000000013e-05,-0.00030400000000000565
54012,0.0016140000000000002,-0.0050149999999999995,-0.071404,2.099999999999975e-05,1.7999999999999787e-05,-0.00039200000000001733
53622,-0.006535999999999999,0.01063,-0.07728499999999999,9.49999999999996e-05,0.00020300000000000006,-0.00028300000000000547
57881,-0.009872,0.0031739999999999997,-0.071013,0.00018699999999999967,0.00039700000000000065,0.0001330000000000081
55154,0.012765,-0.004014,-0.07232999999999999,0.00021200000000000038,-1.600000000000039e-05,-0.0002879999999999966
57762,-0.007198,-0.010143000000000001,-0.067642,0.00017400000000000054,-2.8999999999999512e-05,-0.0001300000000000051
56824,0.004759,0.009191000000000001,-0.066652,0.00013099999999999917,8.89999999999988e-05,-0.00015699999999999048
57240,-0.0024159999999999997,-0.004444,-0.068951,0.00020299999999999962,0.0003049999999999997,-0.00019700000000000273
55470,-0.004104,0.004607,-0.063415,9.900000000000013e-05,0.0001429999999999999,-0.0002510000000000012
57866,-0.0005719999999999999,0.0031680000000000002,-0.07078799999999999,0.00027699999999999996,0.00019000000000000006,-0.00034400000000001096
57749,0.000189,0.000772,-0.061384999999999995,-0.00014600000000000003,5.8999999999999916e-05,-0.00017000000000000348
48761,0.011241,0.004847000000000001,-0.066201,-9.699999999999986e-05,-3.7000000000000574e-05,0.0001739999999999936
57289,-0.01322,-0.011401,-0.070196,9.70000000000016e-05,2.0000000000002655e-06,-7.800000000000862e-05
56205,-0.01,-0.009356999999999999,-0.07052800000000001,0.00035400000000000015,8.700000000000027e-05,6.60000000000105e-05
55818,0.00674,-0.006019999999999999,-0.065003,0.0002519999999999996,-6.100000000000116e-05,-9.599999999999886e-05
56250,0.007982,0.007112,-0.06483199999999999,8.7000000000002e-05,-7.000000000000062e-06,-0.00015500000000000236
48738,0.007599,-0.001913,-0.071044,0.00018400000000000014,1.1000000000000159e-05,-0.00020199999999999385
56609,0.0026360000000000003,-0.001797,-0.07313,0.00020899999999999998,0.00018099999999999995,-0.0003549999999999942
51195,0.005476,0.011007999999999999,-0.064056,8.000000000000194e-06,-3.5999999999999574e-05,0.0001850000000000046
43178,-0.009055,0.010551,-0.073182,-3.0000000000000512e-05,6.600000000000182e-05,-0.0002470000000000111
55805,0.00914,0.011332,-0.06540900000000001,-0.00011800000000000005,-0.00023699999999999936,-3.299999999997749e-05
56558,-0.0073609999999999995,-0.001978,-0.076474,9.399999999999947e-05,0.00011700000000000013,-7.400000000000462e-05
57559,-0.0037949999999999998,0.008686,-0.06673699999999999,-8.300000000000017e-05,-4.1999999999998636e-05,-9.000000000000674e-05
51925,0.004011,-0.012946,-0.066433,0.00014199999999999977,-6.0000000000001025e-05,1.4000000000014001e-05
57614,-0.008115,-0.00792,-0.06851600000000001,0.0001760000000000008,0.000294,-0.0003499999999999892
53608,0.0008060000000000001,-0.001149,-0.074811,0.00018499999999999983,0.00016100000000000012,-0.00026199999999998447
55772,0.0010069999999999999,-0.004468,-0.075571,-1.3999999999999907e-05,0.00021199999999999952,-0.00017400000000000748
57716,0.000242,-0.0024230000000000002,-0.061854,2.7000000000000033e-05,-1.2999999999999557e-05,-0.0002970000000000056
53995,-0.006521,0.003779,-0.072306,1.899999999999992e-05,0.00019600000000000043,-0.00021500000000000685
57283,-0.012721999999999999,0.0031810000000000002,-0.0668,5.400000000000023e-05,0.00041399999999999987,8.099999999999774e-05
57678,0.003166,0.011226000000000002,-0.06669499999999999,-0.00015899999999999985,-4.2000000000002105e-05,0.00014599999999997948
54462,-0.013151999999999999,-0.007365999999999999,-0.06929900000000001,8.89999999999988e-05,0.0001529999999999995,-0.00023399999999998422
57743,0.010378,-0.004259000000000001,-0.062594,0.0003969999999999998,1.1000000000000593e-05,-0.0005370000000000097
57396,0.009723,-0.003277,-0.064691,0.0002570000000000003,1.4000000000000123e-05,-0.0004539999999999961
54135,0.003806,0.007651,-0.070336,-1.5999999999999955e-05,-9.30000000000002e-05,-4.000000000001225e-05
57245,-0.002675,-0.007771,-0.067384,0.0003079999999999997,0.0001590000000000003,-0.00011099999999999999
54717,3.4e-05,-0.004112,-0.067528,-5.3e-05,0.00018000000000000047,-0.00044199999999999795
57373,-0.002578,-0.011677,-0.066016,0.00042599999999999973,2.3999999999999716e-05,-0.00014499999999999236
54875,-0.004368,-0.00675,-0.068465,0.00027600000000000107,0.0001749999999999998,-0.00032000000000000084
54745,0.011599,0.001724,-0.07080700000000001,4.5999999999999167e-05,9.099999999999994e-05,-0.00031999999999998696
57381,0.009242,0.010201,-0.072867,-1.899999999999992e-05,-0.00032500000000000064,-5.8000000000002494e-05
55776,0.012073,-0.004952,-0.067267,0.00027699999999999947,-6.900000000000048e-05,-0.0005710000000000021
56191,0.004117,0.002897,-0.0624,-0.0001380000000000001,0.00011800000000000048,-0.00016000000000000736
56884,0.0030459999999999997,0.010367000000000001,-0.075144,-0.00018599999999999997,-0.0001520000000000011,-7.599999999999274e-05
57821,0.0063490000000000005,-0.01293,-0.073661,0.00028399999999999953,7.899999999999921e-05,-7.399999999999074e-05
55552,-0.006093,0.007301,-0.07337300000000001,0.0001360000000000007,0.0002569999999999994,-0.00021399999999999197
51499,0.001436,-0.008577,-0.065496,-6.000000000000016e-05,6.499999999999909e-05,-0.0001360000000000111
56625,0.005378,-0.00877,-0.063018,-0.00018199999999999987,7.700000000000068e-05,-0.0001239999999999991
57796,-0.002241,-0.012645,-0.06973399999999999,0.0002009999999999998,0.00010300000000000066,5.0999999999981616e-05
56923,-0.007473,-0.010781,-0.073559,0.00022400000000000024,5.20000000000017e-05,0.00026599999999998847
54094,-0.010881,0.01168,-0.071684,-8.799999999999954e-05,8.000000000000021e-05,-0.00016299999999999648
57606,-0.000285,-0.007215,-0.064528,-0.00016600000000000002,8.300000000000061e-05,-0.00032899999999999596
57727,0.011835,0.009680999999999999,-0.064019,4.60000000000009e-05,-0.0001449999999999993,0.0001920000000000116
50949,-0.002645,0.011874000000000001,-0.07139,-0.0003799999999999997,0.00011199999999999925,-5.7000000000001494e-05
55529,-0.010906,0.012403,-0.068272,-5.6999999999998024e-05,9.199999999999833e-05,-0.00012200000000001099
56616,-0.012443,0.005104,-0.07083400000000001,0.00011999999999999858,0.0003229999999999995,4.200000000000037e-05
55830,0.012226,0.008888,-0.066428,-6.000000000000796e-06,-2.8999999999999512e-05,-0.00014299999999999036
57008,0.007490999999999999,0.006783,-0.069552,0.00025100000000000035,0.00011199999999999925,-0.0002909999999999996
56750,-0.000252,0.005005,-0.059641,-5.499999999999998e-05,-4.0000000000000105e-05,0.00031599999999999684
46792,0.01483,0.00842,-0.069482,0.00018800000000000067,0.00021700000000000018,-0.00011700000000000599
57779,0.001889,-0.0014370000000000001,-0.07295499999999999,0.00018499999999999983,0.00013500000000000014,-0.0004710000000000131
56163,0.001474,-3.3e-05,-0.062481999999999996,2.0000000000000052e-05,-3.4e-05,-9.200000000000874e-05
57693,-0.002499,0.010792,-0.061024999999999996,0.00010800000000000002,9.800000000000086e-05,0.00011200000000000099
55502,0.004042,-0.007078,-0.071017,0.00014700000000000043,4.49999999999999e-05,-5.3999999999998494e-05
50109,0.00625,0.005235,-0.071138,0.00015599999999999902,0.00017200000000000028,-0.00016599999999999948
53888,0.006599,-0.006207,-0.069297,0.00010299999999999979,0.00017900000000000034,0.00011200000000000099
55112,-0.008069000000000002,0.004127,-0.068551,0.00042900000000000143,0.00019700000000000013,0.00019099999999999673
55183,0.010622,-0.006643,-0.066883,-0.00027099999999999867,0.00018099999999999974,-0.00016200000000000936
57611,-0.000804,0.001835,-0.06839400000000001,0.00027400000000000005,7.799999999999994e-05,-0.0002289999999999931
57403,-0.009183,0.000549,-0.060043,3.300000000000004e-05,0.000156,-0.00037100000000000327
57296,-0.012782,-0.001108,-0.070381,0.00036500000000000074,0.00011000000000000007,0.00011700000000000599
46162,0.006513,0.001014,-0.06928,0.00016000000000000042,7.000000000000018e-05,-0.00010800000000001087
57010,6.1e-05,-0.0031219999999999998,-0.065197,0.00018999999999999998,0.00017,-0.0003379999999999911
55082,0.00805,0.001323,-0.063652,3.5999999999999574e-05,-1.2000000000000075e-05,-8.800000000000474e-05
57495,-0.015514,0.011238,-0.074699,0.00015800000000000015,8.299999999999974e-05,-0.00021600000000000785
55801,0.006383,-0.012078,-0.06566899999999999,0.00013400000000000044,0.00010499999999999919,0.00019299999999999873
55504,0.012507999999999998,0.002348,-0.06608199999999999,-2.4999999999997247e-05,-0.0001709999999999997,-2.3000000000009124e-05
41004,0.009457,0.0071790000000000005,-0.073191,0.00026400000000000035,-4.200000000000124e-05,-0.00033400000000000096
53279,0.006564,0.004993,-0.063932,-0.0001810000000000006,2.599999999999998e-05,-0.00011899999999999411
54129,0.006169,-0.006356,-0.065551,0.0003240000000000005,-2.1000000000000185e-05,6.1000000000005494e-05
57860,0.003573,-0.012596999999999999,-0.06054,-9.200000000000007e-05,0.00011899999999999931,7.899999999999574e-05
56456,0.013668,-0.013064,-0.065843,-3.699999999999884e-05,-9.900000000000186e-05,-8.299999999999974e-05
57920,0.004274,-0.0061719999999999995,-0.07362300000000001,0.00027899999999999973,0.00021599999999999918,-4.899999999999349e-05
57782,-0.008686999999999999,-0.010824,-0.067224,4.1999999999998636e-05,0.00013299999999999944,-8.799999999999086e-05
53996,0.006793,0.0007239999999999999,-0.073406,0.0002919999999999997,0.0001240000000000001,-0.0003090000000000037
52591,0.011134,0.006085,-0.071956,0.00016500000000000022,-9.099999999999994e-05,-0.00020199999999999385
57627,-0.01129,0.01079,-0.069607,-0.00011099999999999999,0.00012400000000000085,-0.00021399999999999197
57802,0.003106,-0.004009,-0.06309300000000001,0.0001590000000000003,-4.999999999999796e-06,-0.0003449999999999981
50326,0.008894,0.001958,-0.071855,2.2999999999998716e-05,-7.10000000000001e-05,-0.00011900000000000799
56398,0.005216999999999999,0.011762,-0.067323,1.1000000000000593e-05,-0.00018800000000000067,0.00014099999999998836
54361,-0.00841,0.004921,-0.07259099999999999,0.00036100000000000194,0.0002329999999999997,-8.800000000001862e-05
56667,-0.001466,-0.010302,-0.066918,0.00040799999999999994,6.500000000000082e-05,-9.999999999871223e-07
57748,0.008203,-0.010583,-0.063209,0.00011399999999999952,3.100000000000151e-05,-9.999999999996123e-06
55841,0.012535000000000001,-0.005286,-0.071658,0.0002520000000000005,-0.00013100000000000004,-0.00038200000000000733
56568,-0.009738,0.008572,-0.06467300000000001,9.999999999992654e-07,-3.699999999999884e-05,0.0001340000000000091
56987,0.00537,-0.009824,-0.073162,0.00017900000000000034,2.6999999999999247e-05,-9.199999999999486e-05
56189,-0.0011519999999999998,-0.005216999999999999,-0.07092,0.0003179999999999998,0.00019599999999999913,-0.00033100000000001184
56121,0.0063360000000000005,-0.004281,-0.06612,0.00019700000000000013,4.700000000000017e-05,-0.0005600000000000049
54184,0.006517,0.006660999999999999,-0.070978,0.00010799999999999959,0.00016300000000000082,-0.00018799999999999373
56927,-0.002206,-0.009741,-0.068604,0.000289,4.200000000000037e-05,4.000000000001225e-05
50195,0.006961,-0.009968999999999999,-0.074234,0.00016400000000000008,7.299999999999841e-05,-0.00010200000000000486
57623,-0.0014570000000000002,-0.009217000000000001,-0.069759,-2.3999999999999933e-05,2.800000000000198e-05,-4.500000000000337e-05
55086,0.000231,0.0018260000000000001,-0.07298,0.000184,0.00019800000000000004,-0.00014399999999999136
56791,-0.013143,0.0033380000000000003,-0.06943,5.400000000000023e-05,0.00027199999999999967,8.000000000001062e-05
57776,0.014125,0.000481,-0.067387,-7.900000000000094e-05,-3.699999999999998e-05,-0.00020000000000000573
57665,-0.003109,-0.00177,-0.062481,0.0001349999999999997,7.200000000000023e-05,-0.00047200000000000714
57258,0.000953,-0.000114,-0.070554,0.000264,4.600000000000001e-05,-0.00033299999999999996
57718,0.000616,-0.002564,-0.063646,0.000125,1.4999999999999823e-05,-0.00022099999999999898
56965,-0.001799,-0.00034,-0.070912,0.0003790000000000002,0.000297,-0.00044600000000000195
53653,-0.010208,0.011408,-0.065315,0.00013200000000000017,4.700000000000017e-05,-1.0999999999997123e-05
52895,0.010573,0.007385,-0.07129,0.00020899999999999912,-7.200000000000002e-05,-0.0001769999999999966
56914,0.00553,0.006934,-0.06257800000000001,-0.00010000000000000026,-0.00010999999999999985,-5.7999999999988616e-05
56602,0.017403,-0.002614,-0.06934799999999999,-0.00018099999999999714,-7.000000000000018e-05,-0.00014400000000000523
46517,0.013631,0.0054139999999999995,-0.070396,-2.9000000000001247e-05,0.00019399999999999973,-6.0000000000004494e-05
57745,-0.002407,0.006376000000000001,-0.072799,-2.300000000000045e-05,0.00020199999999999992,-0.0002930000000000016
57710,-0.0013830000000000001,0.00591,-0.070135,5.100000000000005e-05,7.500000000000041e-05,-0.00036399999999998933
55523,0.0016899999999999999,-0.0049050000000000005,-0.070081,7.900000000000008e-05,6.100000000000029e-05,-0.0003909999999999886
33280,0.013135999999999998,0.010557,-0.07197100000000001,8.200000000000221e-05,9.60000000000006e-05,-0.00019299999999999873
57462,-0.006458,0.010362999999999999,-0.068032,-0.0002169999999999993,3.0000000000002247e-05,-1.8000000000004124e-05
50829,0.002595,0.0054340000000000005,-0.070284,4.399999999999977e-05,-5.799999999999989e-05,-0.0001799999999999996
56915,-0.003906,-0.010557,-0.06959,0.00025200000000000005,4.300000000000137e-05,-4.400000000000237e-05
57735,0.015403,0.0044800000000000005,-0.06857899999999999,-6.399999999999982e-05,0.00028999999999999946,-0.00020800000000001373
56280,0.0026579999999999998,-0.005418999999999999,-0.072257,0.00014599999999999986,4.7999999999998565e-05,-0.00031799999999999884
56596,0.012003999999999999,-0.0035110000000000002,-0.066523,0.00015500000000000236,2.400000000000015e-05,-0.0003530000000000061
44939,-0.008317999999999999,0.008295,-0.073809,0.00012999999999999817,0.00016399999999999922,-0.00018999999999999573
55078,0.00746,0.010667999999999999,-0.06746899999999999,-5.4999999999999494e-05,-0.00020699999999999885,0.0002209999999999851
57273,-0.011396000000000002,0.007669,-0.067224,0.00022500000000000298,0.00011100000000000085,0.0002570000000000072
56572,0.002488,0.009734,-0.07146,-7.300000000000015e-05,5.000000000000143e-05,3.9999999999901226e-06
55780,0.002953,-0.011210000000000001,-0.06811,0.00016499999999999978,-3.199999999999904e-05,-0.00012399999999998523
53642,0.004445999999999999,-0.009292,-0.064876,-9.6999999999999e-05,9.99999999999994e-05,7.600000000000662e-05
46488,0.009531000000000001,0.0029100000000000003,-0.072972,-8.000000000000021e-05,5.699999999999976e-05,-0.0003009999999999957
57257,-0.000999,0.005633,-0.072166,-3.999999999999989e-05,0.0001449999999999993,-0.0003200000000000147
53813,0.008636,-0.011913,-0.069209,7.699999999999894e-05,0.00012700000000000038,-2.0999999999993246e-05
57610,-0.00023300000000000003,0.0026920000000000004,-0.066771,0.00024700000000000004,2.099999999999975e-05,-0.0001779999999999976
56708,0.007916000000000001,0.007244,-0.06715399999999999,0.0001389999999999985,-0.00019999999999999966,-7.30000000000175e-05
57244,-0.009032,-0.004679,-0.06606000000000001,6.600000000000009e-05,8.99999999999998e-05,-0.0001649999999999846
55080,-0.001512,-0.0060620000000000005,-0.070138,0.00032800000000000017,0.00015800000000000102,-0.0002339999999999981
51559,0.013082,0.002676,-0.072587,-3.600000000000131e-05,6.600000000000009e-05,-0.00013499999999999623
52235,0.011111000000000001,-0.01055,-0.073051,9.799999999999913e-05,3.199999999999904e-05,-0.00010200000000000486
57686,0.008752000000000001,-0.008008,-0.06314399999999999,-0.00023000000000000104,-1.4999999999999389e-05,-0.00017100000000000448
53244,-0.0044340000000000004,0.003412,-0.064021,4.100000000000024e-05,0.00012499999999999968,-5.100000000000937e-05
52278,-0.002018,0.007643,-0.071792,-3.000000000000008e-05,0.00016699999999999961,-0.0002940000000000026
50825,0.007033,0.006181,-0.06931699999999999,0.00019700000000000013,0.0002440000000000003,-0.00040100000000001246
57276,-0.005884,-0.002902,-0.072375,0.0002550000000000009,0.0002440000000000003,-5.9000000000003494e-05
53629,-0.006582,0.010209,-0.072081,-0.00022099999999999984,0.0002420000000000009,-0.0002530000000000032
56606,0.0018160000000000001,-0.005804,-0.06514700000000001,7.499999999999998e-05,-0.00011200000000000012,-0.0004009999999999847
54190,-0.0062320000000000006,-0.0024809999999999997,-0.06345300000000001,5.0000000000000565e-05,0.00012199999999999971,-0.00032499999999999196
50184,0.003922,0.0028940000000000003,-0.073605,0.00024499999999999956,0.00021699999999999975,-0.0002239999999999881
54262,0.013823,0.005127,-0.071471,-0.00011899999999999931,0.00017100000000000014,-0.00025599999999999234
57621,0.004483,0.0054080000000000005,-0.06558499999999999,-0.0001559999999999999,0.00010399999999999906,-2.5000000000011124e-05
54793,-0.00156,0.004322,-0.070405,4.6000000000000034e-05,6.999999999999194e-06,-0.0001820000000000016
50485,-0.009666000000000001,0.011658,-0.070697,-5.199999999999823e-05,7.500000000000041e-05,-0.0001870000000000066
57896,-0.002722,-0.002027,-0.06474099999999999,6.300000000000012e-05,0.0001420000000000002,-0.00026500000000000135
55981,-0.012801,-0.0069889999999999996,-0.06985,0.00020500000000000032,0.0001499999999999991,-0.00019399999999999973
56085,-0.002642,0.0070279999999999995,-0.06776,0.00010199999999999966,5.0000000000000565e-05,-0.00026800000000000435
57619,0.0046029999999999995,-0.010311,-0.071975,0.0002310000000000003,1.3000000000000858e-05,-6.899999999999962e-05
48427,0.003521,-0.001008,-0.065189,4.700000000000017e-05,-4.000000000000097e-06,-0.0001360000000000111
49177,-0.008054,0.0030529999999999997,-0.071995,0.0002020000000000008,0.00016000000000000042,-0.00013900000000000023
57398,-0.009433,-0.006985,-0.068522,8.799999999999954e-05,0.00021799999999999944,-0.00032700000000000784
52535,0.004972000000000001,0.004763,-0.063916,-0.00012100000000000045,-9.900000000000013e-05,-7.999999999999674e-05
54540,0.00802,0.004362,-0.06315899999999999,-4.39999999999989e-05,0.00019899999999999952,-7.200000000000262e-05
55444,0.007405,-0.008763,-0.07150100000000001,0.00023999999999999976,0.00013000000000000164,-2.499999999998337e-05
56167,0.005783,-0.007827,-0.071074,0.00019499999999999986,-6.699999999999935e-05,-0.00021200000000000385
51844,-0.005963,0.006466,-0.064884,0.00016800000000000061,0.0001749999999999998,-3.499999999999337e-05
56527,0.003679,-0.005564,-0.070608,0.0002459999999999997,4.999999999999796e-06,-0.0002879999999999966
57347,-0.000747,0.010487999999999999,-0.07248,-0.00015399999999999995,1.4000000000001858e-05,1.1999999999998123e-05
55781,-0.004021,-0.004046999999999999,-0.066736,0.00014000000000000037,3.2999999999999176e-05,-0.00031599999999999684
57320,0.004014,0.011016,-0.064565,-1.700000000000052e-05,-1.2999999999999123e-05,0.00020799999999999985
53881,0.006136999999999999,-0.000456,-0.06381300000000001,0.00016900000000000075,0.000145,-0.00031499999999999584
53611,-0.004949,0.006866,-0.06527,6.300000000000056e-05,0.00019700000000000013,1.5000000000001124e-05
56887,0.009999000000000001,0.007898,-0.06941599999999999,6.799999999999862e-05,-0.00011300000000000025,-0.00016400000000001136
57626,0.007633,-0.009340999999999999,-0.063859,-0.00011399999999999952,-6.000000000000796e-06,-0.00021699999999999497
56883,0.002774,0.00906,-0.074009,-0.00012800000000000008,-0.00013900000000000023,-0.00016700000000000048
55233,0.015677,0.0013369999999999999,-0.065798,-0.0003170000000000013,0.00018400000000000014,-0.0001860000000000056
57638,-0.012269,0.001083,-0.06378,4.200000000000037e-05,0.0002770000000000001,-0.00010799999999999699
53638,0.000804,0.009009,-0.070263,-3.300000000000004e-05,2.5000000000000716e-05,-6.399999999999462e-05
57826,0.007727,-0.012752000000000001,-0.07062,9.6999999999999e-05,8.000000000000021e-05,-1.4000000000000123e-05
55849,-0.002842,-0.002764,-0.06371500000000001,5.600000000000006e-05,0.00012200000000000015,-0.0003559999999999952
54834,0.015382999999999999,-0.004228,-0.069006,7.800000000000168e-05,0.00012700000000000038,-0.0001870000000000066
57603,-0.001789,-0.012772,-0.069497,0.00016599999999999991,7.000000000000062e-06,-2.8000000000000247e-05
55266,0.003186,0.0064,-0.06478199999999999,0.00012899999999999977,0.0002950000000000001,-8.600000000000274e-05
51982,0.012111,-0.010489,-0.07278,9.099999999999907e-05,0.00013299999999999944,-7.500000000000562e-05
57778,0.009805999999999999,-0.013182000000000001,-0.07108400000000001,0.0001370000000000017,0.00017400000000000228,8.500000000001562e-05
54010,-0.0037280000000000004,-0.008786,-0.068136,0.00027700000000000034,0.0001559999999999999,-9.699999999999986e-05
55528,-0.010981999999999999,-0.002769,-0.06665900000000001,9.499999999999786e-05,6.000000000000016e-05,4.100000000001325e-05
57281,0.002977,0.005796,-0.063389,-0.00011899999999999975,0.00011800000000000005,-0.0002459999999999962
50491,0.00751,-0.000632,-0.070143,0.00012499999999999924,1.99999999999994e-06,-0.0002380000000000021
57266,-0.011885999999999999,0.004409,-0.066482,0.00012599999999999938,0.00037500000000000033,6.0999999999991616e-05
49603,0.001735,0.005882,-0.07071599999999999,3.500000000000009e-05,-2.300000000000045e-05,-0.00028700000000000947
54037,-0.009311,0.003045,-0.07284399999999999,0.0002520000000000005,0.0002589999999999997,3.0000000000002247e-05
56980,-0.00497,-0.002009,-0.063311,1.6999999999999654e-05,0.00016599999999999991,-0.0003969999999999946
57238,0.001799,0.003359,-0.06949899999999999,4.300000000000007e-05,-7.100000000000032e-05,-0.00010000000000001674
55451,-0.011192,0.008772,-0.070006,-2.8999999999999512e-05,0.00023899999999999963,-2.8000000000014125e-05
54381,-0.004360999999999999,0.006659,-0.065327,0.0001449999999999993,0.00020799999999999985,3.799999999999637e-05
54390,-0.005682,0.010603,-0.066554,-0.00020499999999999945,9.299999999999933e-05,-0.00012999999999999123
56183,0.006152,-0.001823,-0.06368399999999999,0.0001419999999999989,0.00023999999999999998,-0.00039800000000000946
54471,0.009467,0.010137,-0.07039100000000001,0.0001239999999999991,-0.00021900000000000044,4.200000000000037e-05
56755,0.004394,-0.000842,-0.061586,9.900000000000013e-05,0.00021999999999999993,-0.0001820000000000016
50476,0.004086,0.002306,-0.068922,-0.00010299999999999979,-7.600000000000011e-05,-9.700000000001374e-05
55549,-0.00684,-0.002496,-0.064788,0.0001479999999999997,0.00016299999999999995,-0.0004129999999999967
46823,0.011224999999999999,0.0030139999999999998,-0.070399,-0.00015899999999999768,1.9000000000000353e-05,-7.899999999999574e-05
56971,-0.01275,0.004874,-0.073407,5.199999999999823e-05,0.0003119999999999998,-3.700000000000925e-05
56570,0.00863,-0.009952,-0.069723,6.899999999999962e-05,8.6000000000001e-05,-1.0000000000148779e-06
48747,0.0063869999999999994,0.006304000000000001,-0.070044,0.00018899999999999993,0.00018299999999999914,-0.00017000000000000348
53000,0.012150000000000001,-0.010189,-0.068902,0.00012599999999999938,4.900000000000043e-05,9.000000000009e-06
56610,0.004131999999999999,0.01036,-0.067439,-0.0001239999999999991,-6.899999999999962e-05,9.200000000000874e-05
54633,-0.014587,-0.006468,-0.069275,8.3999999999999e-05,0.00015899999999999942,-0.00012199999999999711
55443,-0.00715,0.0070480000000000004,-0.070229,5.800000000000076e-05,0.00018400000000000014,-2.5999999999998247e-05
51851,-0.012034000000000001,0.004161,-0.0688,0.00010100000000000213,0.0002500000000000002,7.299999999998974e-05
56216,0.0055060000000000005,-0.000437,-0.0631,0.0001869999999999988,0.000152,-0.00026199999999999835
48749,0.007405999999999999,0.003864,-0.069815,3.600000000000044e-05,-4.000000000000097e-06,-0.00027499999999999747
46156,-0.009589,0.009289,-0.067515,1.000000000001e-06,3.299999999999831e-05,-0.00010699999999999599
53633,0.006621,-0.005611,-0.067857,5.699999999999976e-05,0.000268,-5.7000000000001494e-05
54761,0.00027100000000000003,-0.005278,-0.066807,-4.6000000000000034e-05,9.699999999999986e-05,-0.0004050000000000026
57642,0.002385,0.0010429999999999999,-0.064158,0.00013000000000000034,-0.00030099999999999984,-0.0002189999999999831
49248,0.0016790000000000002,0.006751,-0.06897299999999999,-2.6000000000000198e-05,-2.3999999999999716e-05,-0.0001820000000000016
53999,-0.004445,0.004668,-0.066631,0.00023600000000000097,0.00018599999999999953,-4.800000000000637e-05
52867,0.003859,0.006736,-0.069428,0.0,-7.200000000000002e-05,-9.599999999999886e-05
54103,-0.00495,-0.008483000000000001,-0.069507,8.600000000000014e-05,0.00011500000000000052,-5.6000000000000494e-05
56172,-0.001101,0.005822,-0.068047,9.500000000000003e-05,-3.000000000000398e-06,-0.0001890000000000086
56142,0.001003,0.0066749999999999995,-0.069051,-5.400000000000001e-05,2.5000000000000716e-05,-0.00014799999999999536
57794,-0.011930999999999999,0.000785,-0.063079,0.00013799999999999923,0.0002679999999999999,1.4000000000000123e-05
56900,-0.007501000000000001,0.00906,-0.069801,-0.00017299999999999954,3.300000000000004e-05,-0.00017999999999998573
49100,0.002184,-0.011111000000000001,-0.06969,0.0002689999999999997,-8.199999999999874e-05,-0.0002449999999999952
57367,0.003661,-0.00546,-0.065271,0.00010800000000000002,8.100000000000034e-05,-0.0004250000000000087
56174,-0.011083,-0.008111,-0.06715900000000001,1.4000000000000123e-05,5.6000000000000494e-05,-0.00023399999999998422
