Particle,x,y,z,Vx,Vy,Vz
30472,-0.007231,-0.003328,-0.064221,0.0,0.0,0.0
27572,-0.012992,0.001941,-0.068244,0.0,0.0,0.0
28804,0.003018,-0.0034809999999999997,-0.06503,0.0,0.0,0.0
26923,-0.0023020000000000002,-0.00977,-0.072071,0.0,0.0,0.0
30240,-0.005757,0.000796,-0.075578,0.0,0.0,0.0
30750,0.016477,0.009422,-0.07131399999999999,0.0,0.0,0.0
28800,-0.0037930000000000004,0.008773,-0.072057,0.0,0.0,0.0
30858,0.005776,-0.005656,-0.065415,0.0,0.0,0.0
30233,-0.002036,-0.010352,-0.069657,0.0,0.0,0.0
30920,-0.008144,-0.002827,-0.060785,0.0,0.0,0.0
30845,0.012269,-0.002612,-0.05761,0.0,0.0,0.0
30887,-0.0068,-0.002943,-0.064273,0.0,0.0,0.0
30534,0.006658000000000001,-0.011364,-0.075069,0.0,0.0,0.0
29142,-0.01573,-0.007223,-0.074818,0.0,0.0,0.0
29828,-0.007115,0.00048499999999999997,-0.069185,0.0,0.0,0.0
30807,-0.013146000000000001,-0.008621,-0.075396,0.0,0.0,0.0
31232,-0.008282999999999999,0.004437,-0.075507,0.0,0.0,0.0
31008,-0.001369,0.010536,-0.067803,0.0,0.0,0.0
27237,0.0008100000000000001,0.013358,-0.064295,0.0,0.0,0.0
30417,0.004848,0.00015099999999999998,-0.061706000000000004,0.0,0.0,0.0
25444,-0.003454,-0.010757,-0.06792100000000001,0.0,0.0,0.0
30799,0.012026,-0.010414,-0.067226,0.0,0.0,0.0
30471,-0.00172,0.000399,-0.063848,0.0,0.0,0.0
30850,-0.013284,0.012737,-0.06905,0.0,0.0,0.0
24883,0.01131,-0.010262,-0.061278,0.0,0.0,0.0
29854,0.006424,0.012141,-0.061607,0.0,0.0,0.0
30108,-0.003762,-0.010535000000000001,-0.07479999999999999,0.0,0.0,0.0
29564,0.016027,-0.006025,-0.066271,0.0,0.0,0.0
30860,0.007473,-0.000482,-0.056084,0.0,0.0,0.0
30725,-0.004201,0.009238,-0.06570999999999999,0.0,0.0,0.0
29996,0.01458,0.010098000000000001,-0.07398600000000001,0.0,0.0,0.0
30831,-0.008395,-0.003542,-0.059622999999999995,0.0,0.0,0.0
30580,0.010909,-0.008407999999999999,-0.062799,0.0,0.0,0.0
30927,-0.007844,0.011248,-0.061846,0.0,0.0,0.0
18177,0.009573,0.003353,-0.07300100000000001,0.0,0.0,0.0
30921,0.01166,-0.009507999999999999,-0.065334,0.0,0.0,0.0
30015,0.017665,-0.012377,-0.071013,0.0,0.0,0.0
27902,-0.01436,0.006154,-0.07284099999999999,0.0,0.0,0.0
30220,0.002846,0.006860000000000001,-0.075877,0.0,0.0,0.0
30544,0.013065,0.012045,-0.067312,0.0,0.0,0.0
30121,0.011176,0.008398999999999998,-0.074325,0.0,0.0,0.0
30763,-0.002433,0.010029999999999999,-0.066891,0.0,0.0,0.0
29788,-0.0040999999999999995,0.003655,-0.070028,0.0,0.0,0.0
30551,-0.008346,0.001408,-0.071227,0.0,0.0,0.0
30416,-0.005785,-0.006613000000000001,-0.067443,0.0,0.0,0.0
30760,-0.001526,0.010018,-0.074867,0.0,0.0,0.0
20992,0.009023999999999999,0.0112,-0.064634,0.0,0.0,0.0
30359,0.012676,0.007547,-0.065141,0.0,0.0,0.0
28986,0.012723,-0.0013839999999999998,-0.07427500000000001,0.0,0.0,0.0
29613,0.011191000000000001,-0.009629,-0.063804,0.0,0.0,0.0
30907,-0.012943,-0.0030960000000000002,-0.075783,0.0,0.0,0.0
30926,-0.011192,-0.004031,-0.061331000000000004,0.0,0.0,0.0
29505,0.009439,0.004660999999999999,-0.065459,0.0,0.0,0.0
30961,0.01227,-0.003758,-0.07053100000000001,0.0,0.0,0.0
27579,0.015393,-0.00261,-0.076015,0.0,0.0,0.0
30965,-0.010218,-0.009873,-0.07875700000000001,0.0,0.0,0.0
28506,-0.012914,0.001519,-0.075517,0.0,0.0,0.0
30232,-0.004694,-0.001653,-0.059833,0.0,0.0,0.0
30540,-0.006581,-0.001381,-0.064275,0.0,0.0,0.0
26313,-0.000545,0.004116,-0.06869199999999999,0.00010400000000000003,0.00019700000000000013,0.00015199999999998548
27876,-0.003367,0.012761,-0.068096,-1.2999999999999557e-05,0.00018000000000000134,2.3000000000009124e-05
29156,0.007245,0.004169,-0.071187,-2.8999999999999512e-05,0.0003119999999999998,-0.00010900000000001187
23860,-0.010136,0.011869999999999999,-0.070992,0.00011399999999999952,0.00011700000000000078,0.00011599999999999111
30429,-0.0007379999999999999,0.002435,-0.07534099999999999,2.599999999999998e-05,0.00010099999999999996,-3.800000000001025e-05
31048,0.008323,-0.010493,-0.06445000000000001,-6.100000000000029e-05,0.00017500000000000154,-1.9999999999881224e-06
28510,0.0101,-0.00613,-0.073872,4.89999999999987e-05,-3.199999999999991e-05,-3.900000000001125e-05
31062,-0.0043360000000000004,0.010701,-0.063954,-5.5999999999999626e-05,0.00018299999999999914,0.00010899999999999799
30155,0.00383,-0.005745,-0.065771,8.000000000000021e-05,0.00020399999999999932,-0.0002450000000000091
28489,0.002436,0.01202,-0.068827,-6.999999999999975e-05,0.00022000000000000144,-0.00012999999999999123
30737,-0.0124,0.007425,-0.064984,5.9000000000000025e-05,0.00013200000000000017,0.00025799999999999434
24224,-0.004,0.011519999999999999,-0.07686899999999999,-0.00010399999999999993,8.400000000000074e-05,-6.20000000000065e-05
21390,0.004902,0.005201,-0.070133,1.999999999999398e-06,0.0002360000000000001,-0.00018699999999999273
30559,-0.000858,0.0028889999999999996,-0.064793,0.00023000000000000006,0.00022400000000000024,-7.899999999999574e-05
29346,0.00831,0.003622,-0.065745,0.00018900000000000167,0.00016300000000000038,-3.699999999999537e-05
30978,0.006463,-0.00496,-0.060185,0.0001399999999999995,0.0002630000000000002,-8.59999999999958e-05
29916,-0.000122,-0.010207,-0.06996,0.000147,0.00012700000000000038,-0.0001270000000000021
29617,0.004192,-0.003803,-0.07623999999999999,0.00013799999999999923,0.00015499999999999976,-0.0001340000000000091
30863,0.009223,-0.007479,-0.061877,0.0,0.00020700000000000059,-4.900000000000043e-05
28194,-0.0055,0.0055049999999999995,-0.075605,0.00011399999999999952,8.200000000000048e-05,0.0001950000000000146
28209,0.015198,0.010715,-0.066072,5.999999999999929e-05,4.700000000000017e-05,-7.200000000000262e-05
29165,0.005418,0.004961,-0.07098399999999999,-6.399999999999982e-05,0.00021899999999999958,-0.00020600000000001173
30780,-0.015499,-0.004514000000000001,-0.076719,3.600000000000131e-05,0.00011000000000000072,-0.0002390000000000031
31094,-0.0066760000000000005,0.007317000000000001,-0.063884,3.1000000000000645e-05,0.0003439999999999988,8.999999999995123e-06
29924,-0.014476000000000001,-0.011101000000000001,-0.072827,9.000000000000327e-06,0.0001260000000000011,-8.199999999999874e-05
30729,0.015494999999999998,0.0014810000000000001,-0.06428,0.00020700000000000232,9.500000000000003e-05,9.900000000000186e-05
30576,-0.003997,-0.012147999999999999,-0.06412999999999999,0.00016299999999999952,5.199999999999823e-05,-0.00014000000000000123
30466,-0.002559,-0.005741,-0.061738,0.00011800000000000005,0.0002619999999999992,-0.00024400000000000116
31066,-0.009885999999999999,0.007771,-0.061261,0.0001389999999999985,0.00016500000000000022,8.100000000000468e-05
30440,-0.000503,-0.002245,-0.07644799999999999,3.0999999999999995e-05,0.00011800000000000005,-1.7000000000017e-05
29316,0.010047,-0.009339,-0.062798,0.00018699999999999967,0.00015399999999999962,-0.00010000000000000286
28248,0.006121000000000001,-0.009973000000000001,-0.072068,0.00021799999999999944,0.00011300000000000199,-0.0001239999999999991
30766,-0.0037679999999999996,0.008587,-0.07802500000000001,-0.00018800000000000067,1.899999999999992e-05,-0.00014299999999999036
31236,-0.007073,0.001328,-0.077414,0.00010899999999999972,1.0999999999999942e-05,0.00013799999999999923
31155,0.010191,-0.005111,-0.06587,8.2999999999998e-05,0.00011200000000000012,0.00020799999999998597
30530,0.015816,-0.0069050000000000005,-0.066797,0.00018400000000000014,4.30000000000005e-05,-8.200000000001262e-05
31050,-0.001353,-0.003351,-0.060769,0.00023400000000000005,0.00037299999999999963,-0.00014200000000000323
31163,-0.006617,0.009151,-0.055769,-1.1000000000000593e-05,0.0002210000000000007,-0.00021699999999999497
31069,-0.014296,0.010964,-0.068803,0.00010099999999999866,0.00010399999999999993,5.100000000000937e-05
29148,0.012230000000000001,0.003774,-0.067981,0.00010099999999999866,0.0002419999999999996,-0.00010399999999999299
30183,0.016649,-0.012576,-0.07051600000000001,0.00017599999999999907,0.00011800000000000005,-1.9999999999992246e-05
29264,0.011472,0.011691,-0.064422,-3.999999999999837e-05,0.00010799999999999872,0.00010099999999998999
25423,-0.004933,0.009833,-0.070622,-3.1000000000000645e-05,0.00018800000000000067,-7.399999999999074e-05
30967,0.002092,0.009684,-0.061404,2.599999999999998e-05,0.00029799999999999965,-0.0001759999999999956
30748,0.008992000000000002,0.003976,-0.061420999999999996,0.00015299999999999862,0.00022799999999999904,2.6999999999999247e-05
28964,0.016149,0.00016900000000000002,-0.06464,2.1000000000000185e-05,0.00010400000000000001,-6.799999999999862e-05
30436,0.009022,-0.008237,-0.065978,0.0002449999999999987,0.0001250000000000001,8.999999999995123e-06
19432,-0.0046630000000000005,0.001869,-0.068368,-1.9999999999999185e-05,0.0004109999999999999,-1.1000000000011001e-05
30404,8.7e-05,0.004705,-0.07557599999999999,8.499999999999998e-05,7.099999999999988e-05,0.00013499999999998236
26028,-0.011779999999999999,0.0035139999999999998,-0.06633499999999999,-0.00015000000000000083,0.0003930000000000001,-6.1000000000005494e-05
31032,-0.005853,0.007609,-0.064558,-1.4000000000000123e-05,0.0002969999999999995,-4.400000000000237e-05
25810,-0.013598,0.010466,-0.072552,7.100000000000162e-05,0.00010300000000000066,-4.499999999998949e-05
29847,0.008518000000000001,-0.0060869999999999995,-0.065175,3.7999999999998105e-05,0.0001869999999999988,-0.0001330000000000081
30727,0.00033800000000000003,-0.000728,-0.06816599999999999,0.00014199999999999993,0.00025500000000000007,5.7000000000001494e-05
30606,-0.010009,0.011184,-0.07518000000000001,-8.799999999999954e-05,0.00017400000000000054,0.000124000000000013
31090,-0.008133,0.009583999999999999,-0.061545,3.7999999999998105e-05,0.00013500000000000144,9.699999999999986e-05
28838,-0.014697,0.00463,-0.07007200000000001,-1.4999999999999389e-05,2.2999999999999583e-05,-0.00014699999999998048
31102,-0.0024500000000000004,-0.011016999999999999,-0.06393399999999999,0.0002570000000000003,8.3999999999999e-05,-0.00020000000000000573
31167,0.011316000000000001,-0.010136,-0.066164,0.00016599999999999775,0.00017,7.200000000000262e-05
29625,-0.009999000000000001,0.000399,-0.069663,-5.6999999999998024e-05,0.000265,0.00021599999999999397
31194,0.010617000000000001,0.0010760000000000001,-0.068226,0.00011999999999999858,0.0002909999999999998,-6.1000000000005494e-05
30761,-0.008308,0.012727,-0.063064,-8.900000000000054e-05,0.00017,-5.7000000000001494e-05
31217,-0.015708,-0.011481,-0.070806,0.00011099999999999999,1.5000000000001124e-05,-0.00011600000000000499
30915,0.014442,0.005207,-0.074979,1.3000000000000858e-05,7.799999999999994e-05,-7.300000000000362e-05
31266,0.002856,-0.009529,-0.067717,0.00015700000000000002,0.00010199999999999966,-0.00024399999999999422
31269,0.0030600000000000002,-0.003512,-0.072245,0.0001229999999999994,0.00017399999999999968,6.30000000000075e-05
30442,-0.012558,-0.0052569999999999995,-0.066813,0.00015000000000000083,0.000168999999999999,-0.0002950000000000036
29470,0.003157,0.008792999999999999,-0.074511,-4.40000000000002e-05,0.000199000000000003,-0.00027100000000000735
31346,0.010038,0.012708,-0.065531,-0.0001449999999999993,6.899999999999788e-05,6.1000000000005494e-05
29831,-0.013248,0.005931,-0.07131399999999999,4.49999999999999e-05,6.200000000000042e-05,1.0999999999997123e-05
30469,0.001472,0.011537,-0.07481499999999999,-0.0001739999999999999,0.00012000000000000031,-0.0002510000000000151
30651,0.017501000000000003,-0.003112,-0.072976,-7.400000000000462e-05,5.900000000000046e-05,-0.00013599999999999723
27761,0.016239,0.001294,-0.073208,0.00012200000000000058,-8.400000000000009e-05,-1.1999999999998123e-05
28825,0.005006,-0.009829000000000001,-0.070795,0.00023700000000000023,0.00011600000000000152,-0.0004009999999999986
29908,-0.011348,-0.011448,-0.07062600000000001,0.00016500000000000022,0.00017200000000000028,-0.0002929999999999877
30450,-0.006986,-0.00166,-0.073948,8.99999999999998e-05,0.0002950000000000001,-0.0001860000000000056
25112,-0.006176999999999999,0.0043170000000000005,-0.06089,-7.400000000000115e-05,0.00014299999999999903,0.00011900000000000105
23608,0.007244,0.002111,-0.073401,1.4000000000000123e-05,0.0003159999999999999,-0.0002560000000000062
28811,-0.010456,-0.003606,-0.07096599999999999,8.199999999999874e-05,0.00024200000000000003,-0.0001850000000000046
19825,0.00029,0.007535999999999999,-0.06589400000000001,4.199999999999999e-05,0.00025700000000000115,0.00014700000000000824
27066,-0.008424,-0.002305,-0.06816599999999999,0.00023599999999999836,0.00013200000000000017,-0.00016299999999999648
31482,-0.011209,-0.0017620000000000001,-0.062846,0.00013599999999999897,0.0003160000000000001,-7.200000000000262e-05
31427,7.9e-05,0.003035,-0.06514700000000001,0.000175,0.00022499999999999994,0.00024300000000002098
28513,-0.004947,-0.006378,-0.068137,7.699999999999981e-05,0.00035899999999999994,7.300000000000362e-05
30484,-0.01039,0.012536,-0.06538200000000001,8.200000000000048e-05,7.799999999999994e-05,0.0
30736,0.010241,-0.002404,-0.065415,4.89999999999987e-05,8.59999999999997e-05,-3.299999999999137e-05
31348,-0.015462,0.009859999999999999,-0.072718,0.00011599999999999978,4.000000000002266e-06,-3.799999999999637e-05
28912,-0.002978,-0.006907,-0.066179,0.00020800000000000029,0.00020699999999999972,-0.00011400000000000299
31368,0.002801,0.008792,-0.064104,0.0002409999999999999,0.00036500000000000074,-8.200000000001262e-05
28903,0.009057,-0.01264,-0.073322,0.00017099999999999928,-7.199999999999915e-05,-0.00014799999999999536
31047,0.003447,0.006753,-0.061235,7.600000000000011e-05,0.00032700000000000003,8.000000000001062e-06
31291,0.003489,0.00015,-0.061149,1.5000000000000256e-05,0.00030000000000000003,5.0000000000050004e-06
31386,-0.013944000000000002,-0.0051210000000000006,-0.07499299999999999,3.200000000000078e-05,0.00017700000000000094,-2.2000000000008124e-05
27085,0.001278,0.007862000000000001,-0.07395600000000001,6.499999999999995e-05,0.00019699999999999752,-5.5999999999986616e-05
29527,0.012028,0.005551,-0.071548,0.0001860000000000004,0.00011899999999999931,-0.00018599999999999173
29180,0.007462,-0.003441,-0.076544,-5.699999999999976e-05,8.90000000000001e-05,-0.00013799999999999923
30715,0.003693,-0.012769,-0.067908,0.00014800000000000013,3.400000000000104e-05,-0.00033100000000001184
24808,-0.009816,-0.002352,-0.070956,4.900000000000043e-05,0.00015099999999999966,0.0
31356,-0.004982,0.0072039999999999995,-0.061317,-5.3000000000000096e-05,0.00027200000000000054,0.00010900000000000493
31442,0.012356,0.0037389999999999997,-0.064985,0.00011899999999999931,0.00020700000000000015,-0.00015300000000000036
27582,-0.008961,0.013009,-0.064169,8.3999999999999e-05,0.00019699999999999926,-3.499999999999337e-05
30801,-0.006691,0.006632,-0.07252,0.00014199999999999977,0.00010000000000000026,7.200000000000262e-05
31142,-0.007753,-0.010369,-0.064857,8.900000000000054e-05,0.00015699999999999915,-0.00014700000000000824
31499,-0.011829000000000001,-0.008271,-0.063156,0.0002160000000000009,0.00016100000000000142,-0.0003019999999999967
30818,-0.011941,-0.011759,-0.06486499999999999,-4.000000000000531e-06,-2.300000000000045e-05,-0.0002440000000000081
30731,-0.006117,0.001574,-0.061566,-3.699999999999971e-05,5.799999999999989e-05,-4.999999999999449e-05
29933,0.011108,-0.004827,-0.059171,0.00013400000000000044,0.00019499999999999986,-0.00023300000000000404
30521,-0.005227000000000001,-0.011696999999999999,-0.062125,0.0001810000000000006,0.00010999999999999899,-0.0001439999999999983
31378,-0.015628,0.004024,-0.075141,-1.1000000000000593e-05,0.00012099999999999958,-1.8000000000004124e-05
30412,-0.009609999999999999,-0.011885999999999999,-0.066489,-4.70000000000019e-05,0.00015399999999999962,-7.699999999999374e-05
27581,0.005849,0.007326,-0.065931,0.0001730000000000004,0.00022699999999999977,-0.00025599999999999234
30498,0.009651,0.007821,-0.064334,0.0002310000000000003,0.00018800000000000067,5.2999999999997494e-05
29302,0.006734,-3.5000000000000004e-05,-0.072917,0.00011499999999999965,0.00011100000000000001,-0.00014799999999999536
29667,-0.01104,-0.012377,-0.064035,1.9999999999985307e-06,1.1999999999999858e-05,-0.00032900000000000984
30207,0.008372,-0.012211,-0.073034,0.00027300000000000067,0.00013400000000000044,-0.00013900000000000023
30804,0.00809,-0.011784000000000001,-0.071458,0.0003089999999999985,0.00011200000000000099,-0.00016500000000001236
31516,0.011022,0.008835,-0.062518,0.0002249999999999995,0.000279999999999999,5.000000000000143e-05
30942,-0.015907,-0.003913,-0.073375,5.100000000000243e-05,0.00012199999999999971,-0.00017400000000000748
30459,-0.013687,-0.0070999999999999995,-0.06714,-1.4000000000001858e-05,0.0001369999999999991,-0.0002969999999999917
31298,0.01233,-0.012405,-0.067015,0.00017599999999999907,0.00020999999999999838,3.799999999999637e-05
31603,-9.1e-05,0.008564,-0.067418,1.4999999999999999e-05,0.00016000000000000042,-4.499999999998949e-05
29707,0.0035529999999999997,-0.011314999999999999,-0.066511,0.000134,0.0001289999999999989,-0.00016300000000001036
31065,-0.006625,-0.010826,-0.070839,0.0001429999999999999,0.0002380000000000021,5.9000000000003494e-05
31172,-0.009744,-0.011567000000000001,-0.073378,6.799999999999862e-05,0.0001470000000000013,-3.400000000000625e-05
31152,-0.008204000000000001,0.002467,-0.077848,8.300000000000148e-05,3.4999999999999875e-05,1.0999999999997123e-05
31387,-0.005278,-0.007866,-0.076131,7.900000000000008e-05,-2.999999999999531e-06,9.600000000001274e-05
28953,0.010313000000000001,0.00149,-0.066481,0.00016199999999999895,0.0002279999999999999,-0.0002299999999999941
29114,0.010629,0.004325,-0.075176,3.5999999999999574e-05,0.0001529999999999995,-0.00031699999999998396
27549,0.0033250000000000003,0.013039,-0.068243,-0.00014800000000000013,0.000253999999999999,-5.200000000001037e-05
29815,-0.005646,0.010833,-0.069065,-3.000000000000398e-06,0.0002389999999999979,4.400000000000237e-05
31454,-0.006723,0.006986,-0.064076,2.3999999999999716e-05,0.0003389999999999999,6.899999999998574e-05
31077,0.00065,0.004869,-0.071816,4.7999999999999974e-05,0.00018699999999999967,-2.499999999998337e-05
30728,-0.01411,0.009244,-0.075335,-1.600000000000039e-05,0.00010999999999999899,7.499999999999174e-05
30949,0.014322,0.011007999999999999,-0.066217,-2.300000000000045e-05,7.800000000000168e-05,6.799999999999862e-05
28002,0.010438000000000001,-0.007764999999999999,-0.062227,0.0001239999999999991,0.00011699999999999992,0.00012099999999999611
31583,-0.000279,-0.011243,-0.076357,5.9e-05,0.0001239999999999991,-8.800000000000474e-05
30974,0.015529,-0.013148,-0.068065,0.0001510000000000001,-1.9999999999999185e-05,-8.299999999999974e-05
31605,-0.005208999999999999,0.009158,-0.065111,0.0001239999999999991,3.0000000000000512e-05,-0.00022500000000000298
30495,0.00055,0.006333999999999999,-0.077391,-2.4999999999999957e-05,0.00011200000000000012,-5.3999999999998494e-05
25516,-0.010971,-0.0010329999999999998,-0.06695999999999999,0.00011800000000000005,0.00018199999999999987,-0.0001300000000000051
29439,-0.0017929999999999999,-0.010019,-0.06539,0.00014999999999999996,0.00023699999999999936,-0.0002390000000000031
24490,-0.005671000000000001,0.010218999999999999,-0.067027,0.00019700000000000013,0.0002470000000000007,-0.00011099999999999999
29111,-0.006666,-0.004467,-0.071475,2.2000000000000318e-05,0.000268,-9.000000000000674e-05
26677,-0.007634999999999999,0.005282,-0.065371,5.699999999999889e-05,0.00035599999999999955,0.0003480000000000011
30806,0.000713,-0.002873,-0.060793,0.00015499999999999997,0.00017299999999999998,-0.0001470000000000013
30150,-0.012785999999999999,-0.009689999999999999,-0.06507299999999999,4.29999999999979e-05,3.199999999999904e-05,-0.0002360000000000001
17846,-0.005824,0.000189,-0.068223,0.00011900000000000018,0.000276,9.000000000009e-06
29464,-0.015428,0.009147,-0.074652,3.799999999999984e-05,9.99999999999994e-05,1.6999999999989246e-05
30596,-0.007869,0.000754,-0.061619,4.5999999999999167e-05,0.000161,-7.500000000000562e-05
31426,0.0012569999999999999,-0.0072569999999999996,-0.069101,0.0001600000000000002,0.000183,-0.0001840000000000036
31544,-0.007854,0.0070750000000000006,-0.0585,0.00010199999999999966,0.00010899999999999972,-1.1999999999998123e-05
26951,-0.00477,0.005352,-0.061771,8.000000000000194e-06,0.00012000000000000031,0.00011900000000000105
29782,0.01145,-0.00675,-0.070172,0.00022099999999999898,0.00010899999999999972,-1.8000000000004124e-05
30425,-0.002624,0.000915,-0.06869199999999999,-2.599999999999998e-05,0.00016599999999999991,0.00014499999999999236
30475,-0.001988,-0.003039,-0.061579,9.700000000000008e-05,0.00020600000000000002,-5.4999999999999494e-05
31049,-0.00515,0.01261,-0.063517,-3.799999999999984e-05,0.0002459999999999997,-1.4000000000000123e-05
26410,0.0025470000000000002,-0.00537,-0.068078,0.00012799999999999964,0.00026099999999999995,-0.0002440000000000081
19419,-0.00584,0.004667,-0.06450199999999999,3.5999999999999574e-05,0.0002459999999999997,0.00032599999999999296
30410,-0.006439,0.004068,-0.064771,0.00010600000000000019,0.00025900000000000055,0.00010899999999998411
25109,-0.002232,0.008752000000000001,-0.06616,2.0000000000000052e-05,0.00018299999999999914,8.499999999998786e-05
31044,-0.006385,-0.008823000000000001,-0.066277,0.00011299999999999939,7.600000000000141e-05,-0.00018699999999999273
29239,-0.00441,0.0043760000000000005,-0.066261,4.49999999999999e-05,0.0002689999999999993,8.600000000000274e-05
29873,-0.003622,-0.005213,-0.066043,0.00019999999999999966,0.00022699999999999977,-7.000000000000062e-05
31441,-0.007496,-0.011962,-0.074946,3.300000000000004e-05,6.600000000000009e-05,-6.40000000000085e-05
31043,-0.003012,0.012605,-0.061291,0.00026099999999999995,0.00025900000000000055,-4.200000000000037e-05
30254,-0.01166,-0.010426,-0.062781,5.10000000000007e-05,8.099999999999948e-05,-0.0001250000000000001
31061,-0.002904,0.010019,-0.074162,-3.000000000000008e-05,8.3999999999999e-05,4.000000000001225e-05
30106,-0.004404,0.012726000000000001,-0.064893,3.099999999999978e-05,0.0001899999999999992,-5.9999999999990616e-05
30619,0.010608000000000001,0.010053000000000001,-0.061626,0.00013199999999999844,0.00018099999999999887,6.300000000000056e-05
31064,-0.001861,-0.008688000000000001,-0.063566,0.0002270000000000002,8.900000000000054e-05,-0.0001920000000000116
31360,-0.000404,0.008073,-0.07669100000000001,-0.00012800000000000002,9.400000000000033e-05,-0.0001619999999999816
31176,-0.011977999999999999,0.009047000000000001,-0.060948999999999996,5.699999999999976e-05,0.00019599999999999826,0.00012799999999999617
31244,-0.007416000000000001,0.003995,-0.058933,-6.699999999999935e-05,9.49999999999996e-05,0.00010699999999999599
31472,0.012897,0.003274,-0.063596,0.00023399999999999983,0.0002279999999999999,-0.00019399999999999973
31616,-0.011076,0.0024790000000000003,-0.06828400000000001,-2.6999999999999247e-05,0.00020299999999999962,8.900000000001962e-05
31462,0.0061790000000000005,0.010589000000000001,-0.061236,1.899999999999992e-05,0.0003029999999999977,3.100000000000325e-05
31394,-0.008820999999999999,-0.0005629999999999999,-0.061082,1.699999999999792e-05,0.00026999999999999995,1.1999999999998123e-05
29139,-0.013276,0.011991,-0.074924,7.999999999999327e-06,0.00010700000000000119,-1.7999999999990246e-05
27882,-0.001582,-0.004927,-0.071602,0.0001510000000000001,0.00016599999999999948,-0.00021100000000000285
31384,-0.004128,0.007745,-0.069059,7.399999999999941e-05,8.099999999999948e-05,-2.1000000000007124e-05
30934,0.0046879999999999995,0.010467,-0.06550700000000001,5.7000000000000627e-05,0.00018299999999999914,3.800000000001025e-05
31202,0.010996,0.004742,-0.063555,0.00013200000000000017,0.0001749999999999998,-8.099999999999774e-05
31052,-0.009555999999999999,0.007261999999999999,-0.066809,0.0002349999999999991,0.00027300000000000067,-7.000000000007001e-06
31122,0.016745999999999997,0.006024,-0.066121,0.00020300000000000526,9.900000000000013e-05,-0.00019800000000000373
31353,-0.004069,-0.011422,-0.066516,0.0001969999999999997,0.00012000000000000031,-0.00015400000000000136
30570,-0.006764999999999999,-0.010808,-0.07285,3.2999999999999176e-05,0.00016199999999999895,3.0000000000002247e-05
30174,0.015285,0.010166999999999999,-0.065275,0.0001289999999999989,0.00018100000000000234,-0.00021700000000000885
30116,0.00869,-0.000879,-0.067343,0.0002149999999999999,9.999999999999994e-05,-0.00026299999999999935
27553,-0.00098,0.004351,-0.066342,3.700000000000003e-05,0.00025400000000000075,8.600000000000274e-05
30824,0.0030110000000000002,0.011802,-0.068018,1.0999999999999725e-05,0.00019500000000000073,4.900000000000737e-05
31046,-0.000162,0.000867,-0.07615300000000001,5.8000000000000014e-05,6.900000000000005e-05,-2.2999999999995246e-05
28281,-0.008189,-0.0006630000000000001,-0.062091,-3.999999999998796e-06,0.00015000000000000007,-7.100000000000162e-05
29874,0.007714,0.000803,-0.07446599999999999,-9.099999999999994e-05,0.00017199999999999995,-7.500000000000562e-05
31156,0.016298,-0.005836,-0.073086,-7.800000000000168e-05,8.399999999999987e-05,-8.299999999999974e-05
30464,-0.000987,0.009394999999999999,-0.060887000000000004,0.00012100000000000001,0.00032500000000000237,0.00028000000000000247
30856,-0.006753,-0.00342,-0.063676,0.00011000000000000072,0.0003079999999999997,4.499999999998949e-05
29131,-0.007954,0.012871,-0.070878,8.599999999999927e-05,0.00011199999999999925,-0.0002400000000000041
31483,0.016135999999999998,0.009984,-0.072401,-0.00028099999999999653,5.000000000001531e-06,0.00015399999999998748
22298,-0.012898,0.003287,-0.071107,0.0001410000000000005,0.00019300000000000003,-0.0001799999999999996
28805,0.0033599999999999997,-0.007729,-0.071325,0.00015700000000000002,6.599999999999922e-05,-0.00012599999999998723
27640,-0.000219,0.00246,-0.068583,0.000125,0.00022400000000000024,6.799999999999862e-05
19259,0.002476,0.008262,-0.07227800000000001,-0.00011699999999999992,0.0002699999999999994,-9.699999999998599e-05
30861,-0.014884999999999999,0.006293,-0.070597,2.399999999999798e-05,6.100000000000029e-05,-5.600000000001437e-05
30842,0.005521,-0.011895,-0.075264,0.00019700000000000013,0.00013200000000000017,-5.200000000001037e-05
28820,-0.003833,-0.012072,-0.066427,0.0001500000000000004,5.999999999999929e-05,-0.00019399999999999973
24606,0.015941,0.0044740000000000005,-0.066548,0.00016800000000000148,0.00012299999999999985,7.200000000000262e-05
31501,-0.011304,0.004579,-0.07614499999999999,0.00013799999999999923,3.900000000000084e-05,-4.800000000000637e-05
30105,4e-05,-0.000324,-0.061518,7.999999999999999e-05,0.000221,5.6000000000000494e-05
31412,-0.012617000000000001,0.012908,-0.06544499999999999,6.399999999999982e-05,0.00011800000000000005,2.499999999998337e-05
29508,-0.007332,0.000816,-0.063541,1.600000000000039e-05,0.00017900000000000001,-0.0001239999999999991
26082,-0.0057610000000000005,0.007811,-0.066591,0.0001540000000000005,0.0002559999999999993,0.00010599999999999499
30820,0.001778,-0.0015249999999999999,-0.061626,0.000129,0.00011599999999999978,-3.600000000000131e-05
31168,0.002462,-0.008532999999999999,-0.069283,0.00020499999999999945,0.00017199999999999854,-0.0001810000000000006
30171,-0.008111,0.012580000000000001,-0.06431100000000001,-1.1000000000000593e-05,0.00025099999999999775,-2.999999999998837e-05
25105,-0.005660999999999999,-0.008555,-0.071174,0.00011999999999999858,0.00023300000000000057,4.200000000000037e-05
31374,0.006065,-0.00034399999999999996,-0.065483,0.00013899999999999937,0.00019699999999999996,-0.00020099999999999285
30532,0.004957,-0.011317,-0.072802,0.00021200000000000038,0.00013900000000000023,-0.00018999999999999573
30649,0.001397,0.001797,-0.07623,-4.000000000000097e-06,0.0001820000000000003,-3.899999999999737e-05
26920,0.005171,0.009577,-0.073017,-6.100000000000029e-05,1.1999999999999858e-05,-0.0001250000000000001
31589,0.008529,-0.003588,-0.06696200000000001,3.300000000000004e-05,0.00018499999999999983,-8.400000000000074e-05
26059,0.004127,0.011975,-0.067439,-8.99999999999946e-06,0.00015500000000000062,-2.8000000000000247e-05
26027,0.007857,0.0033959999999999997,-0.066581,0.00020000000000000052,7.100000000000032e-05,-0.00014999999999999736
21977,0.0027280000000000004,0.005651,-0.063415,0.0001569999999999996,0.0003550000000000003,4.300000000000137e-05
24620,0.002097,-0.008833,-0.073419,0.00014300000000000033,0.00033299999999999996,-0.00010999999999999899
28512,-0.014333,0.00034899999999999997,-0.072,0.00012100000000000131,7.8e-05,-8.100000000001162e-05
30287,0.008558999999999999,0.0072759999999999995,-0.072833,0.00010500000000000093,0.00021300000000000052,-7.600000000000662e-05
31153,-0.016325,0.004234,-0.073727,0.00018299999999999914,-4.99999999999997e-05,0.00017700000000001048
30242,0.017941,0.013054,-0.0711,-7.399999999999768e-05,0.00017400000000000054,3.200000000000425e-05
31414,0.006098,0.007068,-0.07321599999999999,1.599999999999952e-05,0.00016299999999999995,-0.00015100000000001224
19911,0.009016,-0.005248,-0.063421,-5.999999999999062e-06,0.0002650000000000005,2.9000000000001247e-05
30098,-0.0041589999999999995,0.003835,-0.060971,9.999999999992654e-07,0.00011099999999999999,0.00015399999999999442
31285,0.012598000000000002,0.000339,-0.065708,0.00022099999999999898,0.0002230000000000001,-0.00017400000000000748
26149,-0.002543,-0.00198,-0.063482,9.100000000000037e-05,0.00015299999999999992,-7.700000000000762e-05
29191,-0.009711000000000001,0.0054139999999999995,-0.06751399999999999,0.0001449999999999993,0.00015000000000000083,6.699999999998374e-05
30794,-0.010805,-0.012412000000000001,-0.070488,2.3999999999999716e-05,0.00012700000000000038,-0.00016500000000001236
26220,-0.0026680000000000002,-0.00526,-0.062988,6.600000000000052e-05,0.0002009999999999998,-0.00019500000000000073
30739,-0.003089,0.007694,-0.066179,0.00010400000000000036,0.0001719999999999994,8.999999999995123e-06
30114,0.00677,-0.004876999999999999,-0.06877599999999999,0.00024199999999999916,0.00022400000000000024,-6.90000000000135e-05
31130,0.011875,-0.002053,-0.065045,0.00011400000000000125,8.100000000000034e-05,9.000000000009e-06
31365,-0.011897,-0.003815,-0.065704,0.00014199999999999803,0.00028799999999999963,-0.00014100000000000223
31352,-0.005655,0.002079,-0.061161,-3.899999999999997e-05,6.600000000000009e-05,-3.500000000000031e-05
31453,-0.007833,-0.0064139999999999996,-0.063121,0.00029999999999999905,0.0001879999999999998,-0.00028400000000000647
25776,-0.002943,0.006027,-0.073666,0.00012299999999999985,0.0001269999999999995,-4.999999999999449e-05
30435,-0.005091,0.010695,-0.06748,0.0001380000000000001,0.00020399999999999932,-2.0000000000006124e-05
25732,-0.005757,0.001059,-0.06357800000000001,2.599999999999998e-05,0.00020199999999999992,1.9000000000005124e-05
31500,0.000714,0.006957,-0.060661,0.00010799999999999991,0.0002919999999999997,-0.00018900000000000167
30768,0.016327,-0.007892,-0.07082,-2.999999999999531e-06,5.800000000000076e-05,-3.800000000001025e-05
14468,-0.006809,0.002462,-0.066364,0.00015999999999999955,0.00024099999999999946,-6.999999999993123e-06
30444,0.012716,0.002504,-0.069698,6.500000000000082e-05,-8.000000000000194e-06,-0.00022199999999999998
31512,0.00864,0.00663,-0.060464,0.0001010000000000004,0.00025400000000000075,-9.20000000000018e-05
27150,0.0021669999999999997,-0.005767,-0.06761400000000001,0.00010099999999999996,0.0002450000000000004,-0.00020299999999998097
31198,0.014426,-0.007854,-0.075304,1.8000000000000654e-05,9.299999999999933e-05,-7.200000000000262e-05
30448,0.004729,0.00937,-0.067986,2.8000000000000247e-05,0.00019000000000000093,-2.4999999999997247e-05
28013,0.008442,0.005647999999999999,-0.063882,0.00014400000000000003,0.00018800000000000067,-0.00014400000000000523
31652,-0.0049770000000000005,0.005915,-0.064557,-3.9999999999996635e-06,0.0002469999999999998,0.0002889999999999976
26997,0.014853,0.003499,-0.069455,0.0001250000000000001,3.600000000000001e-05,-6.40000000000085e-05
16935,0.005798,0.000975,-0.074146,-5.6000000000000494e-05,0.00016200000000000003,-0.00011499999999999011
31093,-0.001331,-0.012646000000000001,-0.064554,0.00011300000000000004,0.00012200000000000231,-0.00020900000000000085
28814,0.012323,0.008058,-0.067939,3.999999999999837e-05,5.4999999999999494e-05,-8.999999999999286e-05
29929,0.0029230000000000003,-0.00579,-0.068177,0.00011499999999999965,0.0002469999999999998,-0.00027499999999999747
26324,0.0032400000000000003,0.010719,-0.071182,-6.000000000000016e-05,0.00021900000000000044,-0.00011500000000000399
31041,-0.0044740000000000005,0.00235,-0.062574,4.30000000000005e-05,0.00011699999999999992,7.100000000000162e-05
21668,0.010551999999999999,-0.0026030000000000003,-0.06794499999999999,5.800000000000076e-05,4.300000000000007e-05,-6.1000000000005494e-05
30129,-0.014387,0.005171,-0.067944,3.8999999999999105e-05,0.00011599999999999978,2.9000000000001247e-05
31083,0.013845000000000001,-0.005628,-0.068217,3.3999999999997574e-05,2.3999999999999716e-05,1.6000000000002124e-05
25421,-0.009529,0.0038020000000000003,-0.064546,2.999999999999531e-06,0.0002529999999999993,-0.0001609999999999806
25142,0.011984999999999999,-0.0007790000000000001,-0.068194,0.00014000000000000123,0.000125,-7.699999999999374e-05
28496,0.011215999999999999,-0.001896,-0.07379300000000001,5.10000000000007e-05,8.700000000000005e-05,-0.00011899999999999411
11113,0.001751,0.005333,-0.069633,0.00019000000000000006,0.00020000000000000052,0.00021199999999998997
31363,0.000719,-0.002316,-0.07005,0.00022999999999999995,0.0002769999999999999,2.0000000000006124e-05
26412,0.007102000000000001,0.007622,-0.064854,0.00013299999999999944,0.00021799999999999944,-4.099999999999937e-05
31390,-1.1e-05,-0.004404,-0.074613,0.000142,0.0001730000000000004,-0.00016900000000000248
30437,-0.009283,0.01097,-0.069286,9.199999999999833e-05,-5.000000000001531e-06,5.6000000000000494e-05
30910,0.015436,0.012646000000000001,-0.069023,6.399999999999982e-05,-0.0001030000000000024,7.100000000000162e-05
29939,-0.011476,-0.003692,-0.06730599999999999,7.099999999999988e-05,0.00012699999999999994,-0.0002349999999999991
31496,-0.000762,0.003743,-0.071473,0.00011899999999999997,0.0002490000000000001,-6.40000000000085e-05
29196,0.012111,-0.007958999999999999,-0.063935,0.0001899999999999992,0.00024999999999999935,3.800000000001025e-05
27462,0.008976000000000001,-0.010212,-0.068986,3.4999999999998574e-05,2.300000000000045e-05,5.3999999999998494e-05
28228,-0.010474,0.011422,-0.065864,0.00012700000000000038,5.800000000000076e-05,-2.3999999999996247e-05
29495,0.006235999999999999,-0.0104,-0.067702,0.00016300000000000082,0.0002589999999999988,-0.00011799999999999311
23577,0.007626,0.0017430000000000002,-0.07425100000000001,-5.199999999999996e-05,0.0002469999999999998,-7.799999999998086e-05
30695,-0.005284,0.007759,-0.068464,0.0001319999999999993,8.5e-05,-1.5000000000001124e-05
27929,-0.005041,0.008351,-0.07118899999999999,9.000000000000067e-05,0.00010300000000000066,5.4999999999985616e-05
31067,0.0012929999999999999,-0.008528,-0.062335999999999996,0.0003110000000000003,0.0001520000000000011,-0.00023200000000000304
29940,0.016021999999999998,-0.002882,-0.068861,-0.00010499999999999746,5.1000000000000264e-05,-5.999999999992123e-06
29253,0.008338,-0.012769,-0.063886,0.00013200000000000017,9.60000000000006e-05,-0.00019500000000000073
31490,-0.014048999999999999,-0.008978,-0.072,9.199999999999833e-05,0.00019399999999999973,-5.000000000000837e-05
29113,-0.002303,0.000423,-0.073745,-3.300000000000004e-05,0.00033,5.9000000000003494e-05
30158,-0.006813,0.0050940000000000004,-0.067562,0.00016299999999999908,0.0002009999999999998,0.0002289999999999931
29145,0.012296,-0.005396,-0.070164,9.800000000000086e-05,0.0001399999999999995,8.400000000000074e-05
30470,0.004539,-0.009266,-0.066226,6.399999999999982e-05,8.200000000000048e-05,-0.0003530000000000061
31664,-0.003691,0.011091,-0.070622,5.099999999999983e-05,4.60000000000009e-05,-0.0002469999999999972
30830,-0.004687,-0.004443,-0.07091700000000001,0.00014500000000000016,0.0002459999999999997,-6.399999999998074e-05
30742,-0.005501000000000001,0.000213,-0.06352300000000001,3.600000000000044e-05,0.000211,-0.00011599999999999111
30370,-0.000126,0.001858,-0.069383,1.7000000000000007e-05,0.0002149999999999997,4.899999999999349e-05
31372,-0.003897,-0.005743000000000001,-0.067513,0.0002049999999999999,0.0003430000000000004,8.899999999999186e-05
27868,-0.000148,-0.001411,-0.06815600000000001,0.000178,0.000258,-1.8000000000004124e-05
21776,0.010154,0.008913,-0.067866,5.199999999999996e-05,-6.000000000000796e-06,7.200000000000262e-05
31408,-0.005425,0.010038,-0.06941,3.5999999999999574e-05,0.0002570000000000003,-0.00011300000000000199
27651,-0.00028100000000000005,0.002351,-0.060641,8.400000000000004e-05,0.000183,-4.900000000000043e-05
31124,0.016882,-0.009254,-0.067857,7.899999999999574e-05,7.199999999999915e-05,5.9000000000003494e-05
26015,0.007224,0.01066,-0.07423199999999999,-0.00011300000000000025,5.800000000000076e-05,-0.00014700000000000824
30100,7.9e-05,-0.007351,-0.075369,7.400000000000001e-05,8.299999999999974e-05,-4.499999999998949e-05
29789,-0.0143,0.000444,-0.07315300000000001,7.0000000000017965e-06,0.00018700000000000005,-0.00014699999999999436
31196,-0.00040100000000000004,-0.001881,-0.067646,0.000255,0.0002900000000000001,-0.00011600000000000499
29857,-0.002352,0.007197,-0.075472,-1.1999999999999858e-05,0.00011599999999999978,-0.00012100000000000999
28835,0.014846,-0.003472,-0.074582,-3.500000000000031e-05,5.9000000000000025e-05,-0.00013799999999999923
31497,-0.008324,0.004609,-0.075469,9.299999999999933e-05,2.5999999999999114e-05,-1.8000000000004124e-05
29839,-0.001982,-0.008728999999999999,-0.073365,6.399999999999982e-05,0.00024299999999999843,6.299999999999362e-05
30421,0.014671,-0.012645,-0.072593,0.00014699999999999956,7.799999999999994e-05,-8.299999999999974e-05
31051,-0.0022679999999999996,0.000127,-0.062697,-5.000000000000664e-06,0.00014200000000000004,-5.9000000000003494e-05
27245,0.0074800000000000005,-0.004360999999999999,-0.064569,1.9999999999999185e-05,0.00028499999999999966,0.00012000000000000899
30139,-0.00721,0.003029,-0.062605,-6.099999999999942e-05,0.000183,-1.6000000000002124e-05
27618,0.010265,-0.007089000000000001,-0.071575,0.00023500000000000083,0.00016300000000000082,5.6000000000000494e-05
31113,0.005809,-0.003146,-0.062329999999999997,6.400000000000069e-05,0.0003060000000000003,-0.00013300000000000117
31055,-0.0006929999999999999,0.00378,-0.067026,7.199999999999991e-05,0.00021699999999999975,5.100000000000937e-05
25107,-0.011813,0.00861,-0.06601699999999999,0.00013799999999999923,0.00011400000000000125,7.099999999998774e-05
26968,0.010747,0.011861,-0.06678400000000001,-0.0001410000000000005,0.00010900000000000146,-6.999999999998674e-05
29757,0.014685,0.0003,-0.06328,0.00012900000000000064,0.00018899999999999999,7.699999999999374e-05
30419,-0.012265,0.0043760000000000005,-0.06613,-2.2000000000001185e-05,0.0003369999999999996,-9.100000000000774e-05
27916,0.015314,-0.006911,-0.06943300000000001,3.400000000000104e-05,8.199999999999961e-05,5.8000000000002494e-05
31081,-0.010317999999999999,0.004112,-0.072902,6.999999999999888e-05,0.0001510000000000001,-1.5000000000001124e-05
21769,0.016353000000000003,0.008378,-0.069091,8.199999999999527e-05,8.3999999999999e-05,-6.50000000000095e-05
30127,-0.0038309999999999998,0.008753,-0.073855,-4.200000000000037e-05,0.00011999999999999858,7.000000000007001e-06
29246,0.003711,-0.006685,-0.06742000000000001,0.00013200000000000017,0.0002360000000000001,-0.00032499999999999196
30753,-0.001019,-0.0027660000000000002,-0.063182,0.00018599999999999997,0.00021700000000000018,-7.999999999999674e-05
25102,0.0024089999999999997,-0.002927,-0.06622700000000001,0.00016700000000000048,0.00016899999999999988,-0.00018999999999999573
31377,-0.00524,-0.005522999999999999,-0.06270300000000001,0.00011999999999999945,0.0002219999999999991,-0.00011299999999998811
30599,-0.013851,0.0031880000000000003,-0.074009,0.00013400000000000044,-9.000000000000327e-06,-0.00019399999999999973
27556,0.009659000000000001,0.010846,-0.06801600000000001,-6.200000000000129e-05,0.00013900000000000023,-3.899999999999737e-05
30796,-0.009848,0.009284,-0.063369,6.700000000000109e-05,0.0002859999999999998,4.299999999998749e-05
31480,-0.002594,0.001203,-0.064886,-2.3000000000000017e-05,0.00015799999999999994,-9.299999999999586e-05
21375,-0.001807,0.010402,-0.067385,9.599999999999995e-05,0.00026900000000000014,-2.2999999999995246e-05
31056,-0.007639,-0.009404,-0.070833,0.00016600000000000035,0.0002989999999999989,-6.1000000000005494e-05
31216,-0.0005480000000000001,-0.004878,-0.063191,0.00012200000000000009,0.00018400000000000014,-4.900000000000737e-05
30866,0.009965,-0.004572,-0.06562699999999999,5.000000000001531e-06,0.00016999999999999914,-4.000000000004e-06
26022,0.008109,-0.010925,-0.075127,7.199999999999915e-05,-8.000000000000021e-05,-0.0002430000000000071
31140,-0.007386,-0.002094,-0.066001,9.49999999999996e-05,0.000152,-0.00011099999999998611
30197,0.010575,-0.007873999999999999,-0.068022,0.00018800000000000067,8.799999999999954e-05,-8.600000000000274e-05
21371,0.012407,-0.006902999999999999,-0.06698699999999999,3.799999999999984e-05,0.00015399999999999962,5.2999999999997494e-05
27606,-0.002877,0.007286,-0.069007,0.00015400000000000006,0.00019800000000000026,6.599999999999662e-05
26396,-0.008353999999999999,0.006450999999999999,-0.06842400000000001,0.0002689999999999984,7.500000000000041e-05,4.000000000004e-06
30792,-0.0035259999999999996,-0.0035859999999999998,-0.072103,8.399999999999944e-05,8.59999999999997e-05,3.200000000000425e-05
30723,-0.009912,0.00015900000000000002,-0.063428,3.0000000000000512e-05,0.000212,-0.00010500000000000786
31364,0.0012649999999999998,-0.011846,-0.063937,0.00013900000000000002,0.00010800000000000046,-0.00020000000000000573
27210,0.011426,0.006004,-0.06508199999999999,0.00012599999999999938,0.00021200000000000038,-0.0001310000000000061
31367,-0.013394,-0.00881,-0.07186100000000001,8.800000000000127e-05,0.0002299999999999993,1.7000000000017e-05
31329,0.011968999999999999,0.010721999999999999,-0.072358,1.0000000000027348e-06,1.2000000000001593e-05,-0.00013199999999999323
29843,0.010592,0.004666,-0.072824,0.00013400000000000044,0.00017599999999999994,-0.00031899999999999984
25503,0.0012050000000000001,0.004269,-0.06617700000000001,5.599999999999984e-05,0.00030299999999999945,0.0
15813,0.008919,0.009401,-0.072823,-2.499999999999898e-05,0.00010999999999999899,-0.00020900000000000085
26989,-0.006045,0.003909,-0.070741,0.00013400000000000044,9.699999999999986e-05,7.100000000000162e-05
28488,-0.000352,-0.010895,-0.068381,0.00023499999999999997,0.0001810000000000006,-0.0002279999999999921
29248,-0.011411,-0.002576,-0.074434,-0.00011599999999999978,0.00016800000000000018,4.500000000000337e-05
31078,0.006503999999999999,-0.010964999999999999,-0.070987,0.00020600000000000045,2.5999999999998247e-05,-0.0001830000000000026
31086,0.006633,-0.012369999999999999,-0.072697,0.0002630000000000002,8.89999999999988e-05,-5.0000000000050004e-06
29848,0.00844,0.002856,-0.063968,0.0001810000000000006,0.00020999999999999968,-3.300000000000525e-05
31099,-0.003539,0.0033599999999999997,-0.06779500000000001,0.00013599999999999984,0.00027200000000000054,3.600000000000825e-05
16469,0.0005380000000000001,0.010622,-0.071946,-0.00021800000000000004,0.00020400000000000106,-7.400000000000462e-05
26701,0.002997,0.009979,-0.07086,2.599999999999998e-05,0.00023899999999999963,-7.799999999999474e-05
28781,-0.008008,0.009379,-0.067691,0.00018099999999999887,0.00012799999999999964,-0.00010899999999999799
17466,-0.008841,0.010230000000000001,-0.065231,0.00016099999999999969,0.00020499999999999859,7.000000000000062e-05
31063,0.012783,0.009388,-0.063654,0.00016700000000000048,0.0002999999999999999,-5.9999999999990616e-05
31376,-0.011785,-0.004902,-0.073885,0.00014300000000000077,0.00021000000000000012,-0.00013199999999999323
31354,0.015082,0.000179,-0.06989,0.0002239999999999985,6.500000000000001e-05,-0.00011300000000000199
30620,0.015942,0.011434,-0.071624,-1.000000000001e-06,9.400000000000033e-05,-8.800000000000474e-05
29118,0.0031190000000000002,-0.009467,-0.0722,0.0001839999999999997,0.00010800000000000046,-0.00020099999999999285
29708,-0.002673,-0.00158,-0.0664,2.3000000000000017e-05,0.00021300000000000008,6.999999999993123e-06
28023,-0.007475,-0.004731,-0.07126600000000001,9.699999999999986e-05,0.0003019999999999993,-6.799999999999862e-05
30732,-0.0064269999999999996,-0.002666,-0.06834699999999999,0.0001549999999999989,0.00011299999999999982,9.999999999982245e-06
23962,-4.1e-05,-0.005148,-0.072348,0.000126,0.00012000000000000031,-0.0001280000000000031
31379,-0.014349,0.009545,-0.06737,0.00015399999999999962,-2.199999999999945e-05,7.600000000000662e-05
31171,0.010885,0.000527,-0.073864,-3.8000000000001574e-05,0.00013900000000000002,-2.5999999999998247e-05
25099,0.0018859999999999999,-0.003574,-0.06654600000000001,0.00014100000000000028,0.0001740000000000001,-0.00013299999999999423
17124,0.006966,0.011587,-0.06754500000000001,-1.0999999999999725e-05,8.5e-05,4.300000000001525e-05
31456,0.000324,-0.006754,-0.06612399999999999,0.00014599999999999997,0.00015899999999999942,-0.00010900000000001187
30090,-0.010519,-0.008952,-0.0705,0.0001410000000000005,0.00011199999999999925,-0.00027599999999999847
28887,0.0043760000000000005,-0.006801,-0.067385,0.000183,0.00023800000000000036,-0.0003630000000000022
26735,0.017369,-0.001751,-0.066952,-9.999999999996123e-06,5.499999999999993e-05,-4.999999999999449e-05
21656,-0.002606,0.009368,-0.065749,2.2999999999999583e-05,0.00024400000000000116,-1.1999999999998123e-05
29530,-0.013052,-0.006645,-0.066744,6.000000000000796e-06,0.00013899999999999937,-0.0002370000000000011
24258,-0.009287,-0.009401,-0.06501900000000001,-5.6000000000000494e-05,2.3999999999999716e-05,-0.0002849999999999936
27239,0.010936,0.001358,-0.069427,8.500000000000174e-05,0.00014400000000000003,-6.599999999999662e-05
22817,0.006789,0.008281,-0.068483,8.000000000000194e-06,0.00010399999999999993,-0.0001679999999999876
30857,0.000579,-0.00757,-0.06968200000000001,0.0001910000000000001,0.00025100000000000035,-0.00014999999999998348
30871,0.0014810000000000001,0.008329000000000001,-0.07138599999999999,-4.300000000000007e-05,0.00032799999999999843,-3.0000000000030003e-06
29141,-0.004153,0.001266,-0.064421,-3.600000000000044e-05,0.00031800000000000014,7.600000000000662e-05
26029,0.007123999999999999,0.010712999999999999,-0.066658,4.4000000000000636e-05,0.00016600000000000122,1.9000000000005124e-05
31284,-0.014357,0.001648,-0.06733199999999999,0.0001789999999999986,0.00018800000000000023,-3.0000000000030003e-06
31398,0.007833,-0.007692999999999999,-0.067553,4.4000000000000636e-05,0.0001250000000000001,-2.4999999999997247e-05
28547,-0.011516,0.0038799999999999998,-0.065591,-7.099999999999988e-05,0.00011300000000000025,-4.500000000000337e-05
10157,0.002368,-0.000275,-0.07349599999999999,4.600000000000047e-05,0.000205,0.00011300000000000199
31059,-0.005712,-0.004533000000000001,-0.061165,-2.3999999999999716e-05,0.00031700000000000044,-4.100000000000631e-05
28198,0.008282999999999999,-0.003471,-0.063455,4.200000000000037e-05,0.00030900000000000025,-2.1999999999994246e-05
30301,0.0070220000000000005,-0.005057000000000001,-0.072575,0.00011599999999999978,0.00013400000000000044,0.00014499999999999236
31410,0.014441,-0.000593,-0.07337099999999999,1.4000000000000123e-05,0.00011200000000000001,-0.00010300000000000586
27238,0.008492000000000001,-0.000641,-0.07018200000000001,0.00014299999999999903,0.000223,-0.00026699999999998947
30751,-0.013800000000000002,0.010041,-0.074593,-1.0999999999998858e-05,0.00015400000000000136,-9.299999999999586e-05
30722,0.004828000000000001,-0.001674,-0.07086400000000001,9.099999999999907e-05,0.00032700000000000003,-0.00026799999999999047
30402,-0.003715,3.8e-05,-0.074348,6.199999999999999e-05,0.000167,-3.300000000000525e-05
31361,-0.005357,-0.009866,-0.066478,0.00012100000000000045,5.400000000000023e-05,-4.200000000000037e-05
26310,0.001988,0.006728,-0.069678,-3.6000000000000225e-05,0.0003100000000000004,-0.00010000000000000286
29159,0.0047539999999999995,0.002121,-0.065578,0.00022099999999999984,0.0002629999999999998,-3.0000000000002247e-05
30785,0.012476000000000001,-0.000643,-0.064269,3.7999999999998105e-05,0.00019500000000000002,-0.0002219999999999861
29806,-0.00145,-0.004916,-0.069896,0.0001739999999999999,0.00021799999999999944,-0.000123000000000012
31040,0.017038,0.000721,-0.06751900000000001,4.099999999999937e-05,0.00018100000000000006,-7.799999999998086e-05
31545,0.002851,-0.00017299999999999998,-0.063729,0.00011700000000000035,0.00017099999999999998,-0.0002370000000000011
30789,0.000261,-0.010706,-0.07000100000000001,0.000288,0.00018300000000000087,-0.00020399999999999585
29499,-0.0032839999999999996,-7.5e-05,-0.065949,9.89999999999997e-05,0.000303,5.7000000000001494e-05
29787,0.003398,0.0014759999999999999,-0.074345,-9.000000000000327e-06,0.000325,-0.00010700000000000986
29175,0.012998,-0.003653,-0.06700199999999999,6.399999999999982e-05,0.0001250000000000001,6.399999999999462e-05
29518,-0.011657,0.008853,-0.072544,3.400000000000104e-05,0.00011199999999999925,-1.5000000000001124e-05
30118,-0.009512,0.011893,-0.06625400000000001,2.8000000000000247e-05,0.00010799999999999872,-3.999999999998449e-05
31033,0.006482,0.004637,-0.070812,-6.399999999999982e-05,0.0002550000000000009,-0.00020799999999999985
29784,0.00426,0.010185000000000001,-0.066998,4.100000000000024e-05,0.00019699999999999752,-0.0001840000000000036
31068,0.0009429999999999999,-0.002198,-0.064234,0.00014500000000000006,0.00023999999999999976,-7.000000000007001e-06
29110,0.005838,0.002318,-0.070422,7.599999999999968e-05,0.0003129999999999995,-6.499999999999562e-05
29811,0.009656000000000001,-0.007315,-0.068691,0.00011299999999999852,0.00014899999999999983,0.00013799999999999923
30752,0.00128,-0.002805,-0.063053,0.00020399999999999997,0.0001910000000000002,-0.00022300000000000098
30743,0.014155,0.011603,-0.06966,-4.0999999999997636e-05,-0.0001020000000000014,6.899999999999962e-05
22010,0.002354,-0.001649,-0.072539,8.199999999999961e-05,0.00026900000000000014,-0.00010299999999999199
26032,0.00928,-0.004881,-0.069826,0.0002620000000000001,0.00010199999999999966,-0.00015900000000000636
20709,0.005101,0.003755,-0.07001399999999999,-5.099999999999983e-05,0.0002270000000000002,-0.00017000000000000348
28828,-0.001987,0.0012259999999999999,-0.06620699999999999,0.00010700000000000011,0.0002180000000000001,0.00010799999999998311
29592,-0.013846,0.0008359999999999999,-0.06895699999999999,-2.0000000000002655e-06,0.00033700000000000006,-5.300000000001137e-05
30460,-0.006376000000000001,-0.0051719999999999995,-0.06556699999999999,7.000000000000062e-05,0.00026299999999999935,-0.00015800000000000536
17489,0.009816,-0.003177,-0.0714,0.00017700000000000007,0.00014900000000000026,-0.00027299999999999547
29217,-0.008417,0.007916000000000001,-0.06905800000000001,0.000193999999999998,2.7999999999998512e-05,6.40000000000085e-05
24491,0.009847,0.002311,-0.07152299999999999,1.4000000000000123e-05,0.0002760000000000002,-6.60000000000105e-05
28841,-0.003875,-0.0007379999999999999,-0.062962,8.099999999999991e-05,0.00011699999999999992,2.8000000000000247e-05
9772,0.015853,-6.6e-05,-0.072796,2.5000000000000716e-05,-8.999999999999988e-06,-9.200000000000874e-05
29943,0.01019,0.0023650000000000003,-0.063287,0.00018400000000000187,0.00027599999999999977,-0.00021800000000000985
25119,0.005899,0.000147,-0.06763,0.00016600000000000035,0.00022400000000000002,-0.00018000000000001348
25108,0.0077069999999999994,0.004811,-0.070872,-3.8999999999999105e-05,0.00020699999999999972,-0.00020399999999999585
27005,-0.0007019999999999999,-0.009928000000000001,-0.072582,5.999999999999994e-05,0.00018199999999999987,-0.000127000000000016
29818,-0.001414,-0.011555999999999999,-0.067151,0.00018999999999999985,0.00015199999999999936,-0.0001229999999999981
27240,-0.009032,-0.0009519999999999999,-0.065712,6.900000000000135e-05,0.00022399999999999992,-0.00014399999999999136
29543,-0.000223,-0.011948,-0.06474200000000001,0.000111,9.500000000000133e-05,-0.00015599999999998948
30838,0.00195,-0.011559,-0.06390699999999999,3.700000000000014e-05,0.0001570000000000009,-0.0002620000000000122
28716,0.010692,0.01042,-0.06989400000000001,-0.00017800000000000107,-9.999999999999593e-06,-0.00014899999999999636
27014,0.001747,-0.0072889999999999995,-0.06872400000000001,0.00014699999999999978,0.00013399999999999957,-0.00020799999999999985
22799,0.000231,-0.0043230000000000005,-0.071062,0.00017799999999999996,0.00025400000000000075,-0.0001759999999999956
27869,0.003351,-0.0037080000000000004,-0.067452,0.00015499999999999976,0.0001540000000000005,-0.0002390000000000031
30919,0.012263999999999999,-0.004894,-0.070163,2.8000000000000247e-05,0.00011300000000000025,6.0000000000004494e-05
26996,0.005785,0.008364,-0.06822700000000001,9.19999999999992e-05,0.0001499999999999991,-0.0001649999999999846
31450,0.003114,-0.0014010000000000001,-0.06554,0.00019300000000000003,0.000232,-0.00020900000000000085
31132,0.013396000000000002,0.003589,-0.06523000000000001,0.00021799999999999944,0.00019799999999999983,-0.00018899999999998085
30474,-0.010127,-0.0014579999999999999,-0.069326,9.800000000000086e-05,0.00013099999999999982,-0.00014200000000000323
27870,-3.8e-05,0.009726,-0.071931,-4.600000000000001e-05,0.0001399999999999995,-9.100000000000774e-05
25717,0.009129,0.010147,-0.066915,4.099999999999937e-05,0.0001410000000000005,-1.000000000001e-06
24541,-0.010021,-0.0005629999999999999,-0.071409,-2.7999999999998512e-05,0.0002389999999999999,8.500000000000174e-05
29472,-0.001692,0.008054,-0.070013,8.199999999999982e-05,0.0001349999999999997,-4.099999999999937e-05
28869,0.00708,0.012047,-0.07168899999999999,-0.00022700000000000064,-8.000000000001062e-06,-0.00015600000000000336
26631,0.01228,0.0009180000000000001,-0.06815,0.00010800000000000046,0.00015299999999999982,-0.00014600000000000724
29851,-0.007136,0.003916,-0.074019,6.499999999999995e-05,4.49999999999999e-05,-6.299999999999362e-05
17123,0.01282,0.007508,-0.06843099999999999,8.199999999999874e-05,4.900000000000043e-05,-7.900000000000962e-05
29920,0.008819,-0.0052309999999999995,-0.066136,8.999999999998592e-06,0.00011799999999999918,-7.000000000007001e-06
25719,-0.004908,-0.0032890000000000003,-0.06897199999999999,0.00022199999999999998,0.00017500000000000024,-0.00015000000000001124
27600,-0.007801,0.00393,-0.07256699999999999,0.00012399999999999998,8.700000000000027e-05,-2.2000000000008124e-05
30414,-0.011141,-0.004717,-0.066578,0.00010899999999999972,0.0001990000000000004,-0.0003449999999999981
21412,-0.0023580000000000003,0.0063609999999999995,-0.065878,0.00010800000000000046,0.000268,5.6000000000000494e-05
26625,0.0037519999999999997,0.002132,-0.07042,2.2000000000000318e-05,0.0002509999999999999,-5.100000000000937e-05
20723,0.010671,0.0064340000000000005,-0.068866,-4.800000000000117e-05,9.399999999999947e-05,-0.00023300000000001098
28871,-0.005699,0.0028940000000000003,-0.065,0.0001529999999999995,0.0002689999999999997,6.899999999999962e-05
29965,0.0027229999999999997,-0.006128,-0.06798799999999999,0.00011699999999999992,0.00023999999999999976,-0.0002500000000000002
15121,0.004844,0.007743000000000001,-0.069327,-2.600000000000085e-05,0.0002479999999999991,-9.299999999999586e-05
31430,-0.002436,0.007652,-0.07141800000000001,7.099999999999945e-05,0.00012399999999999998,1.4000000000014001e-05
28579,0.003665,0.005297,-0.06944199999999999,7.100000000000032e-05,0.0004220000000000005,-5.3999999999998494e-05
31183,-0.003698,-0.002373,-0.068438,0.00018100000000000017,0.00012200000000000015,-0.00019500000000000073
24195,-0.004409,-0.005764999999999999,-0.071012,6.399999999999982e-05,0.00023599999999999923,3.0000000000002247e-05
31513,0.011433,0.013061,-0.06843300000000001,-8.300000000000148e-05,-0.00018800000000000067,-0.00010499999999999399
30741,-0.012246,0.007032,-0.06937900000000001,8.3999999999999e-05,0.00013100000000000004,-1.1999999999998123e-05
31057,0.00181,0.001202,-0.062213000000000004,6.300000000000012e-05,0.00018000000000000004,-0.00027399999999999647
31428,-0.010136,-0.004634,-0.07283400000000001,0.00015699999999999915,0.00021100000000000025,-8.499999999998786e-05
29525,0.006612,-0.006860000000000001,-0.064141,0.00015200000000000023,0.0002660000000000006,-7.000000000000062e-05
30829,-0.001984,-0.009336,-0.062638,0.00013999999999999993,0.00014000000000000123,-0.00013799999999999923
27546,-0.0022370000000000003,0.005725,-0.067896,7.400000000000028e-05,0.00018099999999999974,7.500000000000562e-05
30892,-0.001599,0.0024,-0.06930599999999999,9.699999999999986e-05,0.00022400000000000024,-6.0000000000060005e-06
28873,-0.006412,-0.007232000000000001,-0.06754,7.699999999999981e-05,0.00019600000000000086,-0.0001799999999999996
29125,0.004759,0.005116,-0.064771,0.0001269999999999995,0.00017100000000000014,2.1999999999994246e-05
25160,-0.006771,-0.003179,-0.071597,0.0001380000000000001,0.0002999999999999999,-8.099999999999774e-05
23520,-0.008455,0.004521,-0.072232,0.00011599999999999978,8.199999999999961e-05,-1.1999999999998123e-05
30120,0.004351,-0.006502,-0.064064,0.00011900000000000018,0.00015499999999999976,-0.00027399999999999647
26185,-0.013545,-0.00145,-0.066656,9.999999999999593e-06,0.00017799999999999977,-8.299999999999974e-05
20570,0.009958999999999999,-0.009851,-0.06750400000000001,0.00011500000000000052,0.0001399999999999995,0.00010600000000000886
28625,0.000502,-0.0006540000000000001,-0.069036,0.00014800000000000002,0.00026300000000000005,-9.000000000000674e-05
30836,0.012173999999999999,0.00333,-0.066134,0.00017,0.00021099999999999982,-0.00025499999999999134
27607,-0.012809,0.008695999999999999,-0.070018,0.00015599999999999815,6.700000000000109e-05,-3.100000000000325e-05
31369,0.007807000000000001,-0.007902,-0.066849,4.6000000000000034e-05,3.8999999999999105e-05,-2.2999999999995246e-05
24806,-0.006974,-0.00055,-0.070431,6.700000000000022e-05,0.000152,9.999999999982245e-06
16139,-0.0006770000000000001,0.007547,-0.068595,9.000000000000013e-05,0.0001380000000000001,2.5000000000011124e-05
30409,0.008329000000000001,-0.007306,-0.06787,0.00013699999999999823,0.00011500000000000052,8.199999999999874e-05
25418,0.001972,0.0075250000000000004,-0.06833,-3.799999999999984e-05,0.00017299999999999954,4.899999999999349e-05
26013,-0.010704,-0.004122,-0.068524,-3.699999999999884e-05,0.0002899999999999999,-0.0001280000000000031
25194,-0.004715,0.002988,-0.069915,7.899999999999921e-05,0.0002859999999999998,-2.000000000002e-06
31131,0.00375,-0.000603,-0.065954,0.00022900000000000004,0.00025000000000000006,-0.00010100000000000386
22096,-0.012554000000000001,0.002348,-0.070877,4.4000000000000636e-05,0.00018100000000000017,2.4999999999997247e-05
29657,0.0006490000000000001,0.000502,-0.072093,3.600000000000001e-05,0.00015300000000000003,0.0
27255,-0.010834,-0.00011999999999999999,-0.067184,6.700000000000109e-05,0.00021999999999999998,-8.100000000001162e-05
29467,0.006219000000000001,-0.00365,-0.06591200000000001,0.0001419999999999989,0.0003420000000000003,-0.00014399999999999136
29876,-0.011226000000000002,-0.003356,-0.073365,0.00016300000000000169,0.0002329999999999997,-2.9999999999891225e-06
28570,-0.011006,0.00881,-0.070092,0.00015300000000000036,8.000000000000021e-05,6.399999999999462e-05
30446,-0.009256,0.007628,-0.07260599999999999,2.700000000000098e-05,0.00010499999999999919,8.299999999999974e-05
29830,-0.001591,0.003999,-0.071135,0.00018999999999999985,0.0002890000000000002,7.000000000000062e-05
17102,-0.0006360000000000001,0.001721,-0.06924,-2.3999999999999933e-05,0.00025599999999999993,0.0
22358,0.007647999999999999,-0.005715,-0.068585,0.00011200000000000012,7.099999999999988e-05,3.699999999999537e-05
27266,0.0014370000000000001,0.000331,-0.072953,3.399999999999996e-05,0.00020799999999999996,4.200000000000037e-05
28193,-0.003953,0.0006450000000000001,-0.073698,0.00011199999999999969,0.0002149999999999999,8.699999999998986e-05
29483,0.004908,-0.002474,-0.062946,0.0001529999999999995,0.00025600000000000015,-0.00022400000000000198
15880,-0.0024129999999999998,-0.0015400000000000001,-0.070164,0.00010799999999999959,0.0002760000000000002,-3.599999999999437e-05
