Particle,x,y,z,Vx,Vy,Vz
35706,0.0022069999999999998,0.001183,-0.069066,0.0,0.0,0.0
36182,-0.009499,0.0065780000000000005,-0.07476999999999999,0.0,0.0,0.0
38284,-0.0028740000000000003,-0.0008219999999999999,-0.063921,0.0,0.0,0.0
36891,0.0054269999999999995,-0.007904,-0.071191,0.0,0.0,0.0
35909,-0.004572,-0.004353,-0.075857,0.0,0.0,0.0
36612,-0.001676,0.003311,-0.069154,0.0,0.0,0.0
38080,0.014765,0.0067859999999999995,-0.06786700000000001,0.0,0.0,0.0
38581,-0.00675,-0.008958,-0.067241,0.0,0.0,0.0
34453,-0.014864,0.00567,-0.07095699999999999,0.0,0.0,0.0
36827,-0.010369999999999999,0.011037000000000002,-0.0691,0.0,0.0,0.0
38062,-0.001227,0.005309,-0.064482,0.0,0.0,0.0
34138,-0.0014830000000000002,0.01233,-0.072332,0.0,0.0,0.0
29920,0.009177,0.002,-0.067048,0.0,0.0,0.0
25719,-0.000217,0.002548,-0.072154,0.0,0.0,0.0
38314,-0.0037679999999999996,-0.006626,-0.073097,0.0,0.0,0.0
38068,0.006133,0.0005620000000000001,-0.061415,0.0,0.0,0.0
37861,-0.0096,0.001202,-0.077746,0.0,0.0,0.0
37118,0.0029049999999999996,0.009273,-0.06841,0.0,0.0,0.0
38840,-0.008010999999999999,-0.001671,-0.062225,0.0,0.0,0.0
37620,0.002401,-0.004926,-0.068774,0.0,0.0,0.0
38325,0.011493999999999999,-0.003091,-0.063291,0.0,0.0,0.0
34437,-0.00034,-0.007633,-0.07136100000000001,0.0,0.0,0.0
36904,-0.009323,-0.008444,-0.065498,0.0,0.0,0.0
37464,-0.0007920000000000001,0.003757,-0.061147,0.0,0.0,0.0
27600,-0.005696,0.00698,-0.07227700000000001,0.0,0.0,0.0
37737,-0.0044269999999999995,0.006835,-0.06496299999999999,0.0,0.0,0.0
37989,0.005042,-0.002401,-0.07496299999999999,0.0,0.0,0.0
38418,-0.002284,-0.0072699999999999996,-0.060847,0.0,0.0,0.0
33241,-0.012246,0.0028079999999999997,-0.069123,0.0,0.0,0.0
38367,0.0009599999999999999,-0.006487,-0.076778,0.0,0.0,0.0
38388,-0.0077729999999999995,-0.009648,-0.063748,0.0,0.0,0.0
38657,0.0069180000000000005,-0.006959,-0.073342,0.0,0.0,0.0
37148,0.005268,-0.007571,-0.07582,0.0,0.0,0.0
38604,0.012753,-0.004095,-0.064733,0.0,0.0,0.0
38802,-0.014895,-0.011299,-0.07531399999999999,0.0,0.0,0.0
37111,0.001155,0.011783,-0.063012,0.0,0.0,0.0
36126,-0.002767,0.002562,-0.067265,0.0,0.0,0.0
38609,-0.006115000000000001,-0.009448,-0.058991,0.0,0.0,0.0
38459,-0.001835,0.00777,-0.06016,0.0,0.0,0.0
38751,0.016268,-0.007994,-0.067198,0.0,0.0,0.0
38292,-0.005855000000000001,0.007744,-0.063357,0.0,0.0,0.0
35857,0.006448000000000001,0.009521,-0.065289,0.0,0.0,0.0
37633,-0.004455,0.003236,-0.06579600000000001,0.0,0.0,0.0
37795,0.003818,0.0020670000000000003,-0.06494899999999999,0.0,0.0,0.0
37685,0.000655,0.000122,-0.063458,0.0,0.0,0.0
37414,-0.00577,-0.011774,-0.07079,0.0,0.0,0.0
30414,-0.007439,0.0026869999999999997,-0.07025400000000001,0.0,0.0,0.0
38142,-0.000824,-0.003176,-0.07589,0.0,0.0,0.0
38596,0.01211,-0.009875,-0.065916,0.0,0.0,0.0
38317,0.01086,-0.001978,-0.06594499999999999,0.0,0.0,0.0
37872,-0.007716,0.006859,-0.07523,0.0,0.0,0.0
38624,0.002888,0.011679,-0.06408799999999999,0.0,0.0,0.0
37152,-0.004554,-0.010118,-0.061560000000000004,0.0,0.0,0.0
38356,-0.008262,0.011854,-0.059643999999999996,0.0,0.0,0.0
21412,-0.0014019999999999998,0.012804,-0.063692,0.0,0.0,0.0
38136,0.014695999999999999,-0.011706,-0.07276,0.0,0.0,0.0
38397,-0.014692,-0.008562,-0.07089100000000001,0.0,0.0,0.0
37369,-0.01498,0.012548,-0.06713899999999999,0.0,0.0,0.0
37380,-0.016274,0.008876,-0.069146,0.0,0.0,0.0
37991,-0.003962,-0.00016700000000000002,-0.06700300000000001,0.0,0.0,0.0
26625,0.004634,0.007575,-0.0721,0.0,0.0,0.0
38321,-0.002997,-0.011664999999999998,-0.074865,0.0,0.0,0.0
38127,0.012062,-0.0014370000000000001,-0.071324,0.0,0.0,0.0
37000,-0.011882,0.008451,-0.071643,0.0,0.0,0.0
38043,-0.003604,-0.008115,-0.071697,0.00011999999999999988,0.00025900000000000055,-0.00010899999999999799
38662,0.0021349999999999997,-0.005709,-0.065866,0.00023800000000000036,0.0002230000000000001,-0.0003070000000000017
37731,-0.013481,0.01024,-0.072114,-6.000000000000796e-06,8.99999999999998e-05,-2.4999999999997247e-05
37083,0.001502,-0.006535999999999999,-0.070355,0.0001919999999999999,0.00023899999999999963,-0.00014099999999998836
36488,0.00553,-0.00395,-0.06714400000000001,0.0002760000000000002,0.00015100000000000053,-0.0003029999999999977
35606,-0.000555,0.002418,-0.065166,6.20000000000001e-05,0.00027999999999999987,6.30000000000075e-05
35032,-0.003557,0.006299000000000001,-0.06937600000000001,-8.999999999999894e-06,9.899999999999926e-05,8.299999999999974e-05
38230,0.004076,-0.012957000000000002,-0.066511,0.00011900000000000018,3.300000000000178e-05,-0.00014100000000000223
20723,0.014009,0.007996,-0.07381499999999999,0.0001239999999999991,-7.999999999999848e-05,-0.00019600000000000173
36118,0.015093,0.007758,-0.07152700000000001,0.00016299999999999995,9.19999999999992e-05,-0.00015600000000000336
38293,-0.002451,-0.006385,-0.06795999999999999,0.00033,0.00023499999999999997,-4.900000000000737e-05
38859,-0.0056500000000000005,-0.009876,-0.075362,0.00017500000000000068,0.00021999999999999797,-4.700000000000537e-05
33874,-0.001395,-0.007499,-0.069573,0.00017700000000000007,4.5999999999999167e-05,-2.3000000000009124e-05
37677,-0.005934999999999999,0.012244,-0.069244,0.0001429999999999999,0.00010800000000000046,6.799999999999862e-05
39014,0.011159,-0.004938,-0.062537,8.799999999999954e-05,0.00017899999999999947,-0.0002610000000000112
39067,0.005726,-0.006938,-0.063053,0.00023000000000000017,8.399999999999987e-05,-0.00022400000000000198
37705,-0.011273,-0.005687,-0.065858,0.0001860000000000004,0.00010700000000000032,5.3999999999998494e-05
28871,-0.001786,0.009762,-0.060267,9.000000000000002e-05,0.00021299999999999965,0.0002699999999999994
36497,-0.0022029999999999997,-0.0013540000000000002,-0.071892,0.00016399999999999965,0.0002930000000000003,-8.700000000000374e-05
38350,0.0052640000000000004,0.012905,-0.06332600000000001,2.8999999999999512e-05,0.00021400000000000065,0.00016100000000000836
38591,-0.010441,-0.009278,-0.062115000000000004,5.300000000000096e-05,0.00011599999999999978,-0.00037500000000000033
38380,0.014364,-0.0062,-0.065971,0.0001239999999999991,0.00015099999999999923,-3.099999999998937e-05
38971,0.009460000000000001,-0.0028959999999999997,-0.062947,0.0001289999999999989,0.00019099999999999976,-0.00014499999999999236
38980,-0.012055,-0.009398,-0.066925,9.900000000000013e-05,-1.2999999999999123e-05,-0.00016399999999999748
36495,-0.01402,0.001534,-0.076188,-0.0001799999999999996,0.00011500000000000008,6.0000000000004494e-05
38313,-0.004246000000000001,-0.005607999999999999,-0.063533,0.00014899999999999983,-3.1000000000000645e-05,-0.00018699999999999273
38402,-0.011039,-0.007487,-0.067552,0.00018099999999999887,0.00013599999999999984,1.4000000000000123e-05
39003,-0.009869,-0.005605000000000001,-0.077633,4.89999999999987e-05,0.00017900000000000034,0.00028300000000000547
38593,0.015164,0.012307,-0.06750400000000001,7.799999999999994e-05,-9.60000000000006e-05,-7.799999999998086e-05
37367,0.008739,-0.00033800000000000003,-0.073942,0.0002649999999999996,0.00023100000000000003,-0.0002440000000000081
29965,0.006969,0.000611,-0.07427299999999999,0.00011599999999999978,0.00025100000000000003,-0.00017000000000000348
36856,-0.002595,0.011598,-0.073795,-9.8e-05,7.599999999999968e-05,-0.00015599999999998948
38893,-0.009796,-0.003862,-0.060882,0.00014400000000000003,0.000147,-0.00026900000000000535
36282,0.012031,0.010417,-0.071185,0.00015199999999999936,-0.00017200000000000028,-7.500000000000562e-05
38972,0.013583999999999999,-0.005667,-0.074803,1.700000000000139e-05,-5.999999999999929e-06,-7.200000000000262e-05
38171,0.01634,0.0005610000000000001,-0.073969,1.9999999999999185e-05,-0.0001400000000000001,-0.00016600000000001336
38855,-0.001018,-0.009364,-0.069106,0.0002050000000000001,3.600000000000131e-05,3.799999999999637e-05
32937,0.004435,0.008348000000000001,-0.064827,0.00015700000000000002,0.00020500000000000032,0.00020799999999999985
15121,0.002488,0.012487999999999999,-0.070509,-0.00013100000000000004,0.00012800000000000138,-8.299999999999974e-05
38364,0.006455,-0.005726,-0.060898,0.00014500000000000016,-2.0000000000000052e-05,-0.0004149999999999987
36790,-0.009939,-0.0015760000000000001,-0.070825,8.99999999999998e-05,0.00018900000000000015,-0.00026500000000000135
38900,0.005714,-0.011843,-0.068028,5.999999999999929e-05,7.499999999999868e-05,-0.00027599999999999847
38901,-0.00359,-0.0054989999999999995,-0.059251,9.8e-05,5.699999999999976e-05,0.00016499999999999848
38613,0.012919,-0.000433,-0.07776000000000001,-5.099999999999896e-05,7.800000000000005e-05,-0.0002779999999999866
38913,0.009414,0.010388,-0.07004,6.999999999999888e-05,-8.3999999999999e-05,2.5000000000011124e-05
38919,-0.011278999999999999,-0.002095,-0.074626,0.00012499999999999838,0.00029699999999999996,-0.00016100000000000836
38052,0.005789,-0.0024980000000000002,-0.068652,0.00028800000000000006,0.00016800000000000018,-0.00012099999999999611
38953,-0.009185,0.0059050000000000005,-0.059511,-6.100000000000029e-05,9.99999999999994e-05,-0.00010500000000000093
38617,-0.007331000000000001,-0.00996,-0.05868,0.00014800000000000056,5.999999999999929e-05,-0.00017099999999999754
38192,0.0032,0.010447,-0.076563,-0.00014400000000000003,2.6000000000001716e-05,-0.00036199999999998733
38984,-0.006899,0.011865,-0.075846,2.3999999999999716e-05,0.00010600000000000019,-0.00010799999999999699
38997,0.009196999999999999,-0.01137,-0.072107,0.00021800000000000118,3.099999999999978e-05,-0.0002479999999999982
31430,-0.000419,0.012215,-0.072622,9.000000000000002e-06,0.0002249999999999995,-0.00012999999999999123
38517,0.017505,-0.000588,-0.066661,0.0001030000000000024,7.499999999999998e-05,-9.499999999999786e-05
39066,0.004211,-0.01091,-0.065666,0.00026099999999999995,0.00010699999999999946,-0.00016399999999999748
39070,0.004259000000000001,0.004583,-0.05796200000000001,0.0001549999999999989,0.00011599999999999978,-0.0002629999999999924
38812,-0.011707,0.001509,-0.063549,-3.900000000000084e-05,0.00018000000000000004,-0.00016800000000000148
39087,-0.01017,0.006558,-0.07704699999999999,4.1000000000001105e-05,6.300000000000056e-05,9.999999999998899e-05
39147,0.0068330000000000005,0.009576000000000001,-0.076815,-1.600000000000039e-05,0.0001329999999999977,-0.0002540000000000042
31815,-0.000851,0.010583,-0.075078,-0.00011700000000000002,0.00025799999999999955,-0.00032100000000000184
37205,-0.008097,-0.004477999999999999,-0.073431,0.00011500000000000052,0.00028199999999999927,-0.00014400000000000523
38634,-0.006274,0.009089,-0.061396,-8.100000000000034e-05,0.00023399999999999983,0.00012999999999999817
38328,0.017043,-0.006438,-0.07181900000000001,8.600000000000274e-05,2.0000000000000052e-05,-0.00010899999999998411
37818,-0.008545,0.000386,-0.065762,2.300000000000045e-05,0.00022200000000000003,-0.00015400000000000136
38137,9.4e-05,-0.011669,-0.071331,0.000243,2.000000000000092e-05,-0.00013399999999999523
39194,-0.000882,0.012171,-0.070479,-5.100000000000005e-05,0.00020799999999999985,7.000000000000062e-05
38882,0.012681,0.006272000000000001,-0.06818300000000001,0.00014099999999999877,4.39999999999989e-05,-0.00010199999999999099
39202,-0.008315,-0.005724,-0.065291,0.00018699999999999967,0.00014599999999999943,-0.00038300000000000833
37086,-0.009097,-0.011365,-0.068076,0.00011399999999999778,1.600000000000039e-05,-0.00013399999999999523
38599,0.007841,0.009531000000000001,-0.062705,2.7999999999998512e-05,0.0002589999999999971,-0.0001300000000000051
39286,0.008984,0.011154,-0.06553,8.000000000001062e-06,8.599999999999927e-05,3.200000000000425e-05
37992,-0.0052569999999999995,-0.011749,-0.070243,9.19999999999992e-05,0.00017400000000000228,-4.500000000000337e-05
37497,0.0062050000000000004,0.011118000000000001,-0.07219400000000001,-5.500000000000036e-05,4.099999999999937e-05,-8.099999999999774e-05
38299,-0.001823,-0.01265,-0.067267,4.2000000000000154e-05,0.0001360000000000007,-7.600000000000662e-05
34173,-0.010483000000000001,0.000997,-0.07287099999999999,5.000000000000143e-05,0.00016400000000000008,-0.00017600000000000948
38602,-0.000193,-0.0066029999999999995,-0.066741,0.000172,0.0002009999999999998,-0.00017900000000001248
32590,0.0072569999999999996,0.001426,-0.074152,0.00012100000000000045,0.00027500000000000007,-0.00021300000000000485
39257,0.011416,0.009635999999999999,-0.06470999999999999,8.499999999999827e-05,6.399999999999982e-05,2.1999999999994246e-05
38877,0.005522,-0.0013620000000000001,-0.06681699999999999,0.00035400000000000015,0.0002670000000000001,-0.00014800000000000924
38990,-0.006825,-0.008414999999999999,-0.06817000000000001,-7.799999999999908e-05,7.999999999999848e-05,-8.099999999999774e-05
37356,-1e-05,0.0058449999999999995,-0.076661,8.199999999999999e-05,0.00012600000000000024,-0.00015299999999998648
38926,0.014910999999999999,-0.007634,-0.073945,7.600000000000141e-05,-6.100000000000029e-05,2.2999999999995246e-05
38633,0.005731,0.001461,-0.06667100000000001,0.00015800000000000015,0.000196,-0.00014599999999997948
39372,-0.013333,-0.005687,-0.073285,1.3999999999998389e-05,0.00018000000000000047,-5.2999999999997494e-05
38944,-0.010513,-0.003269,-0.062595,0.0002500000000000002,0.00010000000000000026,-0.0004080000000000056
39280,-0.004868,-0.005804,-0.059511,0.00020999999999999925,0.0002490000000000001,-0.0004549999999999971
35400,-0.014385,-0.003493,-0.070612,0.00034900000000000035,0.00017599999999999994,-0.00010600000000000886
38630,0.015499,0.000176,-0.063072,0.00020599999999999959,0.000241,-0.0001840000000000036
28579,0.003399,0.012447,-0.070089,-0.0001709999999999997,0.00023300000000000057,-7.000000000007001e-06
39199,-0.015678,0.010258,-0.073128,2.8000000000000247e-05,-0.00012900000000000064,-0.00010200000000000486
39044,-0.013571,0.004125,-0.07317799999999999,-8.099999999999948e-05,0.00023000000000000017,-6.60000000000105e-05
33540,-0.009901,0.012818,-0.065821,2.599999999999998e-05,0.00019400000000000146,7.500000000000562e-05
39148,-0.015247,0.011487,-0.072544,7.499999999999868e-05,-3.400000000000104e-05,2.5999999999998247e-05
38921,0.011343,0.012464000000000001,-0.074006,0.0001289999999999989,-0.0001420000000000015,-4.200000000000037e-05
38785,0.016834,-0.009962,-0.070007,0.00012099999999999958,-3.199999999999904e-05,-8.099999999999774e-05
36789,0.0009220000000000001,-0.00426,-0.070574,0.00035800000000000003,0.0002509999999999995,-0.0001290000000000041
39328,0.005078999999999999,0.005181,-0.07230299999999999,0.00014200000000000063,0.00032200000000000024,0.0001250000000000001
37883,-0.004338,0.012028,-0.07281900000000001,-4.700000000000017e-05,0.0001410000000000005,-2.899999999998737e-05
39233,0.0028079999999999997,0.010943,-0.07596299999999999,-0.0001439999999999996,4.300000000000137e-05,-0.00018000000000001348
38742,-0.013217000000000001,0.009609999999999999,-0.07003400000000001,4.800000000000117e-05,0.00028400000000000127,3.8000000000024126e-05
38158,-0.013224,0.008138,-0.065672,0.0001229999999999981,8.300000000000148e-05,5.1999999999996493e-05
38218,-0.003316,0.00561,-0.062422,2.2999999999999583e-05,0.0003099999999999995,8.79999999999978e-05
39334,0.000248,-0.010169000000000001,-0.074347,8.300000000000001e-05,8.900000000000054e-05,-4.800000000000637e-05
37410,-0.006186,0.0036320000000000002,-0.06369,1.899999999999992e-05,0.00012399999999999954,-6.20000000000065e-05
39192,-0.003508,-0.009065,-0.060666,0.00021600000000000005,0.00022199999999999998,-0.0001840000000000036
38406,0.002317,-0.0054,-0.074352,6.0999999999999856e-05,0.0001780000000000002,-0.0002370000000000011
34494,-0.0016220000000000002,-0.002419,-0.067107,6.100000000000029e-05,0.00013699999999999997,-0.00019399999999999973
35598,-0.00307,-0.00624,-0.065645,0.0001250000000000001,-8.300000000000061e-05,-0.00032999999999999696
38867,-0.007046,-0.005215,-0.0655,0.00020900000000000085,0.00010199999999999966,-0.00031699999999998396
38338,-0.010567,-0.008171,-0.066684,0.00021700000000000018,0.00020599999999999959,-7.100000000000162e-05
38887,-0.008035,-0.005777999999999999,-0.06948900000000001,1.8000000000000654e-05,6.099999999999942e-05,-0.00021399999999999197
39028,-0.011303,-0.007823,-0.061606,5.10000000000007e-05,0.00011600000000000065,-0.0003799999999999984
38896,-0.009441000000000001,-0.003232,-0.075049,-3.3999999999997574e-05,0.00030100000000000005,-0.00021999999999999797
38888,0.009785,-0.011949,-0.06520000000000001,0.00012400000000000085,8.000000000000021e-05,-0.0002959999999999907
39228,-0.006987,-0.009211,-0.077372,0.0001510000000000001,4.900000000000043e-05,-0.0001910000000000106
39234,0.011609,0.01072,-0.06449200000000001,0.00013800000000000097,1.9999999999999185e-05,0.0002570000000000072
35931,-0.003713,0.010773,-0.07260599999999999,5.700000000000019e-05,0.00015800000000000015,-0.00010500000000000786
38130,0.004166,-0.008995,-0.069338,0.0001769999999999992,0.0001789999999999986,-0.0001320000000000071
38932,-0.007437,-0.003487,-0.06568500000000001,0.00017700000000000007,0.00018899999999999993,-0.0004219999999999918
38649,-0.011109,0.012240000000000001,-0.063942,0.00010000000000000113,0.0,0.00020599999999999785
38941,-0.000609,-0.004173,-0.063176,0.00035999999999999997,5.400000000000023e-05,-0.00045400000000000995
38003,-0.014879,-0.000575,-0.076017,-1.5000000000001124e-05,0.00012199999999999998,-0.00015799999999999148
39400,0.011524,-0.0024230000000000002,-0.068199,-2.3999999999999716e-05,0.00013200000000000017,4.000000000004e-06
39418,-0.001637,-0.001232,-0.061469,0.00021300000000000008,0.00026600000000000007,-0.0003059999999999938
39485,0.001917,-0.0032730000000000003,-0.06832200000000001,0.00017599999999999972,7.400000000000028e-05,-8.199999999998486e-05
39502,-0.00014399999999999998,0.005066,-0.06688200000000001,2.099999999999997e-05,7.600000000000055e-05,0.00010600000000000886
38098,0.005562,-0.004513,-0.075354,8.700000000000027e-05,4.0000000000000105e-05,-0.0003509999999999902
36505,-0.001875,0.008807,-0.074194,8.299999999999996e-05,0.00015799999999999842,-3.100000000000325e-05
38965,-0.007795,0.011366,-0.060607999999999995,-6.300000000000056e-05,0.00019500000000000073,9.599999999999193e-05
31183,0.000559,0.003012,-0.073253,5.8999999999999916e-05,0.00018100000000000017,-0.0001350000000000101
38123,-0.006524,-0.003043,-0.063682,0.00016099999999999969,0.0002000000000000001,-0.0005570000000000019
38318,-0.008794,0.007622,-0.06580200000000001,1.8000000000000654e-05,0.00030900000000000025,-9.199999999999486e-05
36632,0.000347,0.012205,-0.06917,-0.000107,0.00022599999999999877,-1.0999999999997123e-05
38288,0.005834,-0.008244999999999999,-0.06784699999999999,0.00016000000000000042,5.4999999999999494e-05,-0.0004080000000000056
39217,-0.015138,0.008144,-0.070217,7.000000000000062e-06,0.00037199999999999907,6.399999999999462e-05
38429,-0.014221,-0.008298999999999999,-0.074105,-2.000000000002e-06,0.00012699999999999864,-8.999999999999286e-05
35038,-0.00292,-0.001062,-0.067491,0.00010399999999999993,0.000291,-0.00022199999999999998
38283,-0.006337,-0.001357,-0.066641,0.0001719999999999994,0.00027499999999999985,-0.0003019999999999967
38191,-0.008253,0.002154,-0.07460599999999999,8.99999999999998e-05,0.00013699999999999997,-4.900000000000737e-05
37681,0.006946,0.010201,-0.076023,2.8999999999999512e-05,0.00013699999999999997,-0.00018999999999999573
38361,-0.008345,0.002906,-0.063908,6.0999999999998555e-05,0.0001309999999999996,-3.599999999999437e-05
38289,-0.0005,0.0011519999999999998,-0.076954,1.8000000000000004e-05,0.00015800000000000015,-4.400000000001625e-05
37488,-0.001795,0.011295,-0.06701900000000001,8.99999999999998e-05,0.0002370000000000011,0.00022400000000000198
36060,0.014605,0.004939,-0.072377,0.00013299999999999944,0.00011099999999999999,-0.00016099999999999448
38880,-0.01467,-0.006636,-0.071718,0.0002599999999999998,9.700000000000073e-05,-0.0001280000000000031
39124,0.013573,0.004899,-0.063552,0.00012900000000000064,0.0003060000000000007,-0.0002360000000000001
39448,-0.001571,0.002869,-0.060911,0.0001479999999999999,0.00024700000000000026,-0.00019299999999999873
38970,0.000161,-0.007796,-0.065641,0.00035800000000000003,0.00012700000000000038,-0.00038699999999999846
39272,-0.006569,-0.008446,-0.06417700000000001,0.0001510000000000001,0.00011300000000000025,-0.0001709999999999906
37967,-0.006033999999999999,7.099999999999999e-05,-0.064418,-3.500000000000031e-05,0.00022199999999999998,-2.0999999999993246e-05
38277,-0.0066,0.004046999999999999,-0.069842,0.0001330000000000003,0.00021300000000000052,-0.00012099999999999611
39437,-0.011588,0.012301,-0.065038,3.399999999999931e-05,0.00011900000000000105,0.00022400000000000198
35327,0.007957,-0.0026469999999999996,-0.068448,0.00016199999999999895,0.00023199999999999957,-0.00037299999999999833
39198,-0.006981,-0.008977,-0.06959,4.399999999999977e-05,9.10000000000008e-05,-0.00016499999999999848
38876,-0.0012569999999999999,0.012358000000000001,-0.064982,1.599999999999974e-05,0.0001839999999999984,7.599999999999274e-05
39405,0.003368,-0.002898,-0.06854600000000001,0.00023700000000000023,0.00013699999999999997,-0.0002309999999999951
38858,-0.010230000000000001,0.007726,-0.064523,-8.99999999999998e-05,0.0003709999999999998,-2.9000000000015125e-05
38435,-0.013412,-0.0014299999999999998,-0.065474,6.399999999999982e-05,0.00027399999999999994,-0.0004679999999999823
38065,0.0011790000000000001,0.000215,-0.062594,0.00024799999999999996,0.00013399999999999998,-0.00014999999999999736
39380,0.012278,-0.006173,-0.06529,0.00019099999999999846,0.00019499999999999986,0.0
37517,0.01692,0.004403,-0.06515699999999999,1.4999999999997654e-05,0.00014800000000000056,-1.3000000000013001e-05
39360,0.002011,-0.012088,-0.075477,0.00017700000000000007,8.5e-05,1.8000000000004124e-05
38898,0.009396000000000002,0.009972,-0.07017799999999999,-3.600000000000131e-05,-7.199999999999915e-05,-0.0002630000000000132
24195,-0.003476,0.000969,-0.070823,6.900000000000005e-05,0.00034500000000000004,-7.000000000007001e-06
31679,0.004911,-0.010471,-0.069821,0.0001730000000000004,5.899999999999829e-05,-0.00027200000000000835
39092,0.003077,0.009056,-0.068336,8.5e-05,0.00010300000000000066,5.1999999999982616e-05
38674,-0.004985000000000001,-0.003281,-0.06988599999999999,0.0003030000000000003,0.00021900000000000044,-0.00022200000000001385
31513,0.011703,0.007435,-0.07043899999999999,-4.2999999999999636e-05,-0.00018699999999999967,-0.00014800000000000924
37707,-0.003372,-0.005876,-0.069225,0.00015499999999999976,0.00023700000000000023,5.4999999999999494e-05
35221,0.004867,-0.000453,-0.070039,0.00011200000000000012,0.000141,-0.0001820000000000016
37458,-0.009574,0.001667,-0.06661,0.00017299999999999954,0.00038199999999999996,-0.0002979999999999927
39241,0.010493,-0.011933,-0.070566,3.099999999999804e-05,8.79999999999978e-05,8.400000000000074e-05
39345,-0.000527,-0.012535000000000001,-0.063387,0.00013099999999999999,0.0001270000000000021,7.200000000000262e-05
38805,-0.007358,-0.001629,-0.068733,0.00011999999999999945,0.00017,-0.00015099999999999836
36822,-0.013865,0.008926,-0.068607,6.000000000000796e-06,0.00022199999999999998,-5.2999999999997494e-05
38583,-0.00364,-0.010775,-0.064481,0.0001020000000000001,6.699999999999935e-05,-1.2999999999999123e-05
36836,0.005101,0.00662,-0.06357399999999999,-6.999999999999194e-06,0.00026599999999999974,-4.100000000001325e-05
35675,0.016564,0.00019,-0.067717,-3.399999999999931e-05,8.400000000000004e-05,-4.600000000000437e-05
37970,-0.012989,-0.0027440000000000003,-0.071532,-3.099999999999978e-05,0.00017500000000000024,-0.00020700000000001273
30741,-0.010044,0.011721,-0.070764,8.000000000000021e-05,0.0001549999999999989,-7.500000000000562e-05
39227,-0.009925000000000002,-0.000483,-0.066566,0.00016000000000000042,0.000312,-0.00026599999999998847
34791,0.0005610000000000001,0.009224999999999999,-0.063586,3.199999999999991e-05,0.00015800000000000015,0.0001310000000000061
35892,0.010595,0.010406,-0.068788,0.00021200000000000038,-0.00012099999999999958,-9.799999999998699e-05
34762,0.012035,0.009517,-0.06865,1.4999999999999389e-05,-0.00021200000000000038,-0.00015899999999999248
36346,0.004029,0.0066289999999999995,-0.06403700000000001,-2.499999999999985e-05,0.0002600000000000007,-0.00011899999999999411
38595,0.002682,0.0027170000000000002,-0.064386,8.000000000000021e-05,0.00016199999999999982,-0.0001300000000000051
38071,0.009994999999999999,0.004477999999999999,-0.07112399999999999,0.00018500000000000114,0.00017200000000000115,-0.00022300000000000098
39295,-0.014332000000000001,-0.009865,-0.06901900000000001,0.00011000000000000072,-6.000000000000796e-06,-0.00022999999999998022
38884,0.010691,0.0061660000000000005,-0.062724,8.799999999999954e-05,0.0002230000000000001,-3.100000000000325e-05
38584,-0.00477,0.002199,-0.074125,0.0001380000000000001,0.0002230000000000001,-8.600000000000274e-05
33849,0.00165,0.007966,-0.07184499999999999,-2.0000000000000052e-05,0.0002559999999999993,4.999999999991123e-06
38933,-0.006730000000000001,-0.008734,-0.063314,0.00019800000000000113,0.00010800000000000046,-9.100000000000774e-05
38641,0.007055,-0.0014810000000000001,-0.060196,8.80000000000004e-05,0.000165,-5.100000000000243e-05
38702,0.0053609999999999994,0.001246,-0.061374000000000005,0.00025600000000000015,0.00026400000000000013,1.2000000000005062e-05
38286,0.007,0.012606,-0.06965,-0.0002310000000000003,2.000000000002e-06,-0.0001840000000000036
38905,-0.001898,0.005802,-0.068581,0.00010399999999999993,0.00027199999999999967,-0.0001280000000000031
38496,-0.002639,0.011015,-0.068649,3.899999999999997e-05,0.00019799999999999852,6.40000000000085e-05
38879,-0.0008900000000000001,-0.011776,-0.065126,0.0002630000000000001,-3.999999999998796e-06,-5.6000000000000494e-05
38667,0.008898,-0.0015609999999999999,-0.059268999999999995,-9.99999999999994e-05,0.00025699999999999985,-5.900000000001043e-05
39140,0.011295999999999999,-0.00174,-0.06381,6.399999999999982e-05,0.000255,-3.099999999998937e-05
31057,0.0032280000000000004,0.0053890000000000006,-0.066653,5.299999999999966e-05,8.799999999999954e-05,-0.0001679999999999876
32953,0.0008990000000000001,-0.004767,-0.069162,0.000258,0.00018000000000000047,-0.0001229999999999981
39226,0.010003999999999999,-0.012851000000000001,-0.06698699999999999,0.00010899999999999972,0.00011400000000000125,-0.00016400000000001136
38974,0.012295,0.011067,-0.065265,0.0002249999999999995,-8.99999999999998e-05,0.00011600000000000499
39220,-0.008626,-0.007654,-0.075084,0.00011099999999999999,0.00010600000000000019,-0.00014999999999999736
37679,-0.008487,0.012126,-0.076225,-3.0000000000000512e-05,0.0001250000000000001,-4.499999999998949e-05
38957,-0.015949,0.007158,-0.074818,-0.00011499999999999705,-2.5000000000000716e-05,0.00011499999999999011
38696,0.011071,0.001408,-0.061484000000000004,0.00010600000000000019,0.0002719999999999999,-6.799999999999862e-05
38946,0.007006999999999999,-0.011894,-0.061960999999999995,0.000255,3.799999999999984e-05,-0.00019300000000000567
37636,0.018793,-0.007176999999999999,-0.069411,9.10000000000008e-05,0.0001269999999999995,-8.900000000000574e-05
38851,-0.014625,-0.004385,-0.07074899999999999,0.0002980000000000014,0.00022900000000000004,9.599999999998499e-05
37359,-0.002685,0.002985,-0.069294,0.00011900000000000018,0.0003330000000000004,-1.9000000000005124e-05
38857,-0.009994999999999999,-0.012320000000000001,-0.06866599999999999,0.00014099999999999877,-2.9999999999998778e-05,-0.00015000000000001124
35033,-0.010137,0.005768,-0.062597,-8.099999999999948e-05,0.00028300000000000027,-1.000000000001e-06
38454,-0.004677,0.006881,-0.063244,-0.00017100000000000014,0.0002859999999999998,0.00013699999999999823
38670,-0.013179999999999999,0.000433,-0.06614,-1.8000000000000654e-05,0.000392,-0.0003630000000000022
38087,0.001841,-0.0038450000000000003,-0.06799200000000001,0.00017999999999999982,5.1000000000000264e-05,-8.199999999998486e-05
35631,0.012877000000000001,0.008576,-0.067838,0.00010499999999999746,2.999999999999531e-06,-2.6000000000012125e-05
37107,-0.003178,-0.010773999999999999,-0.06852599999999999,0.00016400000000000008,0.0001510000000000001,-0.00022300000000000098
35981,0.002854,-0.010435,-0.075892,2.5999999999999548e-05,5.9000000000000025e-05,-0.00026900000000000535
38679,-0.004556,0.002686,-0.072812,0.0001559999999999999,0.0002800000000000003,-6.799999999999862e-05
31428,-0.006656,-0.000301,-0.075507,8.099999999999948e-05,0.000183,-0.00015299999999998648
39343,0.012639,0.006965,-0.066072,0.00013799999999999923,8.900000000000054e-05,-0.00020399999999999585
29525,0.008644,0.002458,-0.066824,1.5999999999998654e-05,0.0003979999999999999,-5.800000000001637e-05
35963,-0.004612,-0.003947,-0.067126,0.00014099999999999963,8.300000000000017e-05,-0.0003620000000000012
38955,-0.012804,-0.007744,-0.068211,8.599999999999927e-05,0.00011400000000000039,-0.00022600000000000398
39318,-0.006695,-0.011957,-0.06544499999999999,0.00019000000000000093,5.500000000000123e-05,-0.00011400000000000299
30829,0.0020710000000000004,-0.005564,-0.067016,0.00018699999999999967,0.00016700000000000048,-0.0002249999999999891
38967,0.004057000000000001,-0.004216999999999999,-0.062516,0.00020399999999999932,-1.700000000000052e-05,-0.0002469999999999972
38291,0.009042999999999999,0.006617,-0.061289,6.399999999999982e-05,0.0002580000000000004,-0.0001389999999999933
36929,-0.010374000000000001,0.000308,-0.061384,-3.8999999999999105e-05,0.000187,-0.00018900000000000167
27546,-0.000616,0.012157999999999999,-0.065781,4.500000000000001e-05,0.00024400000000000116,6.70000000000115e-05
37522,-0.01246,-0.006187000000000001,-0.073002,6.600000000000009e-05,8.200000000000048e-05,-0.0002940000000000026
38028,-0.0005639999999999999,0.006692,-0.069273,5.8999999999999916e-05,0.0003129999999999999,-4.600000000000437e-05
35039,-0.003921,0.010098000000000001,-0.062023,-7.000000000000062e-06,0.0001499999999999991,0.000341000000000001
38311,-0.010842000000000001,-0.003549,-0.072514,9.70000000000016e-05,0.0002890000000000002,-8.299999999999974e-05
39309,0.00431,0.008091,-0.076246,2.8000000000000247e-05,0.00012700000000000038,-0.0001820000000000016
38608,0.008064,-0.008422,-0.069578,4.200000000000037e-05,9.60000000000006e-05,-0.00021999999999999797
39311,0.010043,-0.005902999999999999,-0.070838,5.800000000000076e-05,-2.1000000000001053e-05,-0.0001850000000000046
36186,-0.001155,0.011628,-0.062457,-4.3999999999999985e-05,0.00023500000000000083,4.900000000000043e-05
39413,-0.008164999999999999,0.000256,-0.062781,-8.7000000000002e-05,9.400000000000001e-05,-0.00020699999999999885
37122,-0.003601,0.006885,-0.06444,-5.9000000000000025e-05,0.0002440000000000003,9.199999999999486e-05
39108,0.005601,-0.013339,-0.06254699999999999,0.00011399999999999952,6.000000000000796e-06,-6.80000000000125e-05
38710,0.007777999999999999,-0.011132,-0.06357,0.0002340000000000007,-3.500000000000031e-05,-0.0002339999999999981
38610,0.005851,0.008471,-0.063742,-1.000000000001e-06,0.0001799999999999996,-5.200000000001037e-05
39187,0.015562,0.005346,-0.07148499999999999,0.00017500000000000154,8.600000000000014e-05,-5.200000000001037e-05
38958,0.007985,0.000627,-0.07327299999999999,0.00021299999999999965,0.00019899999999999996,-0.00027400000000001035
39490,0.012743,0.006001,-0.063624,8.99999999999998e-05,0.000281,-0.00019900000000000473
39350,0.012286,0.002422,-0.063805,5.199999999999996e-05,0.0003349999999999998,-0.0001789999999999986
38871,-0.014013,0.012205,-0.06893899999999999,-0.0001510000000000001,0.00023799999999999863,-2.6000000000012125e-05
37830,-0.00783,0.0018759999999999998,-0.06356,-3.8999999999999105e-05,0.00013000000000000012,-5.3999999999998494e-05
39243,0.0036019999999999997,0.008387,-0.062946,-0.0001269999999999995,0.0002149999999999999,0.00010899999999999799
38279,0.0006,0.0023740000000000002,-0.074333,2.600000000000009e-05,0.00019099999999999976,-0.00015999999999999348
38638,-0.010734,0.003321,-0.07273099999999999,1.600000000000039e-05,0.0002950000000000001,-0.00017500000000002236
30892,0.000691,0.008738,-0.069324,5.299999999999999e-05,0.00020899999999999912,-1.000000000001e-06
38711,-0.012754,0.002097,-0.07732699999999999,6.199999999999956e-05,0.0002400000000000002,1.3999999999986246e-05
39269,0.012147,-0.011682,-0.07140600000000001,0.00016199999999999895,2.8999999999999512e-05,6.1000000000005494e-05
35340,-0.014874,0.010002,-0.068805,-0.00011099999999999999,0.00010099999999999866,3.100000000000325e-05
37113,-0.003973,-0.0078060000000000004,-0.06743099999999999,0.0001259999999999998,-9.000000000000327e-06,-0.0002600000000000102
38943,0.006542,0.005473,-0.07224,0.00017299999999999954,0.0002599999999999998,-0.00010699999999999599
33868,0.0057220000000000005,-0.008409000000000002,-0.06967100000000001,0.00010799999999999959,0.00014600000000000203,-0.00030099999999998184
39045,-0.012944,0.003686,-0.07550499999999999,7.200000000000088e-05,0.00011399999999999995,-0.00014300000000000423
37702,0.0014990000000000001,-0.012716,-0.068414,0.00016299999999999973,4.800000000000117e-05,-3.199999999999037e-05
39351,0.014477,0.011056,-0.068595,3.500000000000031e-05,-4.900000000000043e-05,-0.00014000000000000123
35928,-0.014043,0.00069,-0.075447,7.000000000000062e-06,0.00015800000000000005,-4.599999999999049e-05
38396,-0.013336,0.011869999999999999,-0.072112,2.0000000000002655e-06,9.300000000000107e-05,4.599999999999049e-05
34200,0.007895,-0.001317,-0.071917,8.000000000000021e-05,0.0002760000000000002,-0.00038700000000001233
37542,-0.005154,0.010897,-0.074586,-5.6000000000000494e-05,0.0001489999999999981,-0.00011300000000000199
38383,-9.2e-05,0.009529999999999999,-0.058442999999999995,7e-05,0.00018100000000000234,-2.6000000000005186e-05
39069,0.012006000000000001,-0.0019219999999999999,-0.06316,4.1999999999998636e-05,0.00026599999999999996,8.099999999999774e-05
31794,0.00583,-0.001972,-0.074475,0.00011200000000000012,0.0002049999999999999,-0.00012199999999999711
37996,-0.004497,0.011706,-0.074207,-5.5999999999999626e-05,0.00012100000000000131,-5.099999999999549e-05
37766,-0.005902999999999999,0.008872999999999999,-0.07568000000000001,9.6999999999999e-05,6.500000000000082e-05,-4.7999999999978615e-05
38987,0.011685000000000001,-0.007594999999999999,-0.065702,0.00017900000000000034,9.099999999999994e-05,-0.0002570000000000072
38239,0.013365,-0.011288,-0.076363,5.199999999999996e-05,-0.00010500000000000093,3.499999999999337e-05
28873,-0.0054210000000000005,-0.000258,-0.07007899999999999,4.7000000000001034e-05,0.000244,-6.40000000000085e-05
36721,-0.007389000000000001,0.004745,-0.07010899999999999,0.0001460000000000003,0.0002379999999999995,-7.500000000000562e-05
38390,-0.000153,-0.011989000000000001,-0.0654,0.000129,5.10000000000007e-05,-9.800000000000086e-05
38241,0.005679999999999999,0.011093,-0.067964,-5.5999999999999626e-05,0.00016399999999999922,4.999999999991123e-06
38307,-0.008259,0.006296,-0.061111,-9.099999999999907e-05,0.00013599999999999984,-0.00010000000000000286
38606,-0.007802,-0.001526,-0.07498,0.00011999999999999945,0.000183,-0.00013199999999999323
37543,0.016952000000000002,0.010442,-0.071992,0.0001439999999999983,0.00017700000000000007,-0.00011200000000000099
37399,0.013521,-0.008621,-0.06859900000000001,7.099999999999988e-05,9.10000000000008e-05,-8.899999999999186e-05
36709,-0.006848,0.007667,-0.075658,4.0000000000000105e-05,0.00016199999999999895,4.500000000000337e-05
39218,-0.00461,-0.010446,-0.071904,0.00014899999999999983,0.00016300000000000169,-8.700000000000374e-05
35306,-0.0013360000000000002,0.012022,-0.06754500000000001,-4.599999999999982e-05,0.00018099999999999887,5.500000000001337e-05
29125,0.0070339999999999995,0.008361,-0.065356,7.000000000000062e-05,0.0001310000000000009,2.000000000002e-06
38883,-0.005386999999999999,0.002975,-0.063502,-1.5000000000001124e-05,0.00020699999999999972,-8.299999999999974e-05
39279,-0.00738,0.0026,-0.061634999999999995,-1.6999999999999654e-05,0.00017199999999999984,-4.700000000000537e-05
35037,0.0060220000000000004,0.001789,-0.071955,0.0001559999999999999,0.00017600000000000016,-0.00022500000000000298
38875,0.0011339999999999998,-0.004666,-0.06614300000000001,0.00018900000000000015,0.0002600000000000007,-0.00019399999999999973
38966,0.002815,-0.008078,-0.06625199999999999,0.0003480000000000002,5.999999999999929e-05,-0.0003770000000000162
38575,0.00941,-0.002036,-0.062548,9.299999999999933e-05,0.00018199999999999987,-7.599999999999274e-05
39222,-0.015307000000000001,-0.009649,-0.070964,5.900000000000176e-05,3.0000000000000512e-05,-0.00032100000000000184
25160,-0.003314,0.004313,-0.07305800000000001,0.000134,0.0002700000000000003,-7.999999999999674e-05
23520,-0.006253,0.007477,-0.07225,7.099999999999988e-05,0.0002379999999999995,-2.7000000000013125e-05
38878,0.016113,0.003959,-0.072243,-7.799999999999821e-05,-4.0000000000000105e-05,-9.499999999999786e-05
32616,-0.013399,0.011438,-0.073066,4.900000000000043e-05,0.0001239999999999991,0.00012000000000000899
38636,-0.007373,-0.005428,-0.067677,0.00025400000000000075,0.00016299999999999995,-0.0003449999999999981
38886,-0.015688,0.009283,-0.073389,1.5999999999998654e-05,-9.699999999999986e-05,9.800000000000086e-05
37985,-0.009975,-0.003064,-0.072948,8.900000000000054e-05,0.0002549999999999996,-9.599999999999886e-05
38411,0.012208,-0.009433,-0.06514400000000001,7.900000000000094e-05,0.00013200000000000017,-0.00021100000000000285
38579,2.7e-05,0.00123,-0.064021,0.000106,0.00011000000000000007,-8.000000000001062e-05
38022,0.009843999999999999,0.00526,-0.072115,0.00015500000000000236,0.00013699999999999997,-0.0002570000000000072
36240,-0.0037440000000000004,0.002575,-0.06943300000000001,0.00013100000000000047,0.000255,-6.399999999999462e-05
38728,-0.007006999999999999,0.008868000000000001,-0.06815,5.4999999999999494e-05,9.900000000000013e-05,0.00015900000000000636
38306,0.009518,0.007051999999999999,-0.06647499999999999,0.00015800000000000015,0.00014200000000000063,-5.500000000001337e-05
35427,-0.000716,-0.010097,-0.06704600000000001,0.00018099999999999995,7.599999999999968e-05,-0.00015499999999998848
35917,0.011689999999999999,0.000399,-0.072101,1.8000000000000654e-05,3.400000000000001e-05,-7.800000000000862e-05
37645,0.012944,-0.0020150000000000003,-0.072298,7.000000000000062e-06,0.00015400000000000027,4.800000000000637e-05
36752,0.014,-0.004779,-0.064797,6.100000000000029e-05,0.0001860000000000004,8.400000000000074e-05
30120,0.006896,-0.000997,-0.07201,8.69999999999994e-05,0.00024800000000000007,-0.0002530000000000032
36265,-0.011635999999999999,0.005695,-0.0726,8.89999999999988e-05,0.0002219999999999991,-6.299999999999362e-05
34264,-0.000133,-0.003246,-0.067423,9.8e-05,8.200000000000004e-05,-0.0002410000000000051
26185,-0.01261,0.004061,-0.06843,0.00016199999999999895,0.00025299999999999975,-2.999999999998837e-05
34432,0.003966,0.011078,-0.068976,-7.799999999999994e-05,0.00020000000000000052,3.199999999999037e-05
32284,0.005574,0.010661,-0.07303100000000001,-5.3000000000000096e-05,9.99999999999994e-05,-0.0001250000000000001
38866,-0.004018,0.007794,-0.068001,5.799999999999989e-05,0.00018200000000000074,6.30000000000075e-05
38881,0.011891,-0.008516,-0.066213,0.00015799999999999842,5.699999999999976e-05,-3.200000000000425e-05
38577,-8.8e-05,-0.012157,-0.067786,0.00013099999999999999,0.0001389999999999985,4.999999999991123e-06
33845,-0.007862000000000001,0.009991,-0.066615,-1.899999999999992e-05,0.00016500000000000022,6.899999999998574e-05
33626,-0.0030110000000000002,0.008806,-0.063549,3.0000000000000512e-05,0.00019900000000000126,0.0002929999999999877
38961,0.002395,-0.00609,-0.076694,5.3999999999999795e-05,8.69999999999994e-05,5.099999999999549e-05
39282,-0.014688000000000001,-0.009622,-0.076094,5.800000000000076e-05,0.00011100000000000172,-0.00014700000000000824
37121,-0.002951,0.007719999999999999,-0.07587,9.100000000000037e-05,0.00014300000000000077,-5.7999999999988616e-05
35891,-0.01333,0.01119,-0.068232,-0.0001310000000000009,0.0003169999999999996,-0.00017400000000000748
38945,-0.0016799999999999999,-0.004355,-0.06221,0.00026099999999999973,0.00012100000000000045,-0.0005440000000000028
37807,-0.013018,-0.00846,-0.06639400000000001,4.60000000000009e-05,3.900000000000084e-05,-0.0003559999999999952
39283,0.011405,0.013054,-0.067565,7.399999999999941e-05,-0.00036299999999999874,-1.9000000000005124e-05
38862,0.000434,-0.009628,-0.066096,0.00020600000000000007,0.00014799999999999883,-5.7000000000001494e-05
20570,0.012046,-0.00653,-0.065908,8.800000000000127e-05,0.00016400000000000095,2.1999999999994246e-05
36557,0.004207,0.006273,-0.066688,6.899999999999962e-05,0.00011399999999999952,-0.0001310000000000061
39056,-0.013077,0.002834,-0.067238,2.8000000000000247e-05,0.0003219999999999998,-0.0002920000000000006
28625,0.004283,0.007561,-0.070978,7.200000000000002e-05,0.00030299999999999945,-4.799999999999249e-05
38868,0.016107,0.008019,-0.068218,0.0001999999999999988,0.00017799999999999934,-0.00013699999999999823
34496,-0.000308,0.009366,-0.068828,7.000000000000002e-05,0.00015900000000000115,1.000000000001e-06
38002,0.007634,-0.010346,-0.066914,-4.000000000000531e-06,3.799999999999984e-05,-0.0002980000000000066
31743,0.0051909999999999994,-0.003418,-0.072729,0.00017200000000000115,0.00017,-0.00017700000000001048
39200,0.014076,0.002947,-0.067634,0.00012800000000000138,0.000196,-0.00011300000000000199
30836,0.016111999999999998,0.008135,-0.071574,0.00017000000000000348,0.00019899999999999952,-0.00021600000000000785
35920,-0.00028000000000000003,-0.010689,-0.071134,0.00021300000000000003,6.399999999999982e-05,-0.00017100000000000448
39229,-0.0119,-0.006547,-0.065337,9.500000000000133e-05,8.899999999999967e-05,-2.899999999998737e-05
27607,-0.009377,0.011994999999999999,-0.07081699999999999,7.599999999999968e-05,0.00011700000000000078,-3.899999999999737e-05
35621,0.012444,0.005853,-0.070098,0.00018300000000000087,6.399999999999982e-05,-0.00019600000000000173
32643,0.012506999999999999,-0.000446,-0.065197,4.800000000000117e-05,0.000181,-9.999999999982245e-06
37891,0.015506,-0.003577,-0.063139,0.0001860000000000004,0.00014899999999999983,-0.00011300000000000199
38375,0.01124,-0.004607999999999999,-0.067814,0.000196,0.00016599999999999948,-0.00017800000000001148
31968,0.002771,0.005437,-0.06953100000000001,5.8000000000000326e-05,0.0002230000000000001,1.7000000000017e-05
37779,-0.01385,0.009414,-0.073325,5.400000000000023e-05,3.999999999998796e-06,5.8999999999989616e-05
31369,0.009542,-0.005181,-0.069869,0.00015300000000000036,0.00012000000000000031,-0.00031899999999999984
38027,-0.015984,-0.008688000000000001,-0.074266,4.100000000000284e-05,0.0001420000000000015,-1.4000000000000123e-05
36602,-0.001264,0.003983,-0.073828,8.599999999999992e-05,0.00013099999999999917,-4.999999999991123e-06
35681,-0.006278,-0.000994,-0.06924,0.000183,0.00013000000000000012,-0.0002370000000000011
36830,0.0054139999999999995,0.009054,-0.074286,-0.0001299999999999999,0.0001760000000000008,-0.00014400000000000523
38378,-0.005659,-0.010954,-0.065994,0.00016699999999999961,0.00010000000000000113,-0.00021100000000000285
38294,-0.014301999999999999,0.003873,-0.069002,5.999999999999062e-06,0.00022100000000000028,-7.699999999999374e-05
39071,-0.010176000000000001,0.006499,-0.062751,-0.00010999999999999899,0.00025100000000000035,2.0000000000006124e-05
37678,-0.008901,0.006955,-0.07435699999999999,7.300000000000015e-05,0.00010299999999999979,-8.299999999999974e-05
24806,-0.004553,0.003613,-0.07145,0.00014700000000000043,0.00020300000000000006,-9.099999999999386e-05
39219,-0.0054340000000000005,0.007042,-0.063564,-3.8999999999999105e-05,0.00025900000000000055,4.899999999999349e-05
38360,-0.00016800000000000002,-0.011233,-0.06540699999999999,0.00022200000000000003,9.200000000000007e-05,4.999999999991123e-06
34733,-0.004575999999999999,0.010997,-0.064072,4.5999999999999167e-05,0.0002570000000000003,0.0002909999999999996
36343,-0.00894,0.008587,-0.07528,2.000000000000092e-05,0.0001920000000000012,3.700000000000925e-05
39210,-0.002235,-0.004369,-0.061709,0.00020700000000000015,0.00019099999999999933,-0.0004959999999999964
36785,-1.4999999999999999e-05,-0.010313000000000001,-0.065349,0.000174,3.7000000000000574e-05,-9.800000000000086e-05
33562,-0.000527,0.003121,-0.065984,3.9000000000000026e-05,0.00018299999999999957,-0.00010499999999999399
36008,0.002895,0.000243,-0.070295,0.00015799999999999972,0.00025499999999999996,-0.00011600000000000499
32995,-0.009252,0.003032,-0.073235,9.000000000000327e-06,0.0002980000000000001,-4.900000000000737e-05
39221,0.012659,-0.004405,-0.066855,0.0001789999999999986,2.8999999999999512e-05,1.000000000001e-06
34527,0.00563,-0.011984999999999999,-0.068008,6.100000000000029e-05,4.0999999999997636e-05,-0.00027099999999999347
36253,-0.008205,-0.012384000000000001,-0.067819,0.00013400000000000044,3.200000000000078e-05,-0.00015500000000000236
16139,0.001313,0.010939,-0.06740600000000001,3.300000000000026e-05,0.00013199999999999844,0.00010500000000000786
38058,0.004974,0.004923,-0.07354000000000001,0.0001380000000000001,0.00024999999999999935,-9.699999999998599e-05
38331,0.012487,-0.008287000000000001,-0.064568,0.00015199999999999936,0.000171000000000001,-0.00013699999999999823
34940,-0.010017,-0.001351,-0.07293899999999999,1.899999999999992e-05,0.0002720000000000001,-0.000124000000000013
35901,0.007831000000000001,-0.0017490000000000001,-0.069816,4.79999999999977e-05,0.0002990000000000002,-0.0004059999999999897
36482,0.012574,-0.001868,-0.068488,-7.399999999999941e-05,0.0001200000000000001,7.799999999999474e-05
30409,0.011118000000000001,-0.005109,-0.0699,0.00016499999999999848,8.299999999999974e-05,-0.00022500000000000298
33852,0.009533,-0.002405,-0.071112,4.60000000000009e-05,0.00014900000000000026,-0.00021300000000000485
35929,0.017353999999999998,-0.005954,-0.069642,0.00010600000000000193,0.00012299999999999985,3.9999999999901226e-06
39197,0.005386999999999999,-0.011018,-0.071991,0.00023000000000000017,8.200000000000048e-05,-0.00037099999999999633
38861,0.002236,0.000428,-0.07327800000000001,0.00010599999999999976,0.00017299999999999998,-0.00018499999999999073
39008,-0.013359999999999999,0.012516999999999999,-0.066,-1.3000000000000858e-05,0.00012100000000000131,0.0001840000000000036
37603,0.0036070000000000004,0.010199,-0.071615,-6.000000000000016e-05,0.0002680000000000009,-2.9000000000001247e-05
32309,0.004835,-0.008779,-0.066902,0.00024600000000000056,0.00015600000000000162,-0.0001229999999999981
33245,0.008777,0.001673,-0.071122,0.00020600000000000132,7.799999999999994e-05,-0.00019799999999998985
36181,-0.001641,0.010166999999999999,-0.066095,3.300000000000004e-05,0.00028000000000000073,0.0001260000000000011
39251,0.0037099999999999998,0.005879,-0.07643000000000001,4.6000000000000034e-05,0.00027300000000000067,-1.8999999999991246e-05
38319,0.014693,0.009047000000000001,-0.07136400000000001,7.600000000000141e-05,-8.99999999999998e-05,-0.0002939999999999887
35693,0.009956,-0.004248,-0.067762,0.00017299999999999954,0.0001749999999999998,-0.00019899999999999085
38297,-0.007637,-0.0057009999999999995,-0.074707,0.00014399999999999916,0.00027699999999999947,-7.400000000000462e-05
25418,0.001567,0.011783,-0.06539199999999999,1.500000000000004e-05,0.00013199999999999844,0.00012599999999998723
39206,0.0032519999999999997,-0.009295999999999999,-0.06429900000000001,0.00014100000000000007,6.199999999999956e-05,-0.00012999999999999123
36498,0.014148999999999998,0.00984,-0.067914,7.300000000000188e-05,5.6000000000000494e-05,-0.00015500000000000236
38414,-0.013032,-0.004631000000000001,-0.074362,-6.699999999999935e-05,0.0002630000000000002,-3.599999999999437e-05
37698,0.008499000000000001,0.0077,-0.064224,6.899999999999788e-05,0.00017799999999999934,-4.999999999999449e-05
34035,0.009909000000000001,-0.008209,-0.07006699999999999,4.799999999999943e-05,7.899999999999921e-05,-5.500000000001337e-05
38691,-0.004197,-0.000958,-0.06731000000000001,0.0001990000000000004,0.000254,-9.599999999999886e-05
26013,-0.009767,0.00148,-0.072202,1.4999999999999389e-05,0.00015399999999999984,-0.0001799999999999996
38054,-0.011753999999999999,0.006017000000000001,-0.071013,-2.2000000000001185e-05,0.00024399999999999943,0.00010800000000001087
37683,-0.007429,0.001423,-0.06799200000000001,9.200000000000007e-05,0.0003290000000000001,-0.00020099999999999285
38280,0.00738,0.005278,-0.06626900000000001,5.4999999999999494e-05,0.0002669999999999999,-0.00018599999999999173
38571,0.005056,-0.007256,-0.071284,0.00014500000000000016,0.00019700000000000013,-0.0003150000000000097
37500,0.015815,-0.004621,-0.06733700000000001,0.00015100000000000183,2.7000000000000114e-05,3.200000000000425e-05
37741,0.003973,0.0012629999999999998,-0.06462000000000001,9.400000000000033e-05,8.800000000000019e-05,-5.3999999999998494e-05
35939,0.005125,0.001932,-0.07098099999999999,0.00010200000000000053,0.00020699999999999994,-0.0002490000000000131
34231,0.0067599999999999995,-0.003666,-0.069615,0.0001590000000000003,0.00023900000000000006,-0.0002980000000000066
25194,-0.001381,0.010343999999999999,-0.068591,0.00010600000000000019,0.00023300000000000057,3.299999999999137e-05
31974,0.00903,0.007004,-0.06859699999999999,0.0001250000000000001,0.00013200000000000017,-7.900000000000962e-05
39456,-0.008837999999999999,-0.006863,-0.066423,0.00015599999999999815,0.00017500000000000068,-0.00012000000000000899
39474,-0.002828,-0.012830999999999999,-0.06834699999999999,0.00013699999999999997,9.299999999999933e-05,-0.00017800000000001148
34250,-0.003441,0.006625,-0.061957,1.4000000000000123e-05,0.00026900000000000014,2.6999999999999247e-05
36320,0.001914,0.005176999999999999,-0.061574,8.699999999999984e-05,0.00022800000000000077,7.000000000000062e-05
37391,0.000258,-0.011705,-0.068282,0.00014700000000000005,8.200000000000048e-05,-5.500000000001337e-05
38852,0.007046,0.00994,-0.070008,-8.80000000000004e-05,2.5000000000000716e-05,-4.500000000000337e-05
38870,-0.003595,0.0047009999999999994,-0.062138,-3.099999999999978e-05,0.00025900000000000055,-2.3000000000002185e-05
35938,0.005208,0.0011330000000000001,-0.071711,0.00013699999999999997,0.00017999999999999982,-0.00023300000000001098
31131,0.008715,0.005198,-0.06897700000000001,0.00015300000000000036,0.0001559999999999999,-0.00013399999999999523
37360,0.00467,0.001833,-0.062386000000000004,0.00018200000000000074,0.00014800000000000013,-7.299999999999668e-05
36510,-0.012648999999999999,0.007582,-0.07282899999999999,1.4999999999997654e-05,6.299999999999969e-05,-0.0001260000000000011
37157,-0.010093999999999999,-0.00868,-0.068118,5.599999999999876e-05,6.199999999999956e-05,-0.00011700000000000599
37364,-0.002597,0.003542,-0.062917,5.999999999999929e-06,0.00014899999999999983,-6.399999999999462e-05
37980,0.000718,0.006386,-0.06332600000000001,2.9999999999999645e-06,0.00014099999999999963,-5.5999999999986616e-05
36005,0.0070940000000000005,-0.010846999999999999,-0.067914,5.099999999999896e-05,0.00010399999999999819,-0.00037299999999999833
32320,0.009056,0.005441,-0.066266,0.00014800000000000056,0.0001860000000000004,-9.999999999998899e-05
39207,-0.003557,-0.01253,-0.072525,0.0001709999999999997,0.00012799999999999964,-4.799999999999249e-05
38346,0.0011979999999999998,0.004423,-0.076559,5.5000000000000144e-05,0.00020800000000000072,3.0000000000030003e-06
38324,-0.001201,0.007371000000000001,-0.06475,-1.0000000000000026e-05,0.00019899999999999952,0.00010899999999999799
22096,-0.010958,0.008324999999999999,-0.071172,9.500000000000133e-05,0.00026299999999999935,3.799999999999637e-05
38683,-0.009195,-0.00707,-0.069665,1.2999999999999123e-05,2.8999999999999512e-05,-0.0001229999999999981
36255,-0.010466,-0.005636,-0.06723,0.00021200000000000038,0.00016700000000000048,-0.00016100000000000836
36245,-0.011418,0.006486,-0.07473600000000001,3.8999999999999105e-05,0.00012000000000000031,-5.2999999999997494e-05
36250,0.009356999999999999,0.011106999999999999,-0.070958,1.000000000001e-06,-0.00010999999999999899,-0.00021200000000000385
29657,0.0018839999999999998,0.005488000000000001,-0.070184,-9.999999999999159e-07,0.00018399999999999927,6.30000000000075e-05
32657,-0.002869,0.007291000000000001,-0.068802,5.999999999999929e-06,0.0002569999999999994,-3.399999999999237e-05
39195,0.001423,0.009407,-0.06637900000000001,3.0999999999999995e-05,0.0001899999999999992,8.200000000001262e-05
35897,0.016263000000000003,-0.004299000000000001,-0.070176,0.0001319999999999967,8.000000000000021e-05,-1.6999999999989246e-05
38440,0.005687,-0.005802,-0.062944,0.0001849999999999994,0.00017599999999999994,-0.0002520000000000022
27255,-0.010688000000000001,0.005927,-0.068301,-4.699999999999843e-05,0.00022500000000000037,1.9000000000005124e-05
34753,-0.015079,0.005993,-0.07275,-2.999999999999531e-06,5.899999999999916e-05,-7.700000000000762e-05
39224,0.009518,0.009199,-0.063675,2.300000000000045e-05,0.00024699999999999896,-3.200000000000425e-05
36426,0.003718,-0.01208,-0.066738,0.00012300000000000028,0.0001020000000000014,-0.00012799999999998923
29467,0.009762,0.00266,-0.07144199999999999,0.00010900000000000146,0.00012200000000000015,-0.000127000000000016
33296,-4e-06,-0.00281,-0.067584,9.7e-05,8.90000000000001e-05,-0.00020699999999998497
36512,0.009515000000000001,-0.002972,-0.069286,9.799999999999913e-05,0.00011899999999999975,-0.00014000000000000123
38869,0.005553,0.011356999999999999,-0.07089,-8.099999999999948e-05,6.000000000000796e-06,-0.00010700000000000986
33298,-0.008724,0.008695999999999999,-0.06957200000000001,0.00011900000000000105,0.000172000000000002,0.00021900000000001085
34139,0.0035169999999999997,-0.0067729999999999995,-0.066985,0.0002540000000000003,0.00021199999999999952,-0.00014799999999999536
39204,-0.008569,-0.008043,-0.06791599999999999,2.9000000000001247e-05,0.0001299999999999999,-0.000123000000000012
29876,-0.00739,0.000878,-0.075317,9.60000000000006e-05,0.00011400000000000006,-0.00010300000000000586
39232,-0.000483,0.006687,-0.06752,0.00010099999999999996,0.0002029999999999992,2.9000000000001247e-05
34746,0.010003999999999999,-0.0007970000000000001,-0.068215,-2.2999999999998716e-05,0.00016400000000000008,-3.300000000000525e-05
38949,-0.015317,-0.006397,-0.07093200000000001,0.00020500000000000032,3.799999999999984e-05,-0.0002819999999999906
37192,-0.001703,-0.010358000000000001,-0.069992,0.00017900000000000012,7.700000000000068e-05,-0.00017300000000000648
39275,-0.005129,-0.001105,-0.062137,-2.0000000000002655e-06,-3.799999999999984e-05,-0.00028600000000000153
33543,-0.006964000000000001,0.006741,-0.06480899999999999,-2.0999999999999318e-05,0.00027700000000000034,7.299999999998974e-05
37397,0.010575,-0.001567,-0.072518,0.00017,0.00012100000000000001,-6.699999999999762e-05
28570,-0.007228,0.011426,-0.06879900000000001,0.0001299999999999999,7.599999999999968e-05,4.000000000001225e-05
39191,0.000224,0.007612,-0.074394,9.600000000000003e-05,0.000294,-5.6000000000000494e-05
36506,0.015358,0.003154,-0.068466,0.00013200000000000017,7.099999999999988e-05,-6.50000000000095e-05
38573,-0.012936999999999999,-0.002332,-0.067338,8.699999999999854e-05,0.00033799999999999976,-0.00028500000000000747
39212,-0.008402,0.004913,-0.068745,7.400000000000115e-05,0.0003370000000000005,5.0000000000050004e-06
38854,-0.004884,0.003766,-0.064273,6.200000000000042e-05,0.00023099999999999987,1.1999999999998123e-05
36266,0.010717,-0.005897,-0.06443,0.000196,0.00025600000000000015,2.9999999999891225e-06
38281,-0.012541,0.0039180000000000005,-0.066656,0.00011099999999999999,0.000266999999999999,8.400000000000074e-05
39196,0.0063360000000000005,0.005755,-0.06363100000000001,-4.000000000000531e-06,0.00018200000000000074,-6.899999999999962e-05
32050,0.004781,-0.011751,-0.068069,3.900000000000084e-05,-2.599999999999998e-05,-0.0001749999999999946
37740,0.001732,-0.008641999999999999,-0.063811,0.0002530000000000002,2.9999999999998778e-05,-0.00024799999999998434
38885,0.00020999999999999998,-0.003456,-0.063004,0.00022,6.199999999999956e-05,-0.0003949999999999926
30446,-0.008576,0.009908,-0.07120399999999999,-1.799999999999892e-05,4.4000000000000636e-05,1.0999999999997123e-05
36494,0.008586,-0.008311,-0.067953,0.00010099999999999866,0.00016200000000000069,-0.00020200000000000773
38872,-0.0023090000000000003,-0.007221,-0.06619799999999999,0.00015200000000000023,4.49999999999999e-05,-0.0002410000000000051
38582,0.009462,-0.002332,-0.064796,0.00011800000000000005,0.00025299999999999975,-0.00011699999999999211
38874,-7.8e-05,-0.009842,-0.068131,0.000184,8.000000000000021e-05,-0.00017200000000000548
37975,-0.004023,0.009927,-0.067908,8.899999999999967e-05,0.00014400000000000003,0.00014999999999999736
35102,-0.008298,-0.007726,-0.067414,0.00012400000000000085,0.0001540000000000005,-0.00013799999999999923
37423,0.0011719999999999999,0.000778,-0.0686,0.00022800000000000012,0.0002689999999999999,-0.00016000000000000736
36723,0.015276,0.0013859999999999999,-0.066941,1.3000000000000858e-05,0.00015700000000000002,-3.899999999999737e-05
36549,0.002421,0.003622,-0.062584,8.200000000000004e-05,0.00020500000000000032,-5.7000000000001494e-05
29830,0.0012490000000000001,0.010411,-0.06961,4.699999999999995e-05,0.00016200000000000069,4.700000000000537e-05
37470,0.003765,0.00267,-0.06670999999999999,8.5e-05,0.0002589999999999997,-3.2000000000018125e-05
35610,-0.00649,-0.0032400000000000003,-0.072949,1.899999999999992e-05,0.00023300000000000013,-5.200000000001037e-05
39404,0.00458,0.00447,-0.06595000000000001,5.6000000000000494e-05,0.00026099999999999995,-6.999999999979245e-06
17102,2e-06,0.007529,-0.068244,3.8e-05,0.00019599999999999913,2.2000000000008124e-05
34728,0.000637,0.008034000000000001,-0.06827599999999999,3.000000000000008e-05,0.00020699999999999885,-5.000000000018878e-06
35113,0.010562,0.001591,-0.066718,6.899999999999962e-05,0.0002980000000000001,-6.90000000000135e-05
39337,0.014747,0.0027719999999999997,-0.06908,0.00022800000000000077,0.00011699999999999992,6.0999999999991616e-05
37358,0.009766,0.00405,-0.06701,5.899999999999829e-05,0.00018899999999999993,-0.00016400000000001136
36082,0.00262,0.000265,-0.063943,7.000000000000018e-05,-6.199999999999999e-05,-0.00014300000000000423
22358,0.008927,0.000126,-0.06879900000000001,7.800000000000168e-05,0.00037199999999999993,-0.00012399999999998523
27266,0.002127,0.0064459999999999995,-0.072494,5.999999999999929e-06,0.00023600000000000097,2.5999999999998247e-05
28193,-0.0010580000000000001,0.005568,-0.071832,0.00011400000000000017,0.0002329999999999997,0.00010599999999999499
37366,0.008869,0.002627,-0.06324199999999999,0.00012099999999999958,0.00032400000000000007,-5.8000000000002494e-05
29483,0.006776,0.004967,-0.06742000000000001,2.499999999999985e-05,0.0002650000000000005,-0.00017399999999997973
32999,0.0016870000000000001,0.007934,-0.067735,1.0999999999999725e-05,0.00020000000000000052,4.000000000001225e-05
38631,0.0035800000000000003,-0.009472,-0.068342,0.00021099999999999982,0.00011500000000000052,-0.00011799999999999311
37988,0.008118,0.004876999999999999,-0.065496,7.700000000000068e-05,0.00030900000000000025,-9.000000000000674e-05
39077,0.0075060000000000005,-0.005781,-0.064504,0.00013799999999999923,0.0002479999999999991,2.2000000000008124e-05
36518,0.012886,-0.0037040000000000003,-0.068768,8.799999999999954e-05,1.1000000000000159e-05,5.1999999999996493e-05
37982,0.006508,-0.001897,-0.065797,0.00035200000000000075,0.0002360000000000001,-0.0003010000000000096
36191,-0.000544,0.005358,-0.06670699999999999,1.699999999999998e-05,0.00014999999999999996,7.699999999999374e-05
34145,0.014215,0.0007019999999999999,-0.068498,-3.0000000000012655e-06,1.7000000000000088e-05,-3.099999999998937e-05
35128,0.012561,0.0006860000000000001,-0.06707099999999999,9.20000000000018e-05,0.00016399999999999987,-1.3000000000013001e-05
37734,0.010142,-0.006123999999999999,-0.06491899999999999,0.0001299999999999999,0.00022299999999999924,-0.00019600000000000173
37969,-0.004014,0.001048,-0.067191,9.900000000000013e-05,0.00021599999999999983,-5.6000000000000494e-05
35618,-0.007485,0.001454,-0.06454,3.0000000000000512e-05,0.00025700000000000007,-0.0001280000000000031
39005,-0.013897999999999999,-0.002126,-0.070514,0.00023399999999999983,0.00019099999999999976,-0.00011800000000000699
15880,-0.0011690000000000001,0.00437,-0.07034,9.00000000000011e-06,0.00021200000000000038,-1.1999999999998123e-05
34833,0.011026,-0.004114,-0.06433799999999999,0.00014800000000000056,0.00023599999999999966,-0.0001880000000000076
38585,0.004595,-0.010558999999999999,-0.066053,0.00027500000000000007,0.00011699999999999905,-0.00014400000000000523
34209,0.003529,0.005144999999999999,-0.069127,9.600000000000017e-05,0.0002530000000000006,2.1999999999994246e-05
33280,0.009788,-0.0014550000000000001,-0.067403,3.500000000000031e-05,0.00022500000000000016,-7.000000000000062e-05
